                27                 8
     1BSE eigenvalue    0.49183268      IP-eigenvalue:    1.53335004
  0.00000  0.00000  0.00000    -6.0785256    -2.3708546     0.0000013     9    11     -0.000000+i*     0.000000
  0.00000  0.00000  0.00000    -4.1241113    -2.3708546     1.1370406    10    11     -0.010533+i*    -0.125898
  0.00000  0.00000  0.00000    -4.1241113     0.4107230     3.5551886    10    12     -0.031669+i*    -0.393749
  0.33333  0.00000  0.00000    -4.5946561    -0.8328566     0.0000874     9    11     -0.000001+i*     0.000010
  0.33333  0.00000  0.00000    -2.8335705    -0.8328566     0.3483136    10    11     -0.038509+i*     0.003859
  0.33333  0.00000  0.00000    -2.8335705     1.9685811     1.9246700    10    12     -0.212786+i*     0.021324
  0.00000  0.33333  0.00000    -5.1496778    -1.5869842     0.0001952     9    11     -0.000001+i*     0.000022
  0.00000  0.33333  0.00000    -3.1203342    -1.5869842     3.1855302    10    11      0.353640+i*     0.014748
  0.00000  0.33333  0.00000    -3.1203342     1.1932086     4.2244124    10    12      0.468970+i*     0.019585
  0.33333  0.33333  0.00000    -4.2052738    -0.0464668     0.0001360     9    11     -0.000000+i*     0.000015
  0.33333  0.33333  0.00000    -2.8912559    -0.0464668     0.0957026    10    11     -0.010449+i*    -0.001971
  0.33333  0.33333  0.00000    -2.8912559     2.6619915     0.9729571    10    12     -0.106232+i*    -0.020042
 -0.33333  0.33333  0.00000    -4.4620760    -0.0451223     0.0000551     9    11      0.000002+i*     0.000006
 -0.33333  0.33333  0.00000    -3.2688503    -0.0451223     0.0777144    10    11     -0.002493+i*     0.008267
 -0.33333  0.33333  0.00000    -3.2688503     2.6226298     0.8685137    10    12      0.026562+i*    -0.092774
 -0.33333  0.00000  0.00000    -4.5946561    -0.8328566     0.0000873     9    11      0.000000+i*    -0.000010
 -0.33333  0.00000  0.00000    -2.8335705    -0.8328566     0.3483381    10    11     -0.037997+i*    -0.007367
 -0.33333  0.00000  0.00000    -2.8335705     1.9685811     1.9248008    10    12     -0.209957+i*    -0.040705
  0.00000 -0.33333  0.00000    -5.1496778    -1.5869842     0.0001951     9    11      0.000001+i*    -0.000022
  0.00000 -0.33333  0.00000    -3.1203342    -1.5869842     3.1854487    10    11      0.353498+i*     0.017667
  0.00000 -0.33333  0.00000    -3.1203342     1.1932086     4.2243035    10    12      0.468783+i*     0.023402
  0.33333 -0.33333  0.00000    -4.4620760    -0.0451223     0.0000580     9    11      0.000003+i*    -0.000006
  0.33333 -0.33333  0.00000    -3.2688503    -0.0451223     0.0776295    10    11     -0.001724+i*    -0.008451
  0.33333 -0.33333  0.00000    -3.2688503     2.6226298     0.8676254    10    12      0.017945+i*     0.094718
 -0.33333 -0.33333  0.00000    -4.2052738    -0.0464668     0.0001359     9    11      0.000001+i*    -0.000015
 -0.33333 -0.33333  0.00000    -2.8912559    -0.0464668     0.0957049    10    11     -0.010586+i*     0.001007
 -0.33333 -0.33333  0.00000    -2.8912559     2.6619915     0.9729811    10    12     -0.107623+i*     0.010239
     2BSE eigenvalue    0.60213209      IP-eigenvalue:    1.53335004
  0.00000  0.00000  0.00000    -6.0785256    -2.3708546     0.0003537     9    11      0.000039+i*     0.000000
  0.00000  0.00000  0.00000    -4.1241113    -2.3708546     0.0000079    10    11     -0.000001+i*     0.000000
  0.00000  0.00000  0.00000    -4.1241113     0.4107230     0.0000043    10    12     -0.000000+i*    -0.000000
  0.33333  0.00000  0.00000    -4.5946561    -0.8328566     0.0000063     9    11     -0.000001+i*    -0.000000
  0.33333  0.00000  0.00000    -2.8335705    -0.8328566     0.0022286    10    11     -0.000041+i*    -0.000244
  0.33333  0.00000  0.00000    -2.8335705     1.9685811     0.0101032    10    12     -0.000188+i*    -0.001107
  0.00000  0.33333  0.00000    -5.1496778    -1.5869842     0.0002046     9    11      0.000023+i*    -0.000000
  0.00000  0.33333  0.00000    -3.1203342    -1.5869842     6.2566776    10    11      0.017438+i*     0.694968
  0.00000  0.33333  0.00000    -3.1203342     1.1932086     1.1597035    10    12      0.003225+i*     0.128816
  0.33333  0.33333  0.00000    -4.2052738    -0.0464668     0.0000283     9    11      0.000003+i*    -0.000000
  0.33333  0.33333  0.00000    -2.8912559    -0.0464668     0.0152863    10    11      0.000203+i*    -0.001686
  0.33333  0.33333  0.00000    -2.8912559     2.6619915     0.0758172    10    12      0.001007+i*    -0.008364
 -0.33333  0.33333  0.00000    -4.4620760    -0.0451223     0.0000207     9    11      0.000002+i*    -0.000001
 -0.33333  0.33333  0.00000    -3.2688503    -0.0451223     0.0094765    10    11     -0.001026+i*    -0.000236
 -0.33333  0.33333  0.00000    -3.2688503     2.6226298     0.0421702    10    12      0.004581+i*     0.000986
 -0.33333  0.00000  0.00000    -4.5946561    -0.8328566     0.0000063     9    11     -0.000001+i*     0.000000
 -0.33333  0.00000  0.00000    -2.8335705    -0.8328566     0.0022286    10    11     -0.000031+i*     0.000246
 -0.33333  0.00000  0.00000    -2.8335705     1.9685811     0.0101013    10    12     -0.000141+i*     0.001113
  0.00000 -0.33333  0.00000    -5.1496778    -1.5869842     0.0002046     9    11      0.000023+i*    -0.000000
  0.00000 -0.33333  0.00000    -3.1203342    -1.5869842     6.2568507    10    11     -0.011700+i*    -0.695107
  0.00000 -0.33333  0.00000    -3.1203342     1.1932086     1.1597330    10    12     -0.002176+i*    -0.128841
  0.33333 -0.33333  0.00000    -4.4620760    -0.0451223     0.0000208     9    11      0.000002+i*     0.000001
  0.33333 -0.33333  0.00000    -3.2688503    -0.0451223     0.0094719    10    11     -0.001015+i*     0.000279
  0.33333 -0.33333  0.00000    -3.2688503     2.6226298     0.0421417    10    12      0.004532+i*    -0.001176
 -0.33333 -0.33333  0.00000    -4.2052738    -0.0464668     0.0000283     9    11      0.000003+i*     0.000000
 -0.33333 -0.33333  0.00000    -2.8912559    -0.0464668     0.0152865    10    11      0.000273+i*     0.001676
 -0.33333 -0.33333  0.00000    -2.8912559     2.6619915     0.0758173    10    12      0.001356+i*     0.008314
     3BSE eigenvalue    0.65349276      IP-eigenvalue:    1.75325663
  0.00000  0.00000  0.00000    -6.0785256    -2.3708546     0.0000009     9    11     -0.000000+i*     0.000000
  0.00000  0.00000  0.00000    -4.1241113    -2.3708546     0.7932157    10    11     -0.006770+i*    -0.087875
  0.00000  0.00000  0.00000    -4.1241113     0.4107230     2.4917638    10    12     -0.020380+i*    -0.276112
  0.33333  0.00000  0.00000    -4.5946561    -0.8328566     0.0000036     9    11      0.000000+i*     0.000000
  0.33333  0.00000  0.00000    -2.8335705    -0.8328566     0.3007551    10    11     -0.033272+i*     0.003113
  0.33333  0.00000  0.00000    -2.8335705     1.9685811     1.3337849    10    12     -0.147554+i*     0.013806
  0.00000  0.33333  0.00000    -5.1496778    -1.5869842     0.0002556     9    11     -0.000001+i*     0.000028
  0.00000  0.33333  0.00000    -3.1203342    -1.5869842     5.4896437    10    11     -0.609250+i*    -0.029426
  0.00000  0.33333  0.00000    -3.1203342     1.1932086     2.0940472    10    12      0.232400+i*     0.011238
  0.33333  0.33333  0.00000    -4.2052738    -0.0464668     0.0000861     9    11     -0.000000+i*     0.000010
  0.33333  0.33333  0.00000    -2.8912559    -0.0464668     0.0578134    10    11     -0.006304+i*    -0.001232
  0.33333  0.33333  0.00000    -2.8912559     2.6619915     0.6255127    10    12     -0.068210+i*    -0.013335
 -0.33333  0.33333  0.00000    -4.4620760    -0.0451223     0.0000300     9    11      0.000001+i*     0.000003
 -0.33333  0.33333  0.00000    -3.2688503    -0.0451223     0.0445038    10    11     -0.001459+i*     0.004725
 -0.33333  0.33333  0.00000    -3.2688503     2.6226298     0.5430145    10    12      0.016989+i*    -0.057894
 -0.33333  0.00000  0.00000    -4.5946561    -0.8328566     0.0000035     9    11      0.000000+i*    -0.000000
 -0.33333  0.00000  0.00000    -2.8335705    -0.8328566     0.3007805    10    11     -0.032767+i*    -0.006576
 -0.33333  0.00000  0.00000    -2.8335705     1.9685811     1.3338887    10    12     -0.145312+i*    -0.029164
  0.00000 -0.33333  0.00000    -5.1496778    -1.5869842     0.0002555     9    11      0.000001+i*    -0.000028
  0.00000 -0.33333  0.00000    -3.1203342    -1.5869842     5.4894868    10    11     -0.608969+i*    -0.034452
  0.00000 -0.33333  0.00000    -3.1203342     1.1932086     2.0939881    10    12      0.232295+i*     0.013129
  0.33333 -0.33333  0.00000    -4.4620760    -0.0451223     0.0000321     9    11      0.000001+i*    -0.000003
  0.33333 -0.33333  0.00000    -3.2688503    -0.0451223     0.0444457    10    11     -0.000955+i*    -0.004845
  0.33333 -0.33333  0.00000    -3.2688503     2.6226298     0.5424230    10    12      0.010829+i*     0.059288
 -0.33333 -0.33333  0.00000    -4.2052738    -0.0464668     0.0000860     9    11      0.000001+i*    -0.000010
 -0.33333 -0.33333  0.00000    -2.8912559    -0.0464668     0.0578158    10    11     -0.006399+i*     0.000566
 -0.33333 -0.33333  0.00000    -2.8912559     2.6619915     0.6255325    10    12     -0.069233+i*     0.006128
     4BSE eigenvalue    0.83534868      IP-eigenvalue:    2.00071389
  0.00000  0.00000  0.00000    -6.0785256    -2.3708546     0.0000003     9    11     -0.000000+i*     0.000000
  0.00000  0.00000  0.00000    -4.1241113    -2.3708546     8.8147813    10    11      0.081406+i*     0.976031
  0.00000  0.00000  0.00000    -4.1241113     0.4107230     0.3461210    10    12      0.003073+i*     0.038335
  0.33333  0.00000  0.00000    -4.5946561    -0.8328566     0.0000219     9    11     -0.000000+i*     0.000002
  0.33333  0.00000  0.00000    -2.8335705    -0.8328566     0.1048496    10    11     -0.011592+i*     0.001159
  0.33333  0.00000  0.00000    -2.8335705     1.9685811     0.4273842    10    12     -0.047252+i*     0.004724
  0.00000  0.33333  0.00000    -5.1496778    -1.5869842     0.0001889     9    11      0.000001+i*    -0.000021
  0.00000  0.33333  0.00000    -3.1203342    -1.5869842     0.1294130    10    11     -0.014367+i*    -0.000603
  0.00000  0.33333  0.00000    -3.1203342     1.1932086     1.1449760    10    12      0.127107+i*     0.005342
  0.33333  0.33333  0.00000    -4.2052738    -0.0464668     0.0000119     9    11      0.000000+i*     0.000001
  0.33333  0.33333  0.00000    -2.8912559    -0.0464668     0.0184782    10    11     -0.002017+i*    -0.000381
  0.33333  0.33333  0.00000    -2.8912559     2.6619915     0.1942887    10    12     -0.021212+i*    -0.004008
 -0.33333  0.33333  0.00000    -4.4620760    -0.0451223     0.0000490     9    11      0.000002+i*     0.000005
 -0.33333  0.33333  0.00000    -3.2688503    -0.0451223     0.0144120    10    11     -0.000463+i*     0.001533
 -0.33333  0.33333  0.00000    -3.2688503     2.6226298     0.1741459    10    12      0.005330+i*    -0.018601
 -0.33333  0.00000  0.00000    -4.5946561    -0.8328566     0.0000219     9    11      0.000000+i*    -0.000002
 -0.33333  0.00000  0.00000    -2.8335705    -0.8328566     0.1048681    10    11     -0.011438+i*    -0.002221
 -0.33333  0.00000  0.00000    -2.8335705     1.9685811     0.4274305    10    12     -0.046622+i*    -0.009052
  0.00000 -0.33333  0.00000    -5.1496778    -1.5869842     0.0001890     9    11     -0.000001+i*     0.000021
  0.00000 -0.33333  0.00000    -3.1203342    -1.5869842     0.1293922    10    11     -0.014359+i*    -0.000721
  0.00000 -0.33333  0.00000    -3.1203342     1.1932086     1.1449228    10    12      0.127054+i*     0.006375
  0.33333 -0.33333  0.00000    -4.4620760    -0.0451223     0.0000497     9    11      0.000003+i*    -0.000005
  0.33333 -0.33333  0.00000    -3.2688503    -0.0451223     0.0143902    10    11     -0.000319+i*    -0.001567
  0.33333 -0.33333  0.00000    -3.2688503     2.6226298     0.1739394    10    12      0.003592+i*     0.018990
 -0.33333 -0.33333  0.00000    -4.2052738    -0.0464668     0.0000119     9    11      0.000000+i*    -0.000001
 -0.33333 -0.33333  0.00000    -2.8912559    -0.0464668     0.0184791    10    11     -0.002044+i*     0.000194
 -0.33333 -0.33333  0.00000    -2.8912559     2.6619915     0.1942951    10    12     -0.021492+i*     0.002039
     5BSE eigenvalue    1.03737767      IP-eigenvalue:    2.00071389
  0.00000  0.00000  0.00000    -6.0785256    -2.3708546     0.0001339     9    11      0.000015+i*     0.000000
  0.00000  0.00000  0.00000    -4.1241113    -2.3708546     0.0000231    10    11      0.000002+i*    -0.000001
  0.00000  0.00000  0.00000    -4.1241113     0.4107230     0.0000659    10    12     -0.000006+i*     0.000004
  0.33333  0.00000  0.00000    -4.5946561    -0.8328566     0.0000127     9    11     -0.000001+i*    -0.000000
  0.33333  0.00000  0.00000    -2.8335705    -0.8328566     0.3345138    10    11     -0.006203+i*    -0.036647
  0.33333  0.00000  0.00000    -2.8335705     1.9685811     0.1776420    10    12     -0.003292+i*    -0.019462
  0.00000  0.33333  0.00000    -5.1496778    -1.5869842     0.0003007     9    11      0.000033+i*    -0.000001
  0.00000  0.33333  0.00000    -3.1203342    -1.5869842     1.1612894    10    11     -0.003236+i*    -0.128992
  0.00000  0.33333  0.00000    -3.1203342     1.1932086     6.2212066    10    12      0.017296+i*     0.691029
  0.33333  0.33333  0.00000    -4.2052738    -0.0464668     0.0001268     9    11      0.000014+i*    -0.000001
  0.33333  0.33333  0.00000    -2.8912559    -0.0464668     0.0660965    10    11      0.000877+i*    -0.007291
  0.33333  0.33333  0.00000    -2.8912559     2.6619915     0.4917893    10    12      0.006526+i*    -0.054252
 -0.33333  0.33333  0.00000    -4.4620760    -0.0451223     0.0000898     9    11      0.000009+i*    -0.000004
 -0.33333  0.33333  0.00000    -3.2688503    -0.0451223     0.0225400    10    11     -0.002441+i*    -0.000561
 -0.33333  0.33333  0.00000    -3.2688503     2.6226298     0.2376603    10    12      0.025815+i*     0.005558
 -0.33333  0.00000  0.00000    -4.5946561    -0.8328566     0.0000127     9    11     -0.000001+i*     0.000000
 -0.33333  0.00000  0.00000    -2.8335705    -0.8328566     0.3344742    10    11     -0.004660+i*     0.036870
 -0.33333  0.00000  0.00000    -2.8335705     1.9685811     0.1776238    10    12     -0.002473+i*     0.019580
  0.00000 -0.33333  0.00000    -5.1496778    -1.5869842     0.0003007     9    11      0.000033+i*    -0.000001
  0.00000 -0.33333  0.00000    -3.1203342    -1.5869842     1.1613287    10    11      0.002175+i*     0.129018
  0.00000 -0.33333  0.00000    -3.1203342     1.1932086     6.2214220    10    12     -0.011692+i*    -0.691170
  0.33333 -0.33333  0.00000    -4.4620760    -0.0451223     0.0000886     9    11      0.000009+i*     0.000004
  0.33333 -0.33333  0.00000    -3.2688503    -0.0451223     0.0225147    10    11     -0.002412+i*     0.000662
  0.33333 -0.33333  0.00000    -3.2688503     2.6226298     0.2374635    10    12      0.025538+i*    -0.006630
 -0.33333 -0.33333  0.00000    -4.2052738    -0.0464668     0.0001268     9    11      0.000014+i*     0.000001
 -0.33333 -0.33333  0.00000    -2.8912559    -0.0464668     0.0660965    10    11      0.001182+i*     0.007248
 -0.33333 -0.33333  0.00000    -2.8912559     2.6619915     0.4917929    10    12      0.008795+i*     0.053931
     6BSE eigenvalue    1.06906674      IP-eigenvalue:    2.84478904
  0.00000  0.00000  0.00000    -6.0785256    -2.3708546     0.0000000     9    11      0.000000+i*     0.000000
  0.00000  0.00000  0.00000    -4.1241113    -2.3708546     0.0000186    10    11      0.000001+i*    -0.000002
  0.00000  0.00000  0.00000    -4.1241113     0.4107230     0.0000496    10    12     -0.000005+i*     0.000002
  0.33333  0.00000  0.00000    -4.5946561    -0.8328566     0.0000014     9    11     -0.000000+i*    -0.000000
  0.33333  0.00000  0.00000    -2.8335705    -0.8328566     6.2362943    10    11      0.095230+i*     0.686347
  0.33333  0.00000  0.00000    -2.8335705     1.9685811     1.1936886    10    12      0.018228+i*     0.131374
  0.00000  0.33333  0.00000    -5.1496778    -1.5869842     0.0000675     9    11     -0.000007+i*     0.000000
  0.00000  0.33333  0.00000    -3.1203342    -1.5869842     0.0624644    10    11      0.000024+i*    -0.006940
  0.00000  0.33333  0.00000    -3.1203342     1.1932086     0.3648067    10    12     -0.000142+i*     0.040534
  0.33333  0.33333  0.00000    -4.2052738    -0.0464668     0.0001746     9    11      0.000019+i*     0.000000
  0.33333  0.33333  0.00000    -2.8912559    -0.0464668     0.0752520    10    11     -0.001236+i*     0.008269
  0.33333  0.33333  0.00000    -2.8912559     2.6619915     0.1415467    10    12     -0.002325+i*     0.015555
 -0.33333  0.33333  0.00000    -4.4620760    -0.0451223     0.0001320     9    11     -0.000014+i*     0.000006
 -0.33333  0.33333  0.00000    -3.2688503    -0.0451223     0.0501598    10    11     -0.005393+i*    -0.001406
 -0.33333  0.33333  0.00000    -3.2688503     2.6226298     0.1211048    10    12      0.013067+i*     0.003212
 -0.33333  0.00000  0.00000    -4.5946561    -0.8328566     0.0000014     9    11     -0.000000+i*     0.000000
 -0.33333  0.00000  0.00000    -2.8335705    -0.8328566     6.2368840    10    11      0.106082+i*    -0.684820
 -0.33333  0.00000  0.00000    -2.8335705     1.9685811     1.1937969    10    12      0.020305+i*    -0.131081
  0.00000 -0.33333  0.00000    -5.1496778    -1.5869842     0.0000675     9    11     -0.000007+i*    -0.000000
  0.00000 -0.33333  0.00000    -3.1203342    -1.5869842     0.0625020    10    11     -0.000086+i*     0.006944
  0.00000 -0.33333  0.00000    -3.1203342     1.1932086     0.3650363    10    12      0.000499+i*    -0.040557
  0.33333 -0.33333  0.00000    -4.4620760    -0.0451223     0.0001315     9    11     -0.000013+i*    -0.000006
  0.33333 -0.33333  0.00000    -3.2688503    -0.0451223     0.0501227    10    11     -0.005411+i*     0.001320
  0.33333 -0.33333  0.00000    -3.2688503     2.6226298     0.1209583    10    12      0.013100+i*    -0.003001
 -0.33333 -0.33333  0.00000    -4.2052738    -0.0464668     0.0001746     9    11      0.000019+i*     0.000000
 -0.33333 -0.33333  0.00000    -2.8912559    -0.0464668     0.0752581    10    11     -0.001106+i*    -0.008289
 -0.33333 -0.33333  0.00000    -2.8912559     2.6619915     0.1415520    10    12     -0.002079+i*    -0.015590
     7BSE eigenvalue    1.07217935      IP-eigenvalue:    2.84478904
  0.00000  0.00000  0.00000    -6.0785256    -2.3708546     0.0000001     9    11      0.000000+i*     0.000000
  0.00000  0.00000  0.00000    -4.1241113    -2.3708546     0.0010061    10    11     -0.000012+i*    -0.000111
  0.00000  0.00000  0.00000    -4.1241113     0.4107230     0.2747634    10    12     -0.003163+i*    -0.030365
  0.33333  0.00000  0.00000    -4.5946561    -0.8328566     0.0000245     9    11     -0.000000+i*     0.000003
  0.33333  0.00000  0.00000    -2.8335705    -0.8328566     6.2080273    10    11      0.684525+i*    -0.084985
  0.33333  0.00000  0.00000    -2.8335705     1.9685811     0.9706464    10    12      0.107028+i*    -0.013288
  0.00000  0.33333  0.00000    -5.1496778    -1.5869842     0.0000694     9    11      0.000000+i*     0.000008
  0.00000  0.33333  0.00000    -3.1203342    -1.5869842     0.1522668    10    11     -0.016916+i*    -0.000313
  0.00000  0.33333  0.00000    -3.1203342     1.1932086     0.9753787    10    12      0.108357+i*     0.002008
  0.33333  0.33333  0.00000    -4.2052738    -0.0464668     0.0001300     9    11      0.000000+i*    -0.000014
  0.33333  0.33333  0.00000    -2.8912559    -0.0464668     0.0634971    10    11      0.006962+i*     0.001143
  0.33333  0.33333  0.00000    -2.8912559     2.6619915     0.0548445    10    12      0.006014+i*     0.000985
 -0.33333  0.33333  0.00000    -4.4620760    -0.0451223     0.0001323     9    11     -0.000006+i*    -0.000014
 -0.33333  0.33333  0.00000    -3.2688503    -0.0451223     0.0410333    10    11      0.001213+i*    -0.004395
 -0.33333  0.33333  0.00000    -3.2688503     2.6226298     0.0357401    10    12     -0.001002+i*     0.003843
 -0.33333  0.00000  0.00000    -4.5946561    -0.8328566     0.0000245     9    11     -0.000000+i*    -0.000003
 -0.33333  0.00000  0.00000    -2.8335705    -0.8328566     6.2074087    10    11      0.679997+i*     0.115357
 -0.33333  0.00000  0.00000    -2.8335705     1.9685811     0.9705466    10    12      0.106319+i*     0.018037
  0.00000 -0.33333  0.00000    -5.1496778    -1.5869842     0.0000694     9    11      0.000001+i*    -0.000008
  0.00000 -0.33333  0.00000    -3.1203342    -1.5869842     0.1522473    10    11     -0.016911+i*    -0.000440
  0.00000 -0.33333  0.00000    -3.1203342     1.1932086     0.9752634    10    12      0.108326+i*     0.002817
  0.33333 -0.33333  0.00000    -4.4620760    -0.0451223     0.0001315     9    11     -0.000006+i*     0.000013
  0.33333 -0.33333  0.00000    -3.2688503    -0.0451223     0.0410171    10    11      0.001016+i*     0.004443
  0.33333 -0.33333  0.00000    -3.2688503     2.6226298     0.0357026    10    12     -0.000829+i*    -0.003879
 -0.33333 -0.33333  0.00000    -4.2052738    -0.0464668     0.0001299     9    11     -0.000000+i*     0.000014
 -0.33333 -0.33333  0.00000    -2.8912559    -0.0464668     0.0634910    10    11      0.007005+i*    -0.000832
 -0.33333 -0.33333  0.00000    -2.8912559     2.6619915     0.0548403    10    12      0.006051+i*    -0.000717
     8BSE eigenvalue    1.29278489      IP-eigenvalue:    3.22372795
  0.00000  0.00000  0.00000    -6.0785256    -2.3708546     0.0000007     9    11      0.000000+i*     0.000000
  0.00000  0.00000  0.00000    -4.1241113    -2.3708546     1.0545645    10    11     -0.009079+i*    -0.116822
  0.00000  0.00000  0.00000    -4.1241113     0.4107230     6.3360199    10    12      0.052294+i*     0.702057
  0.33333  0.00000  0.00000    -4.5946561    -0.8328566     0.0001141     9    11     -0.000001+i*     0.000013
  0.33333  0.00000  0.00000    -2.8335705    -0.8328566     0.7911709    10    11     -0.087521+i*     0.008238
  0.33333  0.00000  0.00000    -2.8335705     1.9685811     1.9771351    10    12      0.218715+i*    -0.020590
  0.00000  0.33333  0.00000    -5.1496778    -1.5869842     0.0001357     9    11     -0.000001+i*     0.000015
  0.00000  0.33333  0.00000    -3.1203342    -1.5869842     0.4165044    10    11     -0.046226+i*    -0.002202
  0.00000  0.33333  0.00000    -3.1203342     1.1932086     3.8505582    10    12      0.427354+i*     0.020383
  0.33333  0.33333  0.00000    -4.2052738    -0.0464668     0.0000283     9    11      0.000001+i*     0.000003
  0.33333  0.33333  0.00000    -2.8912559    -0.0464668     0.0751452    10    11      0.008195+i*     0.001598
  0.33333  0.33333  0.00000    -2.8912559     2.6619915     0.4891692    10    12      0.053348+i*     0.010398
 -0.33333  0.33333  0.00000    -4.4620760    -0.0451223     0.0000888     9    11      0.000004+i*     0.000009
 -0.33333  0.33333  0.00000    -3.2688503    -0.0451223     0.0323486    10    11      0.001059+i*    -0.003435
 -0.33333  0.33333  0.00000    -3.2688503     2.6226298     0.2997873    10    12     -0.009360+i*     0.031968
 -0.33333  0.00000  0.00000    -4.5946561    -0.8328566     0.0001141     9    11      0.000000+i*    -0.000013
 -0.33333  0.00000  0.00000    -2.8335705    -0.8328566     0.7912954    10    11     -0.086216+i*    -0.017233
 -0.33333  0.00000  0.00000    -2.8335705     1.9685811     1.9774369    10    12      0.215453+i*     0.043068
  0.00000 -0.33333  0.00000    -5.1496778    -1.5869842     0.0001358     9    11      0.000001+i*    -0.000015
  0.00000 -0.33333  0.00000    -3.1203342    -1.5869842     0.4164951    10    11     -0.046205+i*    -0.002582
  0.00000 -0.33333  0.00000    -3.1203342     1.1932086     3.8504675    10    12      0.427165+i*     0.023848
  0.33333 -0.33333  0.00000    -4.4620760    -0.0451223     0.0000872     9    11      0.000005+i*    -0.000008
  0.33333 -0.33333  0.00000    -3.2688503    -0.0451223     0.0322824    10    11      0.000697+i*     0.003519
  0.33333 -0.33333  0.00000    -3.2688503     2.6226298     0.2993114    10    12     -0.006000+i*    -0.032711
 -0.33333 -0.33333  0.00000    -4.2052738    -0.0464668     0.0000284     9    11      0.000001+i*    -0.000003
 -0.33333 -0.33333  0.00000    -2.8912559    -0.0464668     0.0751556    10    11      0.008317+i*    -0.000743
 -0.33333 -0.33333  0.00000    -2.8912559     2.6619915     0.4892377    10    12      0.054144+i*    -0.004835
