                27                 8
     1BSE eigenvalue    0.49212790      IP-eigenvalue:    1.53335004
  0.00000  0.00000  0.00000    -6.0785256    -2.3708546     0.0000018     9    11     -0.000000+i*    -0.000000
  0.00000  0.00000  0.00000    -4.1241113    -2.3708546     1.1379816    10    11      0.001439+i*    -0.126434
  0.00000  0.00000  0.00000    -4.1241113     0.4107230     3.5553961    10    12      0.005767+i*    -0.395002
  0.33333  0.00000  0.00000    -4.5946561    -0.8328566     0.0000877     9    11     -0.000002+i*     0.000010
  0.33333  0.00000  0.00000    -2.8335705    -0.8328566     0.3476314    10    11     -0.038625+i*     0.000194
  0.33333  0.00000  0.00000    -2.8335705     1.9685811     1.9202528    10    12     -0.213359+i*     0.001072
  0.00000  0.33333  0.00000    -5.1496778    -1.5869842     0.0002372     9    11     -0.000004+i*     0.000026
  0.00000  0.33333  0.00000    -3.1203342    -1.5869842     3.1921877    10    11      0.351387+i*     0.048276
  0.00000  0.33333  0.00000    -3.1203342     1.1932086     4.2230684    10    12      0.464859+i*     0.063894
  0.33333  0.33333  0.00000    -4.2052738    -0.0464668     0.0001649     9    11     -0.000002+i*     0.000018
  0.33333  0.33333  0.00000    -2.8912559    -0.0464668     0.0953439    10    11     -0.010177+i*    -0.002941
  0.33333  0.33333  0.00000    -2.8912559     2.6619915     0.9692553    10    12     -0.103461+i*    -0.029899
 -0.33333  0.33333  0.00000    -4.4620760    -0.0451223     0.0000803     9    11      0.000002+i*     0.000009
 -0.33333  0.33333  0.00000    -3.2688503    -0.0451223     0.0772469    10    11     -0.003245+i*     0.007946
 -0.33333  0.33333  0.00000    -3.2688503     2.6226298     0.8631207    10    12      0.035011+i*    -0.089283
 -0.33333 -0.00000 -0.00000    -4.5946561    -0.8328566     0.0000877     9    11      0.000001+i*    -0.000010
 -0.33333 -0.00000 -0.00000    -2.8335705    -0.8328566     0.3476314    10    11     -0.037053+i*    -0.010910
 -0.33333 -0.00000 -0.00000    -2.8335705     1.9685811     1.9202528    10    12     -0.204674+i*    -0.060265
 -0.00000 -0.33333 -0.00000    -5.1496778    -1.5869842     0.0002372     9    11      0.000004+i*    -0.000026
 -0.00000 -0.33333 -0.00000    -3.1203342    -1.5869842     3.1921877    10    11      0.350976+i*     0.051177
 -0.00000 -0.33333 -0.00000    -3.1203342     1.1932086     4.2230684    10    12      0.464324+i*     0.067677
  0.33333 -0.33333 -0.00000    -4.4620760    -0.0451223     0.0000803     9    11      0.000004+i*    -0.000008
  0.33333 -0.33333 -0.00000    -3.2688503    -0.0451223     0.0772469    10    11     -0.000912+i*    -0.008534
  0.33333 -0.33333 -0.00000    -3.2688503     2.6226298     0.8631207    10    12      0.008847+i*     0.095493
 -0.33333 -0.33333 -0.00000    -4.2052738    -0.0464668     0.0001649     9    11      0.000003+i*    -0.000018
 -0.33333 -0.33333 -0.00000    -2.8912559    -0.0464668     0.0953439    10    11     -0.010594+i*    -0.000000
 -0.33333 -0.33333 -0.00000    -2.8912559     2.6619915     0.9692553    10    12     -0.107695+i*     0.000000
     2BSE eigenvalue    0.60201508      IP-eigenvalue:    1.53335004
  0.00000  0.00000  0.00000    -6.0785256    -2.3708546     0.0003086     9    11      0.000006+i*    -0.000034
  0.00000  0.00000  0.00000    -4.1241113    -2.3708546     0.0000026    10    11      0.000000+i*     0.000000
  0.00000  0.00000  0.00000    -4.1241113     0.4107230     0.0000008    10    12     -0.000000+i*    -0.000000
  0.33333  0.00000  0.00000    -4.5946561    -0.8328566     0.0000052     9    11     -0.000000+i*     0.000000
  0.33333  0.00000  0.00000    -2.8335705    -0.8328566     0.0022445    10    11     -0.000249+i*     0.000002
  0.33333  0.00000  0.00000    -2.8335705     1.9685811     0.0101877    10    12     -0.001132+i*     0.000007
  0.00000  0.33333  0.00000    -5.1496778    -1.5869842     0.0002118     9    11      0.000003+i*    -0.000023
  0.00000  0.33333  0.00000    -3.1203342    -1.5869842     6.2557401    10    11      0.688607+i*     0.094659
  0.00000  0.33333  0.00000    -3.1203342     1.1932086     1.1651805    10    12      0.128257+i*     0.017638
  0.33333  0.33333  0.00000    -4.2052738    -0.0464668     0.0000333     9    11      0.000000+i*    -0.000004
  0.33333  0.33333  0.00000    -2.8912559    -0.0464668     0.0152859    10    11     -0.001632+i*    -0.000472
  0.33333  0.33333  0.00000    -2.8912559     2.6619915     0.0761401    10    12     -0.008127+i*    -0.002350
 -0.33333  0.33333  0.00000    -4.4620760    -0.0451223     0.0000247     9    11     -0.000001+i*    -0.000003
 -0.33333  0.33333  0.00000    -3.2688503    -0.0451223     0.0095151    10    11     -0.000400+i*     0.000979
 -0.33333  0.33333  0.00000    -3.2688503     2.6226298     0.0428992    10    12      0.001740+i*    -0.004438
 -0.33333 -0.00000 -0.00000    -4.5946561    -0.8328566     0.0000052     9    11      0.000000+i*     0.000001
 -0.33333 -0.00000 -0.00000    -2.8335705    -0.8328566     0.0022445    10    11      0.000239+i*     0.000071
 -0.33333 -0.00000 -0.00000    -2.8335705     1.9685811     0.0101877    10    12      0.001085+i*     0.000321
 -0.00000 -0.33333 -0.00000    -5.1496778    -1.5869842     0.0002118     9    11      0.000003+i*    -0.000023
 -0.00000 -0.33333 -0.00000    -3.1203342    -1.5869842     6.2557400    10    11     -0.687802+i*    -0.100341
 -0.00000 -0.33333 -0.00000    -3.1203342     1.1932086     1.1651805    10    12     -0.128109+i*    -0.018682
  0.33333 -0.33333 -0.00000    -4.4620760    -0.0451223     0.0000247     9    11      0.000001+i*    -0.000002
  0.33333 -0.33333 -0.00000    -3.2688503    -0.0451223     0.0095151    10    11      0.000112+i*     0.001051
  0.33333 -0.33333 -0.00000    -3.2688503     2.6226298     0.0428992    10    12     -0.000439+i*    -0.004746
 -0.33333 -0.33333 -0.00000    -4.2052738    -0.0464668     0.0000333     9    11      0.000001+i*    -0.000004
 -0.33333 -0.33333 -0.00000    -2.8912559    -0.0464668     0.0152859    10    11      0.001698+i*    -0.000000
 -0.33333 -0.33333 -0.00000    -2.8912559     2.6619915     0.0761401    10    12      0.008460+i*     0.000000
     3BSE eigenvalue    0.65357212      IP-eigenvalue:    1.75325663
  0.00000  0.00000  0.00000    -6.0785256    -2.3708546     0.0000012     9    11      0.000000+i*     0.000000
  0.00000  0.00000  0.00000    -4.1241113    -2.3708546     0.7984314    10    11     -0.001011+i*     0.088709
  0.00000  0.00000  0.00000    -4.1241113     0.4107230     2.4992057    10    12     -0.004057+i*     0.277660
  0.33333  0.00000  0.00000    -4.5946561    -0.8328566     0.0000041     9    11      0.000000+i*    -0.000000
  0.33333  0.00000  0.00000    -2.8335705    -0.8328566     0.3009204    10    11      0.033435+i*    -0.000168
  0.33333  0.00000  0.00000    -2.8335705     1.9685811     1.3341524    10    12      0.148237+i*    -0.000742
  0.00000  0.33333  0.00000    -5.1496778    -1.5869842     0.0002837     9    11      0.000004+i*    -0.000031
  0.00000  0.33333  0.00000    -3.1203342    -1.5869842     5.4856042    10    11      0.603838+i*     0.082968
  0.00000  0.33333  0.00000    -3.1203342     1.1932086     2.0994165    10    12     -0.231095+i*    -0.031766
  0.33333  0.33333  0.00000    -4.2052738    -0.0464668     0.0001032     9    11      0.000001+i*    -0.000011
  0.33333  0.33333  0.00000    -2.8912559    -0.0464668     0.0577426    10    11      0.006164+i*     0.001781
  0.33333  0.33333  0.00000    -2.8912559     2.6619915     0.6246062    10    12      0.066672+i*     0.019269
 -0.33333  0.33333  0.00000    -4.4620760    -0.0451223     0.0000455     9    11     -0.000001+i*    -0.000005
 -0.33333  0.33333  0.00000    -3.2688503    -0.0451223     0.0443617    10    11      0.001864+i*    -0.004563
 -0.33333  0.33333  0.00000    -3.2688503     2.6226298     0.5411883    10    12     -0.021953+i*     0.055981
 -0.33333 -0.00000 -0.00000    -4.5946561    -0.8328566     0.0000041     9    11     -0.000000+i*     0.000000
 -0.33333 -0.00000 -0.00000    -2.8335705    -0.8328566     0.3009204    10    11      0.032074+i*     0.009444
 -0.33333 -0.00000 -0.00000    -2.8335705     1.9685811     1.3341524    10    12      0.142203+i*     0.041871
 -0.00000 -0.33333 -0.00000    -5.1496778    -1.5869842     0.0002837     9    11     -0.000004+i*     0.000031
 -0.00000 -0.33333 -0.00000    -3.1203342    -1.5869842     5.4856042    10    11      0.603133+i*     0.087950
 -0.00000 -0.33333 -0.00000    -3.1203342     1.1932086     2.0994165    10    12     -0.230829+i*    -0.033646
  0.33333 -0.33333 -0.00000    -4.4620760    -0.0451223     0.0000455     9    11     -0.000002+i*     0.000004
  0.33333 -0.33333 -0.00000    -3.2688503    -0.0451223     0.0443617    10    11      0.000524+i*     0.004901
  0.33333 -0.33333 -0.00000    -3.2688503     2.6226298     0.5411883    10    12     -0.005547+i*    -0.059876
 -0.33333 -0.33333 -0.00000    -4.2052738    -0.0464668     0.0001032     9    11     -0.000002+i*     0.000011
 -0.33333 -0.33333 -0.00000    -2.8912559    -0.0464668     0.0577426    10    11      0.006416+i*     0.000000
 -0.33333 -0.33333 -0.00000    -2.8912559     2.6619915     0.6246062    10    12      0.069401+i*     0.000000
     4BSE eigenvalue    0.83531815      IP-eigenvalue:    2.00071389
  0.00000  0.00000  0.00000    -6.0785256    -2.3708546     0.0000004     9    11     -0.000000+i*    -0.000000
  0.00000  0.00000  0.00000    -4.1241113    -2.3708546     8.8138654    10    11     -0.011146+i*     0.979255
  0.00000  0.00000  0.00000    -4.1241113     0.4107230     0.3454046    10    12     -0.000560+i*     0.038374
  0.33333  0.00000  0.00000    -4.5946561    -0.8328566     0.0000221     9    11     -0.000000+i*     0.000002
  0.33333  0.00000  0.00000    -2.8335705    -0.8328566     0.1051790    10    11     -0.011686+i*     0.000059
  0.33333  0.00000  0.00000    -2.8335705     1.9685811     0.4278248    10    12     -0.047535+i*     0.000240
  0.00000  0.33333  0.00000    -5.1496778    -1.5869842     0.0001386     9    11      0.000002+i*    -0.000015
  0.00000  0.33333  0.00000    -3.1203342    -1.5869842     0.1312973    10    11     -0.014453+i*    -0.001986
  0.00000  0.33333  0.00000    -3.1203342     1.1932086     1.1482984    10    12      0.126400+i*     0.017374
  0.33333  0.33333  0.00000    -4.2052738    -0.0464668     0.0000197     9    11     -0.000000+i*     0.000002
  0.33333  0.33333  0.00000    -2.8912559    -0.0464668     0.0184746    10    11     -0.001972+i*    -0.000570
  0.33333  0.33333  0.00000    -2.8912559     2.6619915     0.1941914    10    12     -0.020729+i*    -0.005990
 -0.33333  0.33333  0.00000    -4.4620760    -0.0451223     0.0000554     9    11      0.000002+i*     0.000006
 -0.33333  0.33333  0.00000    -3.2688503    -0.0451223     0.0143440    10    11     -0.000603+i*     0.001475
 -0.33333  0.33333  0.00000    -3.2688503     2.6226298     0.1733598    10    12      0.007031+i*    -0.017933
 -0.33333 -0.00000 -0.00000    -4.5946561    -0.8328566     0.0000221     9    11      0.000000+i*    -0.000002
 -0.33333 -0.00000 -0.00000    -2.8335705    -0.8328566     0.1051790    10    11     -0.011211+i*    -0.003301
 -0.33333 -0.00000 -0.00000    -2.8335705     1.9685811     0.4278248    10    12     -0.045600+i*    -0.013427
 -0.00000 -0.33333 -0.00000    -5.1496778    -1.5869842     0.0001386     9    11     -0.000002+i*     0.000015
 -0.00000 -0.33333 -0.00000    -3.1203342    -1.5869842     0.1312973    10    11     -0.014436+i*    -0.002105
 -0.00000 -0.33333 -0.00000    -3.1203342     1.1932086     1.1482984    10    12      0.126255+i*     0.018401
  0.33333 -0.33333 -0.00000    -4.4620760    -0.0451223     0.0000554     9    11      0.000004+i*    -0.000005
  0.33333 -0.33333 -0.00000    -3.2688503    -0.0451223     0.0143440    10    11     -0.000169+i*    -0.001585
  0.33333 -0.33333 -0.00000    -3.2688503     2.6226298     0.1733598    10    12      0.001776+i*     0.019180
 -0.33333 -0.33333 -0.00000    -4.2052738    -0.0464668     0.0000197     9    11      0.000000+i*    -0.000002
 -0.33333 -0.33333 -0.00000    -2.8912559    -0.0464668     0.0184746    10    11     -0.002053+i*    -0.000000
 -0.33333 -0.33333 -0.00000    -2.8912559     2.6619915     0.1941914    10    12     -0.021577+i*     0.000000
     5BSE eigenvalue    1.03555289      IP-eigenvalue:    2.00071389
  0.00000  0.00000  0.00000    -6.0785256    -2.3708546     0.0001896     9    11      0.000003+i*    -0.000021
  0.00000  0.00000  0.00000    -4.1241113    -2.3708546     0.0000031    10    11     -0.000000+i*    -0.000000
  0.00000  0.00000  0.00000    -4.1241113     0.4107230     0.0000261    10    12      0.000003+i*     0.000000
  0.33333  0.00000  0.00000    -4.5946561    -0.8328566     0.0000225     9    11     -0.000000+i*    -0.000002
  0.33333  0.00000  0.00000    -2.8335705    -0.8328566     0.3176218    10    11     -0.035291+i*     0.000211
  0.33333  0.00000  0.00000    -2.8335705     1.9685811     0.1747776    10    12     -0.019419+i*     0.000114
  0.00000  0.33333  0.00000    -5.1496778    -1.5869842     0.0003570     9    11      0.000005+i*    -0.000039
  0.00000  0.33333  0.00000    -3.1203342    -1.5869842     1.1669611    10    11     -0.128455+i*    -0.017654
  0.00000  0.33333  0.00000    -3.1203342     1.1932086     6.2211417    10    12      0.684796+i*     0.094153
  0.33333  0.33333  0.00000    -4.2052738    -0.0464668     0.0001554     9    11      0.000001+i*    -0.000017
  0.33333  0.33333  0.00000    -2.8912559    -0.0464668     0.0657485    10    11     -0.007018+i*    -0.002029
  0.33333  0.33333  0.00000    -2.8912559     2.6619915     0.4911735    10    12     -0.052429+i*    -0.015154
 -0.33333  0.33333  0.00000    -4.4620760    -0.0451223     0.0001123     9    11     -0.000003+i*    -0.000012
 -0.33333  0.33333  0.00000    -3.2688503    -0.0451223     0.0229594    10    11     -0.000964+i*     0.002362
 -0.33333  0.33333  0.00000    -3.2688503     2.6226298     0.2409667    10    12      0.009774+i*    -0.024926
 -0.33333 -0.00000 -0.00000    -4.5946561    -0.8328566     0.0000225     9    11      0.000001+i*    -0.000002
 -0.33333 -0.00000 -0.00000    -2.8335705    -0.8328566     0.3176218    10    11      0.033844+i*     0.010002
 -0.33333 -0.00000 -0.00000    -2.8335705     1.9685811     0.1747776    10    12      0.018624+i*     0.005502
 -0.00000 -0.33333 -0.00000    -5.1496778    -1.5869842     0.0003570     9    11      0.000006+i*    -0.000039
 -0.00000 -0.33333 -0.00000    -3.1203342    -1.5869842     1.1669611    10    11      0.128305+i*     0.018710
 -0.00000 -0.33333 -0.00000    -3.1203342     1.1932086     6.2211417    10    12     -0.684009+i*    -0.099705
  0.33333 -0.33333 -0.00000    -4.4620760    -0.0451223     0.0001123     9    11      0.000006+i*    -0.000011
  0.33333 -0.33333 -0.00000    -3.2688503    -0.0451223     0.0229594    10    11      0.000271+i*     0.002537
  0.33333 -0.33333 -0.00000    -3.2688503     2.6226298     0.2409667    10    12     -0.002468+i*    -0.026660
 -0.33333 -0.33333 -0.00000    -4.2052738    -0.0464668     0.0001554     9    11      0.000003+i*    -0.000017
 -0.33333 -0.33333 -0.00000    -2.8912559    -0.0464668     0.0657485    10    11      0.007305+i*    -0.000000
 -0.33333 -0.33333 -0.00000    -2.8912559     2.6619915     0.4911735    10    12      0.054575+i*     0.000000
     6BSE eigenvalue    1.06892162      IP-eigenvalue:    2.84478904
  0.00000  0.00000  0.00000    -6.0785256    -2.3708546     0.0000023     9    11     -0.000000+i*     0.000000
  0.00000  0.00000  0.00000    -4.1241113    -2.3708546     0.0000142    10    11      0.000002+i*     0.000000
  0.00000  0.00000  0.00000    -4.1241113     0.4107230     0.0000126    10    12     -0.000001+i*    -0.000000
  0.33333  0.00000  0.00000    -4.5946561    -0.8328566     0.0000006     9    11      0.000000+i*     0.000000
  0.33333  0.00000  0.00000    -2.8335705    -0.8328566     6.2359877    10    11     -0.692878+i*     0.003671
  0.33333  0.00000  0.00000    -2.8335705     1.9685811     1.2013910    10    12     -0.133486+i*     0.000707
  0.00000  0.33333  0.00000    -5.1496778    -1.5869842     0.0000655     9    11      0.000000+i*    -0.000007
  0.00000  0.33333  0.00000    -3.1203342    -1.5869842     0.0596393    10    11      0.006565+i*     0.000899
  0.00000  0.33333  0.00000    -3.1203342     1.1932086     0.3482594    10    12     -0.038338+i*    -0.005249
  0.33333  0.33333  0.00000    -4.2052738    -0.0464668     0.0001528     9    11     -0.000002+i*     0.000017
  0.33333  0.33333  0.00000    -2.8912559    -0.0464668     0.0755913    10    11     -0.008070+i*    -0.002329
  0.33333  0.33333  0.00000    -2.8912559     2.6619915     0.1449936    10    12     -0.015479+i*    -0.004467
 -0.33333  0.33333  0.00000    -4.4620760    -0.0451223     0.0001115     9    11     -0.000003+i*    -0.000012
 -0.33333  0.33333  0.00000    -3.2688503    -0.0451223     0.0502359    10    11      0.002110+i*    -0.005168
 -0.33333  0.33333  0.00000    -3.2688503     2.6226298     0.1225367    10    12     -0.004969+i*     0.012676
 -0.33333 -0.00000 -0.00000    -4.5946561    -0.8328566     0.0000006     9    11     -0.000000+i*     0.000000
 -0.33333 -0.00000 -0.00000    -2.8335705    -0.8328566     6.2359877    10    11      0.664695+i*     0.195637
 -0.33333 -0.00000 -0.00000    -2.8335705     1.9685811     1.2013910    10    12      0.128056+i*     0.037690
 -0.00000 -0.33333 -0.00000    -5.1496778    -1.5869842     0.0000655     9    11      0.000002+i*    -0.000007
 -0.00000 -0.33333 -0.00000    -3.1203342    -1.5869842     0.0596393    10    11     -0.006557+i*    -0.000957
 -0.00000 -0.33333 -0.00000    -3.1203342     1.1932086     0.3482594    10    12      0.038290+i*     0.005586
  0.33333 -0.33333 -0.00000    -4.4620760    -0.0451223     0.0001115     9    11      0.000006+i*    -0.000011
  0.33333 -0.33333 -0.00000    -3.2688503    -0.0451223     0.0502359    10    11     -0.000594+i*    -0.005550
  0.33333 -0.33333 -0.00000    -3.2688503     2.6226298     0.1225367    10    12      0.001260+i*     0.013557
 -0.33333 -0.33333 -0.00000    -4.2052738    -0.0464668     0.0001528     9    11     -0.000002+i*     0.000017
 -0.33333 -0.33333 -0.00000    -2.8912559    -0.0464668     0.0755913    10    11      0.008399+i*    -0.000000
 -0.33333 -0.33333 -0.00000    -2.8912559     2.6619915     0.1449936    10    12      0.016110+i*     0.000000
     7BSE eigenvalue    1.07212006      IP-eigenvalue:    2.84478904
  0.00000  0.00000  0.00000    -6.0785256    -2.3708546     0.0000002     9    11     -0.000000+i*    -0.000000
  0.00000  0.00000  0.00000    -4.1241113    -2.3708546     0.0010649    10    11     -0.000001+i*     0.000118
  0.00000  0.00000  0.00000    -4.1241113     0.4107230     0.2737341    10    12     -0.000430+i*     0.030412
  0.33333  0.00000  0.00000    -4.5946561    -0.8328566     0.0000246     9    11      0.000000+i*    -0.000003
  0.33333  0.00000  0.00000    -2.8335705    -0.8328566     6.2075256    10    11     -0.689714+i*     0.003851
  0.33333  0.00000  0.00000    -2.8335705     1.9685811     0.9723802    10    12     -0.108041+i*     0.000604
  0.00000  0.33333  0.00000    -5.1496778    -1.5869842     0.0000771     9    11      0.000001+i*    -0.000009
  0.00000  0.33333  0.00000    -3.1203342    -1.5869842     0.1522397    10    11      0.016758+i*     0.002300
  0.00000  0.33333  0.00000    -3.1203342     1.1932086     0.9749257    10    12     -0.107318+i*    -0.014733
  0.33333  0.33333  0.00000    -4.2052738    -0.0464668     0.0001060     9    11     -0.000002+i*     0.000012
  0.33333  0.33333  0.00000    -2.8912559    -0.0464668     0.0633581    10    11     -0.006764+i*    -0.001950
  0.33333  0.33333  0.00000    -2.8912559     2.6619915     0.0546670    10    12     -0.005837+i*    -0.001681
 -0.33333  0.33333  0.00000    -4.4620760    -0.0451223     0.0001115     9    11      0.000003+i*     0.000012
 -0.33333  0.33333  0.00000    -3.2688503    -0.0451223     0.0409911    10    11     -0.001720+i*     0.004217
 -0.33333  0.33333  0.00000    -3.2688503     2.6226298     0.0360119    10    12      0.001458+i*    -0.003726
 -0.33333 -0.00000 -0.00000    -4.5946561    -0.8328566     0.0000246     9    11     -0.000000+i*     0.000003
 -0.33333 -0.00000 -0.00000    -2.8335705    -0.8328566     6.2075256    10    11     -0.661714+i*    -0.194563
 -0.33333 -0.00000 -0.00000    -2.8335705     1.9685811     0.9723802    10    12     -0.103654+i*    -0.030478
 -0.00000 -0.33333 -0.00000    -5.1496778    -1.5869842     0.0000771     9    11     -0.000002+i*     0.000008
 -0.00000 -0.33333 -0.00000    -3.1203342    -1.5869842     0.1522397    10    11      0.016740+i*     0.002427
 -0.00000 -0.33333 -0.00000    -3.1203342     1.1932086     0.9749257    10    12     -0.107205+i*    -0.015540
  0.33333 -0.33333 -0.00000    -4.4620760    -0.0451223     0.0001115     9    11      0.000006+i*    -0.000011
  0.33333 -0.33333 -0.00000    -3.2688503    -0.0451223     0.0409911    10    11     -0.000486+i*    -0.004529
  0.33333 -0.33333 -0.00000    -3.2688503     2.6226298     0.0360119    10    12      0.000370+i*     0.003984
 -0.33333 -0.33333 -0.00000    -4.2052738    -0.0464668     0.0001060     9    11      0.000001+i*    -0.000012
 -0.33333 -0.33333 -0.00000    -2.8912559    -0.0464668     0.0633581    10    11     -0.007040+i*     0.000002
 -0.33333 -0.33333 -0.00000    -2.8912559     2.6619915     0.0546670    10    12     -0.006074+i*     0.000000
     8BSE eigenvalue    1.29205969      IP-eigenvalue:    3.22372795
  0.00000  0.00000  0.00000    -6.0785256    -2.3708546     0.0000010     9    11      0.000000+i*     0.000000
  0.00000  0.00000  0.00000    -4.1241113    -2.3708546     1.0581271    10    11      0.001351+i*    -0.117562
  0.00000  0.00000  0.00000    -4.1241113     0.4107230     6.3463643    10    12     -0.010370+i*     0.705075
  0.33333  0.00000  0.00000    -4.5946561    -0.8328566     0.0001150     9    11     -0.000002+i*     0.000013
  0.33333  0.00000  0.00000    -2.8335705    -0.8328566     0.7897622    10    11     -0.087750+i*     0.000421
  0.33333  0.00000  0.00000    -2.8335705     1.9685811     1.9667563    10    12      0.218526+i*    -0.001051
  0.00000  0.33333  0.00000    -5.1496778    -1.5869842     0.0001236     9    11     -0.000002+i*     0.000014
  0.00000  0.33333  0.00000    -3.1203342    -1.5869842     0.4167754    10    11     -0.045877+i*    -0.006309
  0.00000  0.33333  0.00000    -3.1203342     1.1932086     3.8478302    10    12      0.423547+i*     0.058269
  0.33333  0.33333  0.00000    -4.2052738    -0.0464668     0.0000141     9    11      0.000001+i*     0.000001
  0.33333  0.33333  0.00000    -2.8912559    -0.0464668     0.0742826    10    11      0.007928+i*     0.002294
  0.33333  0.33333  0.00000    -2.8912559     2.6619915     0.4843773    10    12      0.051701+i*     0.014953
 -0.33333  0.33333  0.00000    -4.4620760    -0.0451223     0.0000759     9    11      0.000003+i*     0.000008
 -0.33333  0.33333  0.00000    -3.2688503    -0.0451223     0.0322630    10    11      0.001356+i*    -0.003318
 -0.33333  0.33333  0.00000    -3.2688503     2.6226298     0.2991318    10    12     -0.012139+i*     0.030941
 -0.33333 -0.00000 -0.00000    -4.5946561    -0.8328566     0.0001150     9    11      0.000001+i*    -0.000013
 -0.33333 -0.00000 -0.00000    -2.8335705    -0.8328566     0.7897622    10    11     -0.084178+i*    -0.024785
 -0.33333 -0.00000 -0.00000    -2.8335705     1.9685811     1.9667563    10    12      0.209630+i*     0.061725
 -0.00000 -0.33333 -0.00000    -5.1496778    -1.5869842     0.0001236     9    11      0.000002+i*    -0.000014
 -0.00000 -0.33333 -0.00000    -3.1203342    -1.5869842     0.4167754    10    11     -0.045823+i*    -0.006686
 -0.00000 -0.33333 -0.00000    -3.1203342     1.1932086     3.8478302    10    12      0.423061+i*     0.061703
  0.33333 -0.33333 -0.00000    -4.4620760    -0.0451223     0.0000759     9    11      0.000005+i*    -0.000007
  0.33333 -0.33333 -0.00000    -3.2688503    -0.0451223     0.0322630    10    11      0.000381+i*     0.003564
  0.33333 -0.33333 -0.00000    -3.2688503     2.6226298     0.2991318    10    12     -0.003064+i*    -0.033095
 -0.33333 -0.33333 -0.00000    -4.2052738    -0.0464668     0.0000141     9    11      0.000001+i*    -0.000001
 -0.33333 -0.33333 -0.00000    -2.8912559    -0.0464668     0.0742826    10    11      0.008254+i*    -0.000001
 -0.33333 -0.33333 -0.00000    -2.8912559     2.6619915     0.4843773    10    12      0.053820+i*     0.000000
