                27                 8
     1BSE eigenvalue    1.53335004      IP-eigenvalue:    1.53335004
  0.00000  0.00000  0.00000    -6.0785256    -2.3708546     0.0000000     9    11     -0.000000+i*     0.000000
  0.00000  0.00000  0.00000    -4.1241113    -2.3708546     0.0000000    10    11      0.000000+i*     0.000000
  0.00000  0.00000  0.00000    -4.1241113     0.4107230     0.0000000    10    12     -0.000000+i*    -0.000000
  0.33333  0.00000  0.00000    -4.5946561    -0.8328566     0.0000000     9    11     -0.000000+i*     0.000000
  0.33333  0.00000  0.00000    -2.8335705    -0.8328566     0.0000000    10    11      0.000000+i*     0.000000
  0.33333  0.00000  0.00000    -2.8335705     1.9685811     0.0000001    10    12      0.000000+i*     0.000000
  0.00000  0.33333  0.00000    -5.1496778    -1.5869842     0.0000000     9    11     -0.000000+i*     0.000000
  0.00000  0.33333  0.00000    -3.1203342    -1.5869842     6.3639610    10    11      0.017740+i*     0.706884
  0.00000  0.33333  0.00000    -3.1203342     1.1932086     0.0000001    10    12     -0.000000+i*    -0.000000
  0.33333  0.33333  0.00000    -4.2052738    -0.0464668     0.0000000     9    11     -0.000000+i*     0.000000
  0.33333  0.33333  0.00000    -2.8912559    -0.0464668     0.0000000    10    11     -0.000000+i*     0.000000
  0.33333  0.33333  0.00000    -2.8912559     2.6619915     0.0000001    10    12     -0.000000+i*     0.000000
  0.66667  0.33333  0.00000    -4.4620760    -0.0451223     0.0000000     9    11     -0.000000+i*     0.000000
  0.66667  0.33333  0.00000    -3.2688503    -0.0451223     0.0000000    10    11      0.000000+i*     0.000000
  0.66667  0.33333  0.00000    -3.2688503     2.6226298     0.0000002    10    12     -0.000000+i*    -0.000000
  0.66667  0.00000  0.00000    -4.5946561    -0.8328566     0.0000000     9    11     -0.000000+i*     0.000000
  0.66667  0.00000  0.00000    -2.8335705    -0.8328566     0.0000000    10    11      0.000000+i*    -0.000000
  0.66667  0.00000  0.00000    -2.8335705     1.9685811     0.0000001    10    12      0.000000+i*    -0.000000
  0.00000  0.66667  0.00000    -5.1496778    -1.5869842     0.0000000     9    11     -0.000000+i*     0.000000
  0.00000  0.66667  0.00000    -3.1203342    -1.5869842     6.3639610    10    11     -0.011892+i*    -0.707007
  0.00000  0.66667  0.00000    -3.1203342     1.1932086     0.0000001    10    12      0.000000+i*     0.000000
  0.33333  0.66667  0.00000    -4.4620760    -0.0451223     0.0000000     9    11     -0.000000+i*    -0.000000
  0.33333  0.66667  0.00000    -3.2688503    -0.0451223     0.0000000    10    11      0.000000+i*    -0.000000
  0.33333  0.66667  0.00000    -3.2688503     2.6226298     0.0000002    10    12     -0.000000+i*     0.000000
  0.66667  0.66667  0.00000    -4.2052738    -0.0464668     0.0000000     9    11     -0.000000+i*     0.000000
  0.66667  0.66667  0.00000    -2.8912559    -0.0464668     0.0000000    10    11     -0.000000+i*    -0.000000
  0.66667  0.66667  0.00000    -2.8912559     2.6619915     0.0000001    10    12     -0.000000+i*    -0.000000
     2BSE eigenvalue    1.53335015      IP-eigenvalue:    1.53335004
  0.00000  0.00000  0.00000    -6.0785256    -2.3708546     0.0000000     9    11     -0.000000+i*     0.000000
  0.00000  0.00000  0.00000    -4.1241113    -2.3708546     0.0000031    10    11     -0.000000+i*    -0.000000
  0.00000  0.00000  0.00000    -4.1241113     0.4107230     0.0000078    10    12     -0.000000+i*    -0.000001
  0.33333  0.00000  0.00000    -4.5946561    -0.8328566     0.0000000     9    11     -0.000000+i*    -0.000000
  0.33333  0.00000  0.00000    -2.8335705    -0.8328566     0.0000015    10    11     -0.000000+i*     0.000000
  0.33333  0.00000  0.00000    -2.8335705     1.9685811     0.0000072    10    12     -0.000001+i*     0.000000
  0.00000  0.33333  0.00000    -5.1496778    -1.5869842     0.0000000     9    11      0.000000+i*     0.000000
  0.00000  0.33333  0.00000    -3.1203342    -1.5869842     6.3639610    10    11     -0.705822+i*     0.042612
  0.00000  0.33333  0.00000    -3.1203342     1.1932086     0.0000087    10    12      0.000001+i*    -0.000000
  0.33333  0.33333  0.00000    -4.2052738    -0.0464668     0.0000000     9    11      0.000000+i*     0.000000
  0.33333  0.33333  0.00000    -2.8912559    -0.0464668     0.0000006    10    11     -0.000000+i*    -0.000000
  0.33333  0.33333  0.00000    -2.8912559     2.6619915     0.0000061    10    12     -0.000001+i*    -0.000000
  0.66667  0.33333  0.00000    -4.4620760    -0.0451223     0.0000000     9    11      0.000000+i*    -0.000000
  0.66667  0.33333  0.00000    -3.2688503    -0.0451223     0.0000005    10    11     -0.000000+i*     0.000000
  0.66667  0.33333  0.00000    -3.2688503     2.6226298     0.0000056    10    12      0.000000+i*    -0.000001
  0.66667  0.00000  0.00000    -4.5946561    -0.8328566     0.0000000     9    11     -0.000000+i*     0.000000
  0.66667  0.00000  0.00000    -2.8335705    -0.8328566     0.0000015    10    11     -0.000000+i*    -0.000000
  0.66667  0.00000  0.00000    -2.8335705     1.9685811     0.0000072    10    12     -0.000001+i*    -0.000000
  0.00000  0.66667  0.00000    -5.1496778    -1.5869842     0.0000000     9    11     -0.000000+i*    -0.000000
  0.00000  0.66667  0.00000    -3.1203342    -1.5869842     6.3639610    10    11     -0.706150+i*     0.036773
  0.00000  0.66667  0.00000    -3.1203342     1.1932086     0.0000087    10    12      0.000001+i*    -0.000000
  0.33333  0.66667  0.00000    -4.4620760    -0.0451223     0.0000000     9    11      0.000000+i*     0.000000
  0.33333  0.66667  0.00000    -3.2688503    -0.0451223     0.0000005    10    11     -0.000000+i*    -0.000000
  0.33333  0.66667  0.00000    -3.2688503     2.6226298     0.0000056    10    12      0.000000+i*     0.000001
  0.66667  0.66667  0.00000    -4.2052738    -0.0464668     0.0000000     9    11     -0.000000+i*    -0.000000
  0.66667  0.66667  0.00000    -2.8912559    -0.0464668     0.0000006    10    11     -0.000000+i*     0.000000
  0.66667  0.66667  0.00000    -2.8912559     2.6619915     0.0000061    10    12     -0.000001+i*     0.000000
     3BSE eigenvalue    1.75325668      IP-eigenvalue:    1.75325663
  0.00000  0.00000  0.00000    -6.0785256    -2.3708546     0.0000000     9    11      0.000000+i*     0.000000
  0.00000  0.00000  0.00000    -4.1241113    -2.3708546     9.0000000    10    11     -0.306513+i*     0.951867
  0.00000  0.00000  0.00000    -4.1241113     0.4107230     0.0000056    10    12      0.000000+i*    -0.000001
  0.33333  0.00000  0.00000    -4.5946561    -0.8328566     0.0000000     9    11      0.000000+i*    -0.000000
  0.33333  0.00000  0.00000    -2.8335705    -0.8328566     0.0000019    10    11     -0.000000+i*    -0.000000
  0.33333  0.00000  0.00000    -2.8335705     1.9685811     0.0000052    10    12     -0.000001+i*    -0.000000
  0.00000  0.33333  0.00000    -5.1496778    -1.5869842     0.0000000     9    11     -0.000000+i*     0.000000
  0.00000  0.33333  0.00000    -3.1203342    -1.5869842     0.0000022    10    11     -0.000000+i*    -0.000000
  0.00000  0.33333  0.00000    -3.1203342     1.1932086     0.0000062    10    12      0.000001+i*     0.000000
  0.33333  0.33333  0.00000    -4.2052738    -0.0464668     0.0000000     9    11     -0.000000+i*     0.000000
  0.33333  0.33333  0.00000    -2.8912559    -0.0464668     0.0000005    10    11     -0.000000+i*    -0.000000
  0.33333  0.33333  0.00000    -2.8912559     2.6619915     0.0000042    10    12     -0.000000+i*    -0.000000
  0.66667  0.33333  0.00000    -4.4620760    -0.0451223     0.0000000     9    11     -0.000000+i*    -0.000000
  0.66667  0.33333  0.00000    -3.2688503    -0.0451223     0.0000004    10    11     -0.000000+i*     0.000000
  0.66667  0.33333  0.00000    -3.2688503     2.6226298     0.0000039    10    12      0.000000+i*    -0.000000
  0.66667  0.00000  0.00000    -4.5946561    -0.8328566     0.0000000     9    11      0.000000+i*    -0.000000
  0.66667  0.00000  0.00000    -2.8335705    -0.8328566     0.0000019    10    11     -0.000000+i*    -0.000000
  0.66667  0.00000  0.00000    -2.8335705     1.9685811     0.0000052    10    12     -0.000000+i*    -0.000000
  0.00000  0.66667  0.00000    -5.1496778    -1.5869842     0.0000000     9    11      0.000000+i*    -0.000000
  0.00000  0.66667  0.00000    -3.1203342    -1.5869842     0.0000022    10    11     -0.000000+i*    -0.000000
  0.00000  0.66667  0.00000    -3.1203342     1.1932086     0.0000062    10    12      0.000001+i*     0.000000
  0.33333  0.66667  0.00000    -4.4620760    -0.0451223     0.0000000     9    11     -0.000000+i*     0.000000
  0.33333  0.66667  0.00000    -3.2688503    -0.0451223     0.0000004    10    11      0.000000+i*    -0.000000
  0.33333  0.66667  0.00000    -3.2688503     2.6226298     0.0000039    10    12     -0.000000+i*     0.000000
  0.66667  0.66667  0.00000    -4.2052738    -0.0464668     0.0000000     9    11      0.000000+i*    -0.000000
  0.66667  0.66667  0.00000    -2.8912559    -0.0464668     0.0000005    10    11     -0.000000+i*    -0.000000
  0.66667  0.66667  0.00000    -2.8912559     2.6619915     0.0000042    10    12     -0.000000+i*    -0.000000
     4BSE eigenvalue    2.00071389      IP-eigenvalue:    2.00071389
  0.00000  0.00000  0.00000    -6.0785256    -2.3708546     0.0000000     9    11      0.000000+i*     0.000000
  0.00000  0.00000  0.00000    -4.1241113    -2.3708546     0.0000000    10    11     -0.000000+i*     0.000000
  0.00000  0.00000  0.00000    -4.1241113     0.4107230     0.0000000    10    12     -0.000000+i*    -0.000000
  0.33333  0.00000  0.00000    -4.5946561    -0.8328566     0.0000000     9    11      0.000000+i*    -0.000000
  0.33333  0.00000  0.00000    -2.8335705    -0.8328566     6.3639610    10    11     -0.122646+i*    -0.696389
  0.33333  0.00000  0.00000    -2.8335705     1.9685811     0.0000000    10    12      0.000000+i*     0.000000
  0.00000  0.33333  0.00000    -5.1496778    -1.5869842     0.0000000     9    11     -0.000000+i*     0.000000
  0.00000  0.33333  0.00000    -3.1203342    -1.5869842     0.0000000    10    11      0.000000+i*     0.000000
  0.00000  0.33333  0.00000    -3.1203342     1.1932086     0.0000001    10    12     -0.000000+i*    -0.000000
  0.33333  0.33333  0.00000    -4.2052738    -0.0464668     0.0000000     9    11     -0.000000+i*     0.000000
  0.33333  0.33333  0.00000    -2.8912559    -0.0464668     0.0000000    10    11     -0.000000+i*     0.000000
  0.33333  0.33333  0.00000    -2.8912559     2.6619915     0.0000001    10    12     -0.000000+i*     0.000000
  0.66667  0.33333  0.00000    -4.4620760    -0.0451223     0.0000000     9    11     -0.000000+i*    -0.000000
  0.66667  0.33333  0.00000    -3.2688503    -0.0451223     0.0000000    10    11      0.000000+i*     0.000000
  0.66667  0.33333  0.00000    -3.2688503     2.6226298     0.0000001    10    12     -0.000000+i*    -0.000000
  0.66667  0.00000  0.00000    -4.5946561    -0.8328566     0.0000000     9    11      0.000000+i*    -0.000000
  0.66667  0.00000  0.00000    -2.8335705    -0.8328566     6.3639610    10    11     -0.082551+i*     0.702272
  0.66667  0.00000  0.00000    -2.8335705     1.9685811     0.0000000    10    12      0.000000+i*    -0.000000
  0.00000  0.66667  0.00000    -5.1496778    -1.5869842     0.0000000     9    11     -0.000000+i*     0.000000
  0.00000  0.66667  0.00000    -3.1203342    -1.5869842     0.0000000    10    11     -0.000000+i*    -0.000000
  0.00000  0.66667  0.00000    -3.1203342     1.1932086     0.0000001    10    12      0.000000+i*     0.000000
  0.33333  0.66667  0.00000    -4.4620760    -0.0451223     0.0000000     9    11     -0.000000+i*     0.000000
  0.33333  0.66667  0.00000    -3.2688503    -0.0451223     0.0000000    10    11      0.000000+i*    -0.000000
  0.33333  0.66667  0.00000    -3.2688503     2.6226298     0.0000001    10    12     -0.000000+i*     0.000000
  0.66667  0.66667  0.00000    -4.2052738    -0.0464668     0.0000000     9    11     -0.000000+i*     0.000000
  0.66667  0.66667  0.00000    -2.8912559    -0.0464668     0.0000000    10    11     -0.000000+i*    -0.000000
  0.66667  0.66667  0.00000    -2.8912559     2.6619915     0.0000001    10    12     -0.000000+i*    -0.000000
     5BSE eigenvalue    2.00071400      IP-eigenvalue:    2.00071389
  0.00000  0.00000  0.00000    -6.0785256    -2.3708546     0.0000000     9    11      0.000000+i*     0.000000
  0.00000  0.00000  0.00000    -4.1241113    -2.3708546     0.0000027    10    11      0.000000+i*     0.000000
  0.00000  0.00000  0.00000    -4.1241113     0.4107230     0.0000089    10    12     -0.000000+i*    -0.000001
  0.33333  0.00000  0.00000    -4.5946561    -0.8328566     0.0000000     9    11      0.000000+i*    -0.000000
  0.33333  0.00000  0.00000    -2.8335705    -0.8328566     6.3639610    10    11      0.700637+i*    -0.095438
  0.33333  0.00000  0.00000    -2.8335705     1.9685811     0.0000081    10    12     -0.000001+i*     0.000000
  0.00000  0.33333  0.00000    -5.1496778    -1.5869842     0.0000000     9    11     -0.000000+i*     0.000000
  0.00000  0.33333  0.00000    -3.1203342    -1.5869842     0.0000015    10    11     -0.000000+i*    -0.000000
  0.00000  0.33333  0.00000    -3.1203342     1.1932086     0.0000099    10    12      0.000001+i*     0.000000
  0.33333  0.33333  0.00000    -4.2052738    -0.0464668     0.0000000     9    11     -0.000000+i*     0.000000
  0.33333  0.33333  0.00000    -2.8912559    -0.0464668     0.0000009    10    11     -0.000000+i*    -0.000000
  0.33333  0.33333  0.00000    -2.8912559     2.6619915     0.0000065    10    12     -0.000001+i*    -0.000000
  0.66667  0.33333  0.00000    -4.4620760    -0.0451223     0.0000000     9    11      0.000000+i*    -0.000000
  0.66667  0.33333  0.00000    -3.2688503    -0.0451223     0.0000006    10    11     -0.000000+i*     0.000000
  0.66667  0.33333  0.00000    -3.2688503     2.6226298     0.0000059    10    12      0.000000+i*    -0.000001
  0.66667  0.00000  0.00000    -4.5946561    -0.8328566     0.0000000     9    11      0.000000+i*     0.000000
  0.66667  0.00000  0.00000    -2.8335705    -0.8328566     6.3639610    10    11      0.698525+i*     0.109832
  0.66667  0.00000  0.00000    -2.8335705     1.9685811     0.0000081    10    12     -0.000001+i*    -0.000000
  0.00000  0.66667  0.00000    -5.1496778    -1.5869842     0.0000000     9    11      0.000000+i*    -0.000000
  0.00000  0.66667  0.00000    -3.1203342    -1.5869842     0.0000015    10    11     -0.000000+i*    -0.000000
  0.00000  0.66667  0.00000    -3.1203342     1.1932086     0.0000099    10    12      0.000001+i*     0.000000
  0.33333  0.66667  0.00000    -4.4620760    -0.0451223     0.0000000     9    11      0.000000+i*     0.000000
  0.33333  0.66667  0.00000    -3.2688503    -0.0451223     0.0000006    10    11     -0.000000+i*    -0.000000
  0.33333  0.66667  0.00000    -3.2688503     2.6226298     0.0000059    10    12      0.000000+i*     0.000001
  0.66667  0.66667  0.00000    -4.2052738    -0.0464668     0.0000000     9    11      0.000000+i*    -0.000000
  0.66667  0.66667  0.00000    -2.8912559    -0.0464668     0.0000009    10    11     -0.000000+i*     0.000000
  0.66667  0.66667  0.00000    -2.8912559     2.6619915     0.0000065    10    12     -0.000001+i*     0.000000
     6BSE eigenvalue    2.84478904      IP-eigenvalue:    2.84478904
  0.00000  0.00000  0.00000    -6.0785256    -2.3708546     0.0000000     9    11     -0.000000+i*     0.000000
  0.00000  0.00000  0.00000    -4.1241113    -2.3708546     0.0000000    10    11      0.000000+i*     0.000000
  0.00000  0.00000  0.00000    -4.1241113     0.4107230     0.0000000    10    12      0.000000+i*     0.000000
  0.33333  0.00000  0.00000    -4.5946561    -0.8328566     0.0000000     9    11     -0.000000+i*     0.000000
  0.33333  0.00000  0.00000    -2.8335705    -0.8328566     0.0000000    10    11     -0.000000+i*    -0.000000
  0.33333  0.00000  0.00000    -2.8335705     1.9685811     0.0000001    10    12      0.000000+i*     0.000000
  0.00000  0.33333  0.00000    -5.1496778    -1.5869842     0.0000000     9    11     -0.000000+i*     0.000000
  0.00000  0.33333  0.00000    -3.1203342    -1.5869842     0.0000000    10    11      0.000000+i*     0.000000
  0.00000  0.33333  0.00000    -3.1203342     1.1932086     0.0000004    10    12     -0.000000+i*    -0.000000
  0.33333  0.33333  0.00000    -4.2052738    -0.0464668     0.0000000     9    11     -0.000000+i*     0.000000
  0.33333  0.33333  0.00000    -2.8912559    -0.0464668     6.3639611    10    11      0.084447+i*    -0.702046
  0.33333  0.33333  0.00000    -2.8912559     2.6619915     0.0000003    10    12     -0.000000+i*     0.000000
  0.66667  0.33333  0.00000    -4.4620760    -0.0451223     0.0000000     9    11     -0.000000+i*     0.000000
  0.66667  0.33333  0.00000    -3.2688503    -0.0451223     0.0000001    10    11      0.000000+i*     0.000000
  0.66667  0.33333  0.00000    -3.2688503     2.6226298     0.0000004    10    12     -0.000000+i*    -0.000000
  0.66667  0.00000  0.00000    -4.5946561    -0.8328566     0.0000000     9    11     -0.000000+i*     0.000000
  0.66667  0.00000  0.00000    -2.8335705    -0.8328566     0.0000000    10    11     -0.000000+i*     0.000000
  0.66667  0.00000  0.00000    -2.8335705     1.9685811     0.0000001    10    12      0.000000+i*    -0.000000
  0.00000  0.66667  0.00000    -5.1496778    -1.5869842     0.0000000     9    11     -0.000000+i*     0.000000
  0.00000  0.66667  0.00000    -3.1203342    -1.5869842     0.0000000    10    11     -0.000000+i*    -0.000000
  0.00000  0.66667  0.00000    -3.1203342     1.1932086     0.0000004    10    12      0.000000+i*     0.000000
  0.33333  0.66667  0.00000    -4.4620760    -0.0451223     0.0000000     9    11     -0.000000+i*    -0.000000
  0.33333  0.66667  0.00000    -3.2688503    -0.0451223     0.0000001    10    11      0.000000+i*    -0.000000
  0.33333  0.66667  0.00000    -3.2688503     2.6226298     0.0000004    10    12     -0.000000+i*     0.000000
  0.66667  0.66667  0.00000    -4.2052738    -0.0464668     0.0000000     9    11     -0.000000+i*     0.000000
  0.66667  0.66667  0.00000    -2.8912559    -0.0464668     6.3639610    10    11      0.113781+i*     0.697892
  0.66667  0.66667  0.00000    -2.8912559     2.6619915     0.0000003    10    12     -0.000000+i*    -0.000000
     7BSE eigenvalue    2.84478916      IP-eigenvalue:    2.84478904
  0.00000  0.00000  0.00000    -6.0785256    -2.3708546     0.0000000     9    11     -0.000000+i*     0.000000
  0.00000  0.00000  0.00000    -4.1241113    -2.3708546     0.0000007    10    11     -0.000000+i*    -0.000000
  0.00000  0.00000  0.00000    -4.1241113     0.4107230     0.0000148    10    12      0.000000+i*     0.000002
  0.33333  0.00000  0.00000    -4.5946561    -0.8328566     0.0000000     9    11     -0.000000+i*     0.000000
  0.33333  0.00000  0.00000    -2.8335705    -0.8328566     0.0000009    10    11     -0.000000+i*     0.000000
  0.33333  0.00000  0.00000    -2.8335705     1.9685811     0.0000129    10    12      0.000001+i*    -0.000000
  0.00000  0.33333  0.00000    -5.1496778    -1.5869842     0.0000000     9    11      0.000000+i*    -0.000000
  0.00000  0.33333  0.00000    -3.1203342    -1.5869842     0.0000006    10    11      0.000000+i*     0.000000
  0.00000  0.33333  0.00000    -3.1203342     1.1932086     0.0000175    10    12     -0.000002+i*    -0.000000
  0.33333  0.33333  0.00000    -4.2052738    -0.0464668     0.0000000     9    11      0.000000+i*    -0.000000
  0.33333  0.33333  0.00000    -2.8912559    -0.0464668     6.3639610    10    11     -0.699105+i*    -0.106078
  0.33333  0.33333  0.00000    -2.8912559     2.6619915     0.0000096    10    12      0.000001+i*     0.000000
  0.66667  0.33333  0.00000    -4.4620760    -0.0451223     0.0000000     9    11     -0.000000+i*    -0.000000
  0.66667  0.33333  0.00000    -3.2688503    -0.0451223     0.0000022    10    11      0.000000+i*    -0.000000
  0.66667  0.33333  0.00000    -3.2688503     2.6226298     0.0000085    10    12     -0.000000+i*     0.000001
  0.66667  0.00000  0.00000    -4.5946561    -0.8328566     0.0000000     9    11     -0.000000+i*    -0.000000
  0.66667  0.00000  0.00000    -2.8335705    -0.8328566     0.0000009    10    11     -0.000000+i*    -0.000000
  0.66667  0.00000  0.00000    -2.8335705     1.9685811     0.0000129    10    12      0.000001+i*     0.000000
  0.00000  0.66667  0.00000    -5.1496778    -1.5869842     0.0000000     9    11     -0.000000+i*     0.000000
  0.00000  0.66667  0.00000    -3.1203342    -1.5869842     0.0000006    10    11      0.000000+i*     0.000000
  0.00000  0.66667  0.00000    -3.1203342     1.1932086     0.0000175    10    12     -0.000002+i*    -0.000000
  0.33333  0.66667  0.00000    -4.4620760    -0.0451223     0.0000000     9    11     -0.000000+i*     0.000000
  0.33333  0.66667  0.00000    -3.2688503    -0.0451223     0.0000022    10    11      0.000000+i*     0.000000
  0.33333  0.66667  0.00000    -3.2688503     2.6226298     0.0000085    10    12     -0.000000+i*    -0.000001
  0.66667  0.66667  0.00000    -4.2052738    -0.0464668     0.0000000     9    11     -0.000000+i*     0.000000
  0.66667  0.66667  0.00000    -2.8912559    -0.0464668     6.3639611    10    11     -0.701072+i*     0.092184
  0.66667  0.66667  0.00000    -2.8912559     2.6619915     0.0000096    10    12      0.000001+i*    -0.000000
     8BSE eigenvalue    3.22372796      IP-eigenvalue:    3.22372795
  0.00000  0.00000  0.00000    -6.0785256    -2.3708546     0.0000001     9    11      0.000000+i*     0.000000
  0.00000  0.00000  0.00000    -4.1241113    -2.3708546     0.0000000    10    11      0.000000+i*     0.000000
  0.00000  0.00000  0.00000    -4.1241113     0.4107230     0.0000001    10    12     -0.000000+i*    -0.000000
  0.33333  0.00000  0.00000    -4.5946561    -0.8328566     0.0000001     9    11      0.000000+i*    -0.000000
  0.33333  0.00000  0.00000    -2.8335705    -0.8328566     0.0000000    10    11      0.000000+i*     0.000000
  0.33333  0.00000  0.00000    -2.8335705     1.9685811     0.0000003    10    12     -0.000000+i*    -0.000000
  0.00000  0.33333  0.00000    -5.1496778    -1.5869842     0.0000001     9    11      0.000000+i*    -0.000000
  0.00000  0.33333  0.00000    -3.1203342    -1.5869842     0.0000000    10    11     -0.000000+i*    -0.000000
  0.00000  0.33333  0.00000    -3.1203342     1.1932086     0.0000008    10    12      0.000000+i*     0.000000
  0.33333  0.33333  0.00000    -4.2052738    -0.0464668     0.0000000     9    11      0.000000+i*    -0.000000
  0.33333  0.33333  0.00000    -2.8912559    -0.0464668     0.0000001    10    11     -0.000000+i*     0.000000
  0.33333  0.33333  0.00000    -2.8912559     2.6619915     0.0000005    10    12      0.000000+i*    -0.000000
  0.66667  0.33333  0.00000    -4.4620760    -0.0451223     0.0000000     9    11      0.000000+i*    -0.000000
  0.66667  0.33333  0.00000    -3.2688503    -0.0451223     6.3639611    10    11      0.689838+i*     0.155316
  0.66667  0.33333  0.00000    -3.2688503     2.6226298     0.0000007    10    12      0.000000+i*     0.000000
  0.66667  0.00000  0.00000    -4.5946561    -0.8328566     0.0000001     9    11      0.000000+i*    -0.000000
  0.66667  0.00000  0.00000    -2.8335705    -0.8328566     0.0000000    10    11      0.000000+i*    -0.000000
  0.66667  0.00000  0.00000    -2.8335705     1.9685811     0.0000003    10    12     -0.000000+i*     0.000000
  0.00000  0.66667  0.00000    -5.1496778    -1.5869842     0.0000001     9    11      0.000000+i*    -0.000000
  0.00000  0.66667  0.00000    -3.1203342    -1.5869842     0.0000000    10    11     -0.000000+i*     0.000000
  0.00000  0.66667  0.00000    -3.1203342     1.1932086     0.0000008    10    12      0.000000+i*    -0.000000
  0.33333  0.66667  0.00000    -4.4620760    -0.0451223     0.0000000     9    11      0.000000+i*     0.000000
  0.33333  0.66667  0.00000    -3.2688503    -0.0451223     6.3639610    10    11      0.682726+i*    -0.184078
  0.33333  0.66667  0.00000    -3.2688503     2.6226298     0.0000007    10    12      0.000000+i*    -0.000000
  0.66667  0.66667  0.00000    -4.2052738    -0.0464668     0.0000000     9    11      0.000000+i*    -0.000000
  0.66667  0.66667  0.00000    -2.8912559    -0.0464668     0.0000001    10    11     -0.000000+i*    -0.000000
  0.66667  0.66667  0.00000    -2.8912559     2.6619915     0.0000005    10    12      0.000000+i*     0.000000
