                27                10
     1BSE eigenvalue    0.59789800      IP-eigenvalue:    1.53335004
  0.00000  0.00000  0.00000    -6.0785256    -2.3708546     0.0000001     9    11      0.000000+i*     0.000000
  0.00000  0.00000  0.00000    -4.1241113    -2.3708546     0.6218236    10    11      0.007235+i*     0.068712
  0.00000  0.00000  0.00000    -4.1241113     0.4107230     0.5879554    10    12      0.006632+i*     0.064991
  0.33333  0.00000  0.00000    -4.5946561    -0.8328566     0.0000560     9    11      0.000001+i*    -0.000006
  0.33333  0.00000  0.00000    -2.8335705    -0.8328566     0.0414011    10    11      0.004566+i*    -0.000557
  0.33333  0.00000  0.00000    -2.8335705     1.9685811     0.1227276    10    12      0.013536+i*    -0.001652
  0.00000  0.33333  0.00000    -5.1496778    -1.5869842     0.0000927     9    11      0.000000+i*    -0.000010
  0.00000  0.33333  0.00000    -3.1203342    -1.5869842     6.1847159    10    11     -0.687050+i*    -0.013908
  0.00000  0.33333  0.00000    -3.1203342     1.1932086     1.3651337    10    12     -0.151650+i*    -0.003079
  0.33333  0.33333  0.00000    -4.2052738    -0.0464668     0.0000346     9    11     -0.000000+i*    -0.000004
  0.33333  0.33333  0.00000    -2.8912559    -0.0464668     0.0111528    10    11      0.001222+i*     0.000203
  0.33333  0.33333  0.00000    -2.8912559     2.6619915     0.0277843    10    12      0.003045+i*     0.000506
 -0.33333  0.33333  0.00000    -4.4620760    -0.0451223     0.0000158     9    11     -0.000001+i*    -0.000002
 -0.33333  0.33333  0.00000    -3.2688503    -0.0451223     0.0103685    10    11      0.000309+i*    -0.001110
 -0.33333  0.33333  0.00000    -3.2688503     2.6226298     0.0417311    10    12     -0.001181+i*     0.004484
 -0.33333  0.00000  0.00000    -4.5946561    -0.8328566     0.0000560     9    11      0.000000+i*     0.000006
 -0.33333  0.00000  0.00000    -2.8335705    -0.8328566     0.0414011    10    11      0.004534+i*     0.000779
 -0.33333  0.00000  0.00000    -2.8335705     1.9685811     0.1227276    10    12      0.013439+i*     0.002310
  0.00000 -0.33333  0.00000    -5.1496778    -1.5869842     0.0000927     9    11     -0.000000+i*     0.000010
  0.00000 -0.33333  0.00000    -3.1203342    -1.5869842     6.1847159    10    11     -0.686911+i*    -0.019586
  0.00000 -0.33333  0.00000    -3.1203342     1.1932086     1.3651337    10    12     -0.151620+i*    -0.004314
  0.33333 -0.33333  0.00000    -4.4620760    -0.0451223     0.0000158     9    11     -0.000001+i*     0.000002
  0.33333 -0.33333  0.00000    -3.2688503    -0.0451223     0.0103685    10    11      0.000254+i*     0.001124
  0.33333 -0.33333  0.00000    -3.2688503     2.6226298     0.0417311    10    12     -0.000961+i*    -0.004536
 -0.33333 -0.33333  0.00000    -4.2052738    -0.0464668     0.0000346     9    11     -0.000000+i*     0.000004
 -0.33333 -0.33333  0.00000    -2.8912559    -0.0464668     0.0111528    10    11      0.001231+i*    -0.000144
 -0.33333 -0.33333  0.00000    -2.8912559     2.6619915     0.0277843    10    12      0.003066+i*    -0.000357
     2BSE eigenvalue    0.60203072      IP-eigenvalue:    1.53335004
  0.00000  0.00000  0.00000    -6.0785256    -2.3708546     0.0003094     9    11     -0.000034+i*     0.000000
  0.00000  0.00000  0.00000    -4.1241113    -2.3708546     0.0000004    10    11     -0.000000+i*    -0.000000
  0.00000  0.00000  0.00000    -4.1241113     0.4107230     0.0000023    10    12      0.000000+i*     0.000000
  0.33333  0.00000  0.00000    -4.5946561    -0.8328566     0.0000050     9    11      0.000000+i*     0.000000
  0.33333  0.00000  0.00000    -2.8335705    -0.8328566     0.0017863    10    11      0.000033+i*     0.000196
  0.33333  0.00000  0.00000    -2.8335705     1.9685811     0.0078750    10    12      0.000147+i*     0.000863
  0.00000  0.33333  0.00000    -5.1496778    -1.5869842     0.0000665     9    11     -0.000007+i*     0.000000
  0.00000  0.33333  0.00000    -3.1203342    -1.5869842     6.2515861    10    11     -0.017427+i*    -0.694402
  0.00000  0.33333  0.00000    -3.1203342     1.1932086     1.1875109    10    12     -0.003303+i*    -0.131904
  0.33333  0.33333  0.00000    -4.2052738    -0.0464668     0.0000250     9    11     -0.000003+i*     0.000000
  0.33333  0.33333  0.00000    -2.8912559    -0.0464668     0.0149993    10    11     -0.000199+i*     0.001655
  0.33333  0.33333  0.00000    -2.8912559     2.6619915     0.0742375    10    12     -0.000986+i*     0.008189
 -0.33333  0.33333  0.00000    -4.4620760    -0.0451223     0.0000181     9    11     -0.000002+i*     0.000001
 -0.33333  0.33333  0.00000    -3.2688503    -0.0451223     0.0091897    10    11      0.000995+i*     0.000229
 -0.33333  0.33333  0.00000    -3.2688503     2.6226298     0.0400464    10    12     -0.004350+i*    -0.000937
 -0.33333  0.00000  0.00000    -4.5946561    -0.8328566     0.0000050     9    11      0.000000+i*    -0.000000
 -0.33333  0.00000  0.00000    -2.8335705    -0.8328566     0.0017863    10    11      0.000025+i*    -0.000197
 -0.33333  0.00000  0.00000    -2.8335705     1.9685811     0.0078750    10    12      0.000111+i*    -0.000868
  0.00000 -0.33333  0.00000    -5.1496778    -1.5869842     0.0000665     9    11     -0.000007+i*     0.000000
  0.00000 -0.33333  0.00000    -3.1203342    -1.5869842     6.2515861    10    11      0.011688+i*     0.694522
  0.00000 -0.33333  0.00000    -3.1203342     1.1932086     1.1875109    10    12      0.002228+i*     0.131927
  0.33333 -0.33333  0.00000    -4.4620760    -0.0451223     0.0000181     9    11     -0.000002+i*    -0.000001
  0.33333 -0.33333  0.00000    -3.2688503    -0.0451223     0.0091897    10    11      0.000985+i*    -0.000270
  0.33333 -0.33333  0.00000    -3.2688503     2.6226298     0.0400464    10    12     -0.004307+i*     0.001118
 -0.33333 -0.33333  0.00000    -4.2052738    -0.0464668     0.0000250     9    11     -0.000003+i*    -0.000000
 -0.33333 -0.33333  0.00000    -2.8912559    -0.0464668     0.0149993    10    11     -0.000268+i*    -0.001645
 -0.33333 -0.33333  0.00000    -2.8912559     2.6619915     0.0742375    10    12     -0.001328+i*    -0.008141
     3BSE eigenvalue    0.81819859      IP-eigenvalue:    1.75325663
  0.00000  0.00000  0.00000    -6.0785256    -2.3708546     0.0000002     9    11      0.000000+i*     0.000000
  0.00000  0.00000  0.00000    -4.1241113    -2.3708546     8.5451912    10    11      0.103202+i*     0.943840
  0.00000  0.00000  0.00000    -4.1241113     0.4107230     2.1400363    10    12      0.025086+i*     0.236455
  0.33333  0.00000  0.00000    -4.5946561    -0.8328566     0.0000141     9    11      0.000000+i*    -0.000002
  0.33333  0.00000  0.00000    -2.8335705    -0.8328566     0.1544128    10    11      0.017022+i*    -0.002145
  0.33333  0.00000  0.00000    -2.8335705     1.9685811     0.2827448    10    12      0.031170+i*    -0.003928
  0.00000  0.33333  0.00000    -5.1496778    -1.5869842     0.0002960     9    11      0.000001+i*    -0.000033
  0.00000  0.33333  0.00000    -3.1203342    -1.5869842     0.7605399    10    11      0.084493+i*     0.001372
  0.00000  0.33333  0.00000    -3.1203342     1.1932086     1.0053100    10    12     -0.111686+i*    -0.001821
  0.33333  0.33333  0.00000    -4.2052738    -0.0464668     0.0000583     9    11     -0.000000+i*    -0.000006
  0.33333  0.33333  0.00000    -2.8912559    -0.0464668     0.0108642    10    11      0.001192+i*     0.000193
  0.33333  0.33333  0.00000    -2.8912559     2.6619915     0.0572447    10    12      0.006278+i*     0.001020
 -0.33333  0.33333  0.00000    -4.4620760    -0.0451223     0.0000165     9    11      0.000001+i*     0.000001
 -0.33333  0.33333  0.00000    -3.2688503    -0.0451223     0.0090471    10    11      0.000266+i*    -0.000969
 -0.33333  0.33333  0.00000    -3.2688503     2.6226298     0.0603485    10    12     -0.001683+i*     0.006491
 -0.33333  0.00000  0.00000    -4.5946561    -0.8328566     0.0000141     9    11      0.000000+i*     0.000002
 -0.33333  0.00000  0.00000    -2.8335705    -0.8328566     0.1544128    10    11      0.016921+i*     0.002836
 -0.33333  0.00000  0.00000    -2.8335705     1.9685811     0.2827448    10    12      0.030984+i*     0.005194
  0.00000 -0.33333  0.00000    -5.1496778    -1.5869842     0.0002960     9    11     -0.000001+i*     0.000033
  0.00000 -0.33333  0.00000    -3.1203342    -1.5869842     0.7605400    10    11      0.084479+i*     0.002070
  0.00000 -0.33333  0.00000    -3.1203342     1.1932086     1.0053100    10    12     -0.111668+i*    -0.002729
  0.33333 -0.33333  0.00000    -4.4620760    -0.0451223     0.0000165     9    11      0.000001+i*    -0.000001
  0.33333 -0.33333  0.00000    -3.2688503    -0.0451223     0.0090471    10    11      0.000226+i*     0.000979
  0.33333 -0.33333  0.00000    -3.2688503     2.6226298     0.0603485    10    12     -0.001417+i*    -0.006554
 -0.33333 -0.33333  0.00000    -4.2052738    -0.0464668     0.0000583     9    11     -0.000000+i*     0.000006
 -0.33333 -0.33333  0.00000    -2.8912559    -0.0464668     0.0108642    10    11      0.001198+i*    -0.000145
 -0.33333 -0.33333  0.00000    -2.8912559     2.6619915     0.0572447    10    12      0.006315+i*    -0.000763
     4BSE eigenvalue    0.95659218      IP-eigenvalue:    2.00071389
  0.00000  0.00000  0.00000    -6.0785256    -2.3708546     0.0000005     9    11      0.000000+i*     0.000000
  0.00000  0.00000  0.00000    -4.1241113    -2.3708546     2.4433154    10    11     -0.030474+i*    -0.269764
  0.00000  0.00000  0.00000    -4.1241113     0.4107230     3.5005881    10    12      0.042417+i*     0.386634
  0.33333  0.00000  0.00000    -4.5946561    -0.8328566     0.0000988     9    11      0.000001+i*    -0.000011
  0.33333  0.00000  0.00000    -2.8335705    -0.8328566     0.6282292    10    11      0.069223+i*    -0.008982
  0.33333  0.00000  0.00000    -2.8335705     1.9685811     0.8918553    10    12      0.098272+i*    -0.012749
  0.00000  0.33333  0.00000    -5.1496778    -1.5869842     0.0002316     9    11      0.000001+i*    -0.000026
  0.00000  0.33333  0.00000    -3.1203342    -1.5869842     1.2475293    10    11      0.138603+i*     0.001757
  0.00000  0.33333  0.00000    -3.1203342     1.1932086     5.3454857    10    12     -0.593895+i*    -0.007560
  0.33333  0.33333  0.00000    -4.2052738    -0.0464668     0.0001544     9    11     -0.000001+i*    -0.000017
  0.33333  0.33333  0.00000    -2.8912559    -0.0464668     0.0246289    10    11      0.002703+i*     0.000428
  0.33333  0.33333  0.00000    -2.8912559     2.6619915     0.1555853    10    12      0.017074+i*     0.002708
 -0.33333  0.33333  0.00000    -4.4620760    -0.0451223     0.0000685     9    11     -0.000002+i*    -0.000007
 -0.33333  0.33333  0.00000    -3.2688503    -0.0451223     0.0250325    10    11      0.000726+i*    -0.002685
 -0.33333  0.33333  0.00000    -3.2688503     2.6226298     0.2048949    10    12     -0.005632+i*     0.022059
 -0.33333  0.00000  0.00000    -4.5946561    -0.8328566     0.0000988     9    11      0.000000+i*     0.000011
 -0.33333  0.00000  0.00000    -2.8335705    -0.8328566     0.6282292    10    11      0.068882+i*     0.011301
 -0.33333  0.00000  0.00000    -2.8335705     1.9685811     0.8918553    10    12      0.097788+i*     0.016041
  0.00000 -0.33333  0.00000    -5.1496778    -1.5869842     0.0002316     9    11     -0.000000+i*     0.000026
  0.00000 -0.33333  0.00000    -3.1203342    -1.5869842     1.2475293    10    11      0.138584+i*     0.002898
  0.00000 -0.33333  0.00000    -3.1203342     1.1932086     5.3454857    10    12     -0.593814+i*    -0.012386
  0.33333 -0.33333  0.00000    -4.4620760    -0.0451223     0.0000685     9    11     -0.000003+i*     0.000007
  0.33333 -0.33333  0.00000    -3.2688503    -0.0451223     0.0250325    10    11      0.000635+i*     0.002708
  0.33333 -0.33333  0.00000    -3.2688503     2.6226298     0.2048949    10    12     -0.004888+i*    -0.022235
 -0.33333 -0.33333  0.00000    -4.2052738    -0.0464668     0.0001544     9    11     -0.000001+i*     0.000017
 -0.33333 -0.33333  0.00000    -2.8912559    -0.0464668     0.0246289    10    11      0.002716+i*    -0.000337
 -0.33333 -0.33333  0.00000    -2.8912559     2.6619915     0.1555853    10    12      0.017155+i*    -0.002133
     5BSE eigenvalue    1.03404920      IP-eigenvalue:    2.00071389
  0.00000  0.00000  0.00000    -6.0785256    -2.3708546     0.0001457     9    11     -0.000016+i*     0.000000
  0.00000  0.00000  0.00000    -4.1241113    -2.3708546     0.0000024    10    11      0.000000+i*     0.000000
  0.00000  0.00000  0.00000    -4.1241113     0.4107230     0.0000244    10    12     -0.000000+i*    -0.000003
  0.33333  0.00000  0.00000    -4.5946561    -0.8328566     0.0000142     9    11     -0.000001+i*     0.000001
  0.33333  0.00000  0.00000    -2.8335705    -0.8328566     0.2487001    10    11      0.004620+i*     0.027244
  0.33333  0.00000  0.00000    -2.8335705     1.9685811     0.1394123    10    12      0.002587+i*     0.015273
  0.00000  0.33333  0.00000    -5.1496778    -1.5869842     0.0003130     9    11     -0.000035+i*     0.000001
  0.00000  0.33333  0.00000    -3.1203342    -1.5869842     1.1895729    10    11      0.003316+i*     0.132133
  0.00000  0.33333  0.00000    -3.1203342     1.1932086     6.2235942    10    12     -0.017309+i*    -0.691294
  0.33333  0.33333  0.00000    -4.2052738    -0.0464668     0.0001289     9    11     -0.000014+i*     0.000001
  0.33333  0.33333  0.00000    -2.8912559    -0.0464668     0.0627192    10    11     -0.000833+i*     0.006919
  0.33333  0.33333  0.00000    -2.8912559     2.6619915     0.4664199    10    12     -0.006190+i*     0.051453
 -0.33333  0.33333  0.00000    -4.4620760    -0.0451223     0.0000895     9    11     -0.000009+i*     0.000004
 -0.33333  0.33333  0.00000    -3.2688503    -0.0451223     0.0216213    10    11      0.002341+i*     0.000538
 -0.33333  0.33333  0.00000    -3.2688503     2.6226298     0.2203525    10    12     -0.023935+i*    -0.005153
 -0.33333  0.00000  0.00000    -4.5946561    -0.8328566     0.0000142     9    11     -0.000001+i*    -0.000001
 -0.33333  0.00000  0.00000    -2.8335705    -0.8328566     0.2487001    10    11      0.003473+i*    -0.027414
 -0.33333  0.00000  0.00000    -2.8335705     1.9685811     0.1394123    10    12      0.001945+i*    -0.015368
  0.00000 -0.33333  0.00000    -5.1496778    -1.5869842     0.0003130     9    11     -0.000035+i*     0.000001
  0.00000 -0.33333  0.00000    -3.1203342    -1.5869842     1.1895729    10    11     -0.002229+i*    -0.132156
  0.00000 -0.33333  0.00000    -3.1203342     1.1932086     6.2235942    10    12      0.011701+i*     0.691411
  0.33333 -0.33333  0.00000    -4.4620760    -0.0451223     0.0000895     9    11     -0.000009+i*    -0.000004
  0.33333 -0.33333  0.00000    -3.2688503    -0.0451223     0.0216213    10    11      0.002317+i*    -0.000636
  0.33333 -0.33333  0.00000    -3.2688503     2.6226298     0.2203525    10    12     -0.023698+i*     0.006152
 -0.33333 -0.33333  0.00000    -4.2052738    -0.0464668     0.0001289     9    11     -0.000014+i*    -0.000001
 -0.33333 -0.33333  0.00000    -2.8912559    -0.0464668     0.0627192    10    11     -0.001122+i*    -0.006878
 -0.33333 -0.33333  0.00000    -2.8912559     2.6619915     0.4664199    10    12     -0.008343+i*    -0.051148
     6BSE eigenvalue    1.06876025      IP-eigenvalue:    2.84478904
  0.00000  0.00000  0.00000    -6.0785256    -2.3708546     0.0000009     9    11     -0.000000+i*     0.000000
  0.00000  0.00000  0.00000    -4.1241113    -2.3708546     0.0000392    10    11     -0.000001+i*    -0.000004
  0.00000  0.00000  0.00000    -4.1241113     0.4107230     0.0000855    10    12      0.000001+i*     0.000009
  0.33333  0.00000  0.00000    -4.5946561    -0.8328566     0.0000003     9    11      0.000000+i*    -0.000000
  0.33333  0.00000  0.00000    -2.8335705    -0.8328566     6.2337391    10    11      0.115031+i*     0.683019
  0.33333  0.00000  0.00000    -2.8335705     1.9685811     1.2312181    10    12      0.022720+i*     0.134902
  0.00000  0.33333  0.00000    -5.1496778    -1.5869842     0.0000644     9    11     -0.000007+i*     0.000001
  0.00000  0.33333  0.00000    -3.1203342    -1.5869842     0.0478137    10    11     -0.000134+i*    -0.005311
  0.00000  0.33333  0.00000    -3.1203342     1.1932086     0.2752168    10    12      0.000768+i*     0.030570
  0.33333  0.33333  0.00000    -4.2052738    -0.0464668     0.0001668     9    11      0.000019+i*    -0.000000
  0.33333  0.33333  0.00000    -2.8912559    -0.0464668     0.0756663    10    11     -0.001002+i*     0.008347
  0.33333  0.33333  0.00000    -2.8912559     2.6619915     0.1525304    10    12     -0.002019+i*     0.016827
 -0.33333  0.33333  0.00000    -4.4620760    -0.0451223     0.0001252     9    11     -0.000013+i*     0.000006
 -0.33333  0.33333  0.00000    -3.2688503    -0.0451223     0.0498295    10    11     -0.005396+i*    -0.001241
 -0.33333  0.33333  0.00000    -3.2688503     2.6226298     0.1228615    10    12      0.013346+i*     0.002873
 -0.33333  0.00000  0.00000    -4.5946561    -0.8328566     0.0000003     9    11      0.000000+i*     0.000000
 -0.33333  0.00000  0.00000    -2.8335705    -0.8328566     6.2337391    10    11      0.086142+i*    -0.687260
 -0.33333  0.00000  0.00000    -2.8335705     1.9685811     1.2312181    10    12      0.017014+i*    -0.135740
  0.00000 -0.33333  0.00000    -5.1496778    -1.5869842     0.0000644     9    11     -0.000007+i*    -0.000000
  0.00000 -0.33333  0.00000    -3.1203342    -1.5869842     0.0478137    10    11      0.000090+i*     0.005312
  0.00000 -0.33333  0.00000    -3.1203342     1.1932086     0.2752168    10    12     -0.000521+i*    -0.030575
  0.33333 -0.33333  0.00000    -4.4620760    -0.0451223     0.0001252     9    11     -0.000013+i*    -0.000005
  0.33333 -0.33333  0.00000    -3.2688503    -0.0451223     0.0498295    10    11     -0.005339+i*     0.001467
  0.33333 -0.33333  0.00000    -3.2688503     2.6226298     0.1228615    10    12      0.013213+i*    -0.003433
 -0.33333 -0.33333  0.00000    -4.2052738    -0.0464668     0.0001668     9    11      0.000019+i*    -0.000000
 -0.33333 -0.33333  0.00000    -2.8912559    -0.0464668     0.0756663    10    11     -0.001353+i*    -0.008298
 -0.33333 -0.33333  0.00000    -2.8912559     2.6619915     0.1525304    10    12     -0.002727+i*    -0.016727
     7BSE eigenvalue    1.07209729      IP-eigenvalue:    2.84478904
  0.00000  0.00000  0.00000    -6.0785256    -2.3708546     0.0000002     9    11     -0.000000+i*     0.000000
  0.00000  0.00000  0.00000    -4.1241113    -2.3708546     0.0330800    10    11      0.000536+i*     0.003636
  0.00000  0.00000  0.00000    -4.1241113     0.4107230     0.1708326    10    12      0.002708+i*     0.018787
  0.33333  0.00000  0.00000    -4.5946561    -0.8328566     0.0000180     9    11      0.000000+i*    -0.000002
  0.33333  0.00000  0.00000    -2.8335705    -0.8328566     6.2274296    10    11     -0.682781+i*     0.112188
  0.33333  0.00000  0.00000    -2.8335705     1.9685811     1.0001563    10    12     -0.109658+i*     0.018018
  0.00000  0.33333  0.00000    -5.1496778    -1.5869842     0.0000491     9    11     -0.000001+i*    -0.000005
  0.00000  0.33333  0.00000    -3.1203342    -1.5869842     0.1293640    10    11      0.014371+i*    -0.000299
  0.00000  0.33333  0.00000    -3.1203342     1.1932086     0.8233863    10    12     -0.091468+i*     0.001899
  0.33333  0.33333  0.00000    -4.2052738    -0.0464668     0.0001300     9    11      0.000000+i*     0.000014
  0.33333  0.33333  0.00000    -2.8912559    -0.0464668     0.0615901    10    11     -0.006791+i*    -0.000843
  0.33333  0.33333  0.00000    -2.8912559     2.6619915     0.0487396    10    12     -0.005375+i*    -0.000665
 -0.33333  0.33333  0.00000    -4.4620760    -0.0451223     0.0001257     9    11      0.000006+i*     0.000013
 -0.33333  0.33333  0.00000    -3.2688503    -0.0451223     0.0403122    10    11     -0.001021+i*     0.004361
 -0.33333  0.33333  0.00000    -3.2688503     2.6226298     0.0342747    10    12      0.000816+i*    -0.003720
 -0.33333  0.00000  0.00000    -4.5946561    -0.8328566     0.0000180     9    11      0.000000+i*     0.000002
 -0.33333  0.00000  0.00000    -2.8335705    -0.8328566     6.2274296    10    11     -0.686215+i*    -0.088800
 -0.33333  0.00000  0.00000    -2.8335705     1.9685811     1.0001563    10    12     -0.110209+i*    -0.014262
  0.00000 -0.33333  0.00000    -5.1496778    -1.5869842     0.0000491     9    11     -0.000000+i*     0.000005
  0.00000 -0.33333  0.00000    -3.1203342    -1.5869842     0.1293640    10    11      0.014372+i*    -0.000192
  0.00000 -0.33333  0.00000    -3.1203342     1.1932086     0.8233863    10    12     -0.091479+i*     0.001227
  0.33333 -0.33333  0.00000    -4.4620760    -0.0451223     0.0001257     9    11      0.000005+i*    -0.000013
  0.33333 -0.33333  0.00000    -3.2688503    -0.0451223     0.0403122    10    11     -0.001170+i*    -0.004324
  0.33333 -0.33333  0.00000    -3.2688503     2.6226298     0.0342747    10    12      0.000942+i*     0.003690
 -0.33333 -0.33333  0.00000    -4.2052738    -0.0464668     0.0001300     9    11     -0.000000+i*    -0.000014
 -0.33333 -0.33333  0.00000    -2.8912559    -0.0464668     0.0615901    10    11     -0.006759+i*     0.001074
 -0.33333 -0.33333  0.00000    -2.8912559     2.6619915     0.0487396    10    12     -0.005349+i*     0.000848
     8BSE eigenvalue    1.30431547      IP-eigenvalue:    3.22372795
  0.00000  0.00000  0.00000    -6.0785256    -2.3708546     0.0000003     9    11      0.000000+i*     0.000000
  0.00000  0.00000  0.00000    -4.1241113    -2.3708546     1.2539360    10    11     -0.018037+i*    -0.138154
  0.00000  0.00000  0.00000    -4.1241113     0.4107230     7.6546787    10    12      0.107398+i*     0.843712
  0.33333  0.00000  0.00000    -4.5946561    -0.8328566     0.0000721     9    11     -0.000000+i*     0.000008
  0.33333  0.00000  0.00000    -2.8335705    -0.8328566     0.4974252    10    11     -0.054681+i*     0.008046
  0.33333  0.00000  0.00000    -2.8335705     1.9685811     1.2969973    10    12      0.142575+i*    -0.020982
  0.00000  0.33333  0.00000    -5.1496778    -1.5869842     0.0000400     9    11      0.000000+i*     0.000004
  0.00000  0.33333  0.00000    -3.1203342    -1.5869842     0.3125487    10    11     -0.034727+i*     0.000162
  0.00000  0.33333  0.00000    -3.1203342     1.1932086     2.8877696    10    12      0.320860+i*    -0.001477
  0.33333  0.33333  0.00000    -4.2052738    -0.0464668     0.0000080     9    11      0.000001+i*    -0.000001
  0.33333  0.33333  0.00000    -2.8912559    -0.0464668     0.0306622    10    11      0.003373+i*     0.000477
  0.33333  0.33333  0.00000    -2.8912559     2.6619915     0.1976212    10    12      0.021742+i*     0.003072
 -0.33333  0.33333  0.00000    -4.4620760    -0.0451223     0.0000790     9    11      0.000005+i*     0.000007
 -0.33333  0.33333  0.00000    -3.2688503    -0.0451223     0.0104661    10    11      0.000285+i*    -0.001127
 -0.33333  0.33333  0.00000    -3.2688503     2.6226298     0.1006574    10    12     -0.002581+i*     0.010882
 -0.33333  0.00000  0.00000    -4.5946561    -0.8328566     0.0000721     9    11     -0.000000+i*    -0.000008
 -0.33333  0.00000  0.00000    -2.8335705    -0.8328566     0.4974252    10    11     -0.054689+i*    -0.007987
 -0.33333  0.00000  0.00000    -2.8335705     1.9685811     1.2969973    10    12      0.142598+i*     0.020826
  0.00000 -0.33333  0.00000    -5.1496778    -1.5869842     0.0000400     9    11      0.000000+i*    -0.000004
  0.00000 -0.33333  0.00000    -3.1203342    -1.5869842     0.3125487    10    11     -0.034727+i*    -0.000124
  0.00000 -0.33333  0.00000    -3.1203342     1.1932086     2.8877696    10    12      0.320861+i*     0.001126
  0.33333 -0.33333  0.00000    -4.4620760    -0.0451223     0.0000790     9    11      0.000005+i*    -0.000007
  0.33333 -0.33333  0.00000    -3.2688503    -0.0451223     0.0104661    10    11      0.000286+i*     0.001127
  0.33333 -0.33333  0.00000    -3.2688503     2.6226298     0.1006574    10    12     -0.002593+i*    -0.010879
 -0.33333 -0.33333  0.00000    -4.2052738    -0.0464668     0.0000080     9    11      0.000001+i*     0.000001
 -0.33333 -0.33333  0.00000    -2.8912559    -0.0464668     0.0306622    10    11      0.003373+i*    -0.000481
 -0.33333 -0.33333  0.00000    -2.8912559     2.6619915     0.1976212    10    12      0.021739+i*    -0.003095
     9BSE eigenvalue    1.47286725      IP-eigenvalue:    3.22372795
  0.00000  0.00000  0.00000    -6.0785256    -2.3708546     0.0000503     9    11      0.000006+i*     0.000000
  0.00000  0.00000  0.00000    -4.1241113    -2.3708546     0.0000235    10    11     -0.000000+i*    -0.000003
  0.00000  0.00000  0.00000    -4.1241113     0.4107230     0.0002018    10    12      0.000003+i*     0.000022
  0.33333  0.00000  0.00000    -4.5946561    -0.8328566     0.0000050     9    11      0.000001+i*     0.000000
  0.33333  0.00000  0.00000    -2.8335705    -0.8328566     1.2544791    10    11      0.023127+i*     0.137455
  0.33333  0.00000  0.00000    -2.8335705     1.9685811     6.0954749    10    12     -0.112374+i*    -0.667887
  0.00000  0.33333  0.00000    -5.1496778    -1.5869842     0.0001990     9    11      0.000022+i*    -0.000002
  0.00000  0.33333  0.00000    -3.1203342    -1.5869842     0.0110596    10    11      0.000030+i*     0.001228
  0.00000  0.33333  0.00000    -3.1203342     1.1932086     0.1459873    10    12     -0.000389+i*    -0.016216
  0.33333  0.33333  0.00000    -4.2052738    -0.0464668     0.0001006     9    11     -0.000011+i*     0.000001
  0.33333  0.33333  0.00000    -2.8912559    -0.0464668     0.2403303    10    11      0.003185+i*    -0.026513
  0.33333  0.33333  0.00000    -2.8912559     2.6619915     1.1114755    10    12      0.014735+i*    -0.122615
 -0.33333  0.33333  0.00000    -4.4620760    -0.0451223     0.0000494     9    11      0.000005+i*    -0.000002
 -0.33333  0.33333  0.00000    -3.2688503    -0.0451223     0.0905460    10    11      0.009805+i*     0.002255
 -0.33333  0.33333  0.00000    -3.2688503     2.6226298     0.6698496    10    12     -0.072760+i*    -0.015666
 -0.33333  0.00000  0.00000    -4.5946561    -0.8328566     0.0000050     9    11      0.000001+i*    -0.000000
 -0.33333  0.00000  0.00000    -2.8335705    -0.8328566     1.2544791    10    11      0.017339+i*    -0.138304
 -0.33333  0.00000  0.00000    -2.8335705     1.9685811     6.0954749    10    12     -0.084251+i*     0.672014
  0.00000 -0.33333  0.00000    -5.1496778    -1.5869842     0.0001990     9    11      0.000022+i*     0.000001
  0.00000 -0.33333  0.00000    -3.1203342    -1.5869842     0.0110596    10    11     -0.000022+i*    -0.001229
  0.00000 -0.33333  0.00000    -3.1203342     1.1932086     0.1459873    10    12      0.000292+i*     0.016218
  0.33333 -0.33333  0.00000    -4.4620760    -0.0451223     0.0000494     9    11      0.000005+i*     0.000002
  0.33333 -0.33333  0.00000    -3.2688503    -0.0451223     0.0905460    10    11      0.009701+i*    -0.002665
  0.33333 -0.33333  0.00000    -3.2688503     2.6226298     0.6698496    10    12     -0.072039+i*     0.018705
 -0.33333 -0.33333  0.00000    -4.2052738    -0.0464668     0.0001006     9    11     -0.000011+i*    -0.000000
 -0.33333 -0.33333  0.00000    -2.8912559    -0.0464668     0.2403303    10    11      0.004295+i*     0.026356
 -0.33333 -0.33333  0.00000    -2.8912559     2.6619915     1.1114755    10    12      0.019866+i*     0.121889
    10BSE eigenvalue    1.54427524      IP-eigenvalue:    3.56269363
  0.00000  0.00000  0.00000    -6.0785256    -2.3708546     0.0000015     9    11     -0.000000+i*     0.000000
  0.00000  0.00000  0.00000    -4.1241113    -2.3708546     0.2230588    10    11     -0.003388+i*    -0.024552
  0.00000  0.00000  0.00000    -4.1241113     0.4107230     2.2668540    10    12      0.033625+i*     0.249618
  0.33333  0.00000  0.00000    -4.5946561    -0.8328566     0.0000119     9    11     -0.000000+i*    -0.000001
  0.33333  0.00000  0.00000    -2.8335705    -0.8328566     1.0237122    10    11      0.112408+i*    -0.017397
  0.33333  0.00000  0.00000    -2.8335705     1.9685811     6.0453672    10    12     -0.663805+i*     0.102735
  0.00000  0.33333  0.00000    -5.1496778    -1.5869842     0.0000328     9    11     -0.000001+i*    -0.000003
  0.00000  0.33333  0.00000    -3.1203342    -1.5869842     0.0054077    10    11      0.000601+i*    -0.000007
  0.00000  0.33333  0.00000    -3.1203342     1.1932086     0.1195874    10    12     -0.013287+i*     0.000146
  0.33333  0.33333  0.00000    -4.2052738    -0.0464668     0.0000342     9    11     -0.000000+i*     0.000004
  0.33333  0.33333  0.00000    -2.8912559    -0.0464668     0.0975383    10    11     -0.010742+i*    -0.001437
  0.33333  0.33333  0.00000    -2.8912559     2.6619915     0.4078794    10    12     -0.044920+i*    -0.006005
 -0.33333  0.33333  0.00000    -4.4620760    -0.0451223     0.0001051     9    11      0.000005+i*     0.000010
 -0.33333  0.33333  0.00000    -3.2688503    -0.0451223     0.0492053    10    11     -0.001295+i*     0.005312
 -0.33333  0.33333  0.00000    -3.2688503     2.6226298     0.3445680    10    12      0.008549+i*    -0.037319
 -0.33333  0.00000  0.00000    -4.5946561    -0.8328566     0.0000119     9    11      0.000000+i*     0.000001
 -0.33333  0.00000  0.00000    -2.8335705    -0.8328566     1.0237122    10    11      0.112666+i*     0.015633
 -0.33333  0.00000  0.00000    -2.8335705     1.9685811     6.0453672    10    12     -0.665333+i*    -0.092321
  0.00000 -0.33333  0.00000    -5.1496778    -1.5869842     0.0000328     9    11     -0.000001+i*     0.000003
  0.00000 -0.33333  0.00000    -3.1203342    -1.5869842     0.0054077    10    11      0.000601+i*    -0.000003
  0.00000 -0.33333  0.00000    -3.1203342     1.1932086     0.1195874    10    12     -0.013287+i*     0.000062
  0.33333 -0.33333  0.00000    -4.4620760    -0.0451223     0.0001051     9    11      0.000005+i*    -0.000011
  0.33333 -0.33333  0.00000    -3.2688503    -0.0451223     0.0492053    10    11     -0.001378+i*    -0.005291
  0.33333 -0.33333  0.00000    -3.2688503     2.6226298     0.3445680    10    12      0.009132+i*     0.037180
 -0.33333 -0.33333  0.00000    -4.2052738    -0.0464668     0.0000342     9    11     -0.000000+i*    -0.000004
 -0.33333 -0.33333  0.00000    -2.8912559    -0.0464668     0.0975383    10    11     -0.010718+i*     0.001605
 -0.33333 -0.33333  0.00000    -2.8912559     2.6619915     0.4078794    10    12     -0.044821+i*     0.006708
