                28                28
     1BSE eigenvalue   -0.18127921      IP-eigenvalue:    0.74947955
  0.00000  0.00000  0.00000    -6.0785256    -1.5869842     0.0001192     9    11     -0.000013+i*     0.000000
  0.00000  0.00000  0.00000    -4.1241113    -1.5869842     0.0438951    10    11      0.004822+i*    -0.000731
  0.00000  0.00000  0.00000    -4.1241113     1.1932086     0.0847567    10    12      0.009311+i*    -0.001411
  0.33333  0.00000  0.00000    -4.5946561    -0.0464668     0.0000076     9    11      0.000000+i*    -0.000001
  0.33333  0.00000  0.00000    -2.8335705    -0.0464668     0.0034304    10    11      0.000354+i*     0.000142
  0.33333  0.00000  0.00000    -2.8335705     2.6619915     0.0159243    10    12      0.001641+i*     0.000661
  0.00000  0.33333  0.00000    -5.1496778    -1.5869842     0.0129787     9    11     -0.000745+i*    -0.001235
  0.00000  0.33333  0.00000    -3.1203342    -1.5869842     0.0034622    10    11      0.000329+i*    -0.000200
  0.00000  0.33333  0.00000    -3.1203342     1.1932086     0.0055055    10    12      0.000522+i*    -0.000318
  0.33333  0.33333  0.00000    -4.2052738    -0.0451223     0.0005754     9    11     -0.000058+i*    -0.000027
  0.33333  0.33333  0.00000    -2.8912559    -0.0451223     0.0006856    10    11     -0.000042+i*     0.000064
  0.33333  0.33333  0.00000    -2.8912559     2.6226298     0.0034899    10    12      0.000218+i*    -0.000320
 -0.33333  0.33333  0.00000    -4.4620760    -0.0464668     0.0005088     9    11     -0.000056+i*    -0.000002
 -0.33333  0.33333  0.00000    -3.2688503    -0.0464668     0.0004523    10    11      0.000039+i*     0.000032
 -0.33333  0.33333  0.00000    -3.2688503     2.6619915     0.0022796    10    12      0.000196+i*     0.000160
 -0.33333  0.00000  0.00000    -4.5946561    -0.0451223     0.0000446     9    11      0.000004+i*     0.000003
 -0.33333  0.00000  0.00000    -2.8335705    -0.0451223     0.0036884    10    11      0.000295+i*    -0.000284
 -0.33333  0.00000  0.00000    -2.8335705     2.6226298     0.0178916    10    12     -0.001414+i*     0.001398
  0.00000 -0.33333  0.00000    -5.1496778    -2.3708546     0.0000748     9    11     -0.000005+i*     0.000007
  0.00000 -0.33333  0.00000    -3.1203342    -2.3708546     8.8473426    10    11     -0.798083+i*    -0.573958
  0.00000 -0.33333  0.00000    -5.1496778     0.4107230     0.0022318     9    12     -0.000145+i*     0.000202
  0.00000 -0.33333  0.00000    -3.1203342     0.4107230     1.6461340    10    12     -0.148147+i*    -0.107267
  0.33333 -0.33333  0.00000    -4.4620760    -0.8328566     0.0000052     9    11      0.000000+i*     0.000000
  0.33333 -0.33333  0.00000    -3.2688503    -0.8328566     0.0117276    10    11      0.001194+i*     0.000522
  0.33333 -0.33333  0.00000    -3.2688503     1.9685811     0.0410023    10    12      0.004175+i*     0.001824
 -0.33333 -0.33333  0.00000    -4.2052738    -0.8328566     0.0000058     9    11     -0.000000+i*     0.000001
 -0.33333 -0.33333  0.00000    -2.8912559    -0.8328566     0.0160095    10    11      0.001647+i*     0.000673
 -0.33333 -0.33333  0.00000    -2.8912559     1.9685811     0.0524672    10    12      0.005397+i*     0.002205
     2BSE eigenvalue    0.24934634      IP-eigenvalue:    1.53335004
  0.00000  0.00000  0.00000    -6.0785256    -1.5869842     0.0001176     9    11      0.000013+i*     0.000000
  0.00000  0.00000  0.00000    -4.1241113    -1.5869842     0.0384703    10    11     -0.004225+i*     0.000647
  0.00000  0.00000  0.00000    -4.1241113     1.1932086     0.4761072    10    12     -0.052293+i*     0.007999
  0.33333  0.00000  0.00000    -4.5946561    -0.0464668     0.0000873     9    11     -0.000005+i*     0.000008
  0.33333  0.00000  0.00000    -2.8335705    -0.0464668     0.0085103    10    11     -0.000878+i*    -0.000352
  0.33333  0.00000  0.00000    -2.8335705     2.6619915     0.0879969    10    12     -0.009075+i*    -0.003640
  0.00000  0.33333  0.00000    -5.1496778    -1.5869842     0.0005209     9    11      0.000030+i*     0.000050
  0.00000  0.33333  0.00000    -3.1203342    -1.5869842     0.0165587    10    11     -0.001570+i*     0.000959
  0.00000  0.33333  0.00000    -3.1203342     1.1932086     0.0358994    10    12     -0.003404+i*     0.002080
  0.33333  0.33333  0.00000    -4.2052738    -0.0451223     0.0007315     9    11     -0.000074+i*    -0.000035
  0.33333  0.33333  0.00000    -2.8912559    -0.0451223     0.0032665    10    11      0.000199+i*    -0.000303
  0.33333  0.33333  0.00000    -2.8912559     2.6226298     0.0168550    10    12     -0.001054+i*     0.001548
 -0.33333  0.33333  0.00000    -4.4620760    -0.0464668     0.0008439     9    11     -0.000094+i*    -0.000003
 -0.33333  0.33333  0.00000    -3.2688503    -0.0464668     0.0021359    10    11     -0.000184+i*    -0.000150
 -0.33333  0.33333  0.00000    -3.2688503     2.6619915     0.0111452    10    12     -0.000961+i*    -0.000782
 -0.33333  0.00000  0.00000    -4.5946561    -0.0451223     0.0000380     9    11     -0.000004+i*    -0.000002
 -0.33333  0.00000  0.00000    -2.8335705    -0.0451223     0.0104337    10    11     -0.000835+i*     0.000804
 -0.33333  0.00000  0.00000    -2.8335705     2.6226298     0.1020788    10    12      0.008055+i*    -0.007985
  0.00000 -0.33333  0.00000    -5.1496778    -2.3708546     0.0000525     9    11      0.000003+i*    -0.000005
  0.00000 -0.33333  0.00000    -3.1203342    -2.3708546     1.6501131    10    11     -0.148994+i*    -0.106847
  0.00000 -0.33333  0.00000    -5.1496778     0.4107230     0.0060741     9    12      0.000392+i*    -0.000549
  0.00000 -0.33333  0.00000    -3.1203342     0.4107230     8.8246497    10    12      0.794967+i*     0.573969
  0.33333 -0.33333  0.00000    -4.4620760    -0.8328566     0.0001055     9    11      0.000006+i*     0.000010
  0.33333 -0.33333  0.00000    -3.2688503    -0.8328566     0.0226854    10    11     -0.002311+i*    -0.001006
  0.33333 -0.33333  0.00000    -3.2688503     1.9685811     0.2310693    10    12     -0.023541+i*    -0.010248
 -0.33333 -0.33333  0.00000    -4.2052738    -0.8328566     0.0001182     9    11     -0.000007+i*     0.000011
 -0.33333 -0.33333  0.00000    -2.8912559    -0.8328566     0.0400987    10    11     -0.004127+i*    -0.001679
 -0.33333 -0.33333  0.00000    -2.8912559     1.9685811     0.3140708    10    12     -0.032323+i*    -0.013153
     3BSE eigenvalue    0.60174350      IP-eigenvalue:    2.05839921
  0.00000  0.00000  0.00000    -6.0785256    -1.5869842     0.0006283     9    11     -0.000070+i*     0.000000
  0.00000  0.00000  0.00000    -4.1241113    -1.5869842     0.0001507    10    11      0.000017+i*    -0.000002
  0.00000  0.00000  0.00000    -4.1241113     1.1932086     0.0013584    10    12      0.000149+i*    -0.000022
  0.33333  0.00000  0.00000    -4.5946561    -0.0464668     0.0002670     9    11     -0.000015+i*     0.000026
  0.33333  0.00000  0.00000    -2.8335705    -0.0464668     0.0003804    10    11      0.000039+i*     0.000017
  0.33333  0.00000  0.00000    -2.8335705     2.6619915     0.0033024    10    12      0.000336+i*     0.000147
  0.00000  0.33333  0.00000    -5.1496778    -1.5869842     0.0000226     9    11      0.000001+i*     0.000002
  0.00000  0.33333  0.00000    -3.1203342    -1.5869842     8.8407078    10    11      0.839007+i*    -0.510865
  0.00000  0.33333  0.00000    -3.1203342     1.1932086     1.6824985    10    12      0.159668+i*    -0.097233
  0.33333  0.33333  0.00000    -4.2052738    -0.0451223     0.0000139     9    11     -0.000001+i*    -0.000001
  0.33333  0.33333  0.00000    -2.8912559    -0.0451223     0.0169147    10    11     -0.001029+i*     0.001573
  0.33333  0.33333  0.00000    -2.8912559     2.6226298     0.0566024    10    12      0.003516+i*    -0.005214
 -0.33333  0.33333  0.00000    -4.4620760    -0.0464668     0.0000021     9    11     -0.000000+i*    -0.000000
 -0.33333  0.33333  0.00000    -3.2688503    -0.0464668     0.0120162    10    11      0.001033+i*     0.000845
 -0.33333  0.33333  0.00000    -3.2688503     2.6619915     0.0431724    10    12      0.003713+i*     0.003038
 -0.33333  0.00000  0.00000    -4.5946561    -0.0451223     0.0000999     9    11     -0.000009+i*    -0.000007
 -0.33333  0.00000  0.00000    -2.8335705    -0.0451223     0.0006063    10    11      0.000048+i*    -0.000047
 -0.33333  0.00000  0.00000    -2.8335705     2.6226298     0.0044634    10    12     -0.000352+i*     0.000349
  0.00000 -0.33333  0.00000    -5.1496778    -2.3708546     0.0334783     9    11      0.002160+i*    -0.003028
  0.00000 -0.33333  0.00000    -3.1203342    -2.3708546     0.0001327    10    11      0.000012+i*     0.000009
  0.00000 -0.33333  0.00000    -5.1496778     0.4107230     0.0609337     9    12      0.003949+i*    -0.005499
  0.00000 -0.33333  0.00000    -3.1203342     0.4107230     0.0242377    10    12      0.002181+i*     0.001580
  0.33333 -0.33333  0.00000    -4.4620760    -0.8328566     0.0013898     9    11     -0.000075+i*    -0.000135
  0.33333 -0.33333  0.00000    -3.2688503    -0.8328566     0.0010192    10    11      0.000104+i*     0.000045
  0.33333 -0.33333  0.00000    -3.2688503     1.9685811     0.0051124    10    12      0.000520+i*     0.000228
 -0.33333 -0.33333  0.00000    -4.2052738    -0.8328566     0.0015823     9    11      0.000089+i*    -0.000152
 -0.33333 -0.33333  0.00000    -2.8912559    -0.8328566     0.0028368    10    11      0.000292+i*     0.000118
 -0.33333 -0.33333  0.00000    -2.8912559     1.9685811     0.0095773    10    12      0.000987+i*     0.000397
     4BSE eigenvalue    1.03500121      IP-eigenvalue:    2.43599364
  0.00000  0.00000  0.00000    -6.0785256    -1.5869842     0.0010293     9    11      0.000114+i*     0.000000
  0.00000  0.00000  0.00000    -4.1241113    -1.5869842     0.0013535    10    11     -0.000149+i*     0.000022
  0.00000  0.00000  0.00000    -4.1241113     1.1932086     0.0095201    10    12     -0.001047+i*     0.000154
  0.33333  0.00000  0.00000    -4.5946561    -0.0464668     0.0012756     9    11      0.000071+i*    -0.000122
  0.33333  0.00000  0.00000    -2.8335705    -0.0464668     0.0022001    10    11     -0.000223+i*    -0.000100
  0.33333  0.00000  0.00000    -2.8335705     2.6619915     0.0131973    10    12     -0.001333+i*    -0.000611
  0.00000  0.33333  0.00000    -5.1496778    -1.5869842     0.0003885     9    11     -0.000022+i*    -0.000037
  0.00000  0.33333  0.00000    -3.1203342    -1.5869842     1.6854040    10    11      0.159947+i*    -0.097396
  0.00000  0.33333  0.00000    -3.1203342     1.1932086     8.8225937    10    12     -0.837246+i*     0.509886
  0.33333  0.33333  0.00000    -4.2052738    -0.0451223     0.0001302     9    11     -0.000013+i*    -0.000006
  0.33333  0.33333  0.00000    -2.8912559    -0.0451223     0.0477281    10    11      0.002903+i*    -0.004438
  0.33333  0.33333  0.00000    -2.8912559     2.6226298     0.3405643    10    12     -0.021157+i*     0.031373
 -0.33333  0.33333  0.00000    -4.4620760    -0.0464668     0.0000706     9    11     -0.000008+i*    -0.000000
 -0.33333  0.33333  0.00000    -3.2688503    -0.0464668     0.0244890    10    11     -0.002106+i*    -0.001723
 -0.33333  0.33333  0.00000    -3.2688503     2.6619915     0.2404631    10    12     -0.020679+i*    -0.016918
 -0.33333  0.00000  0.00000    -4.5946561    -0.0451223     0.0000095     9    11     -0.000001+i*    -0.000001
 -0.33333  0.00000  0.00000    -2.8335705    -0.0451223     0.0046604    10    11     -0.000372+i*     0.000360
 -0.33333  0.00000  0.00000    -2.8335705     2.6226298     0.0227599    10    12      0.001791+i*    -0.001786
  0.00000 -0.33333  0.00000    -5.1496778    -2.3708546     0.0392716     9    11     -0.002534+i*     0.003553
  0.00000 -0.33333  0.00000    -3.1203342    -2.3708546     0.0012237    10    11      0.000110+i*     0.000079
  0.00000 -0.33333  0.00000    -5.1496778     0.4107230     0.3617072     9    12     -0.023441+i*     0.032646
  0.00000 -0.33333  0.00000    -3.1203342     0.4107230     0.0375139    10    12     -0.003377+i*    -0.002443
  0.33333 -0.33333  0.00000    -4.4620760    -0.8328566     0.0013686     9    11      0.000074+i*     0.000133
  0.33333 -0.33333  0.00000    -3.2688503    -0.8328566     0.0067617    10    11     -0.000688+i*    -0.000303
  0.33333 -0.33333  0.00000    -3.2688503     1.9685811     0.0243175    10    12     -0.002473+i*    -0.001089
 -0.33333 -0.33333  0.00000    -4.2052738    -0.8328566     0.0017314     9    11     -0.000098+i*     0.000166
 -0.33333 -0.33333  0.00000    -2.8912559    -0.8328566     0.0692977    10    11     -0.007146+i*    -0.002868
 -0.33333 -0.33333  0.00000    -2.8912559     1.9685811     0.0672860    10    12     -0.006942+i*    -0.002776
     5BSE eigenvalue    1.12799603      IP-eigenvalue:    2.53712711
  0.00000  0.00000  0.00000    -6.0785256    -1.5869842     0.0000030     9    11      0.000000+i*     0.000000
  0.00000  0.00000  0.00000    -4.1241113    -1.5869842     0.0151496    10    11     -0.001674+i*     0.000181
  0.00000  0.00000  0.00000    -4.1241113     1.1932086     0.0290995    10    12     -0.003215+i*     0.000347
  0.33333  0.00000  0.00000    -4.5946561    -0.0464668     0.0000113     9    11      0.000001+i*    -0.000001
  0.33333  0.00000  0.00000    -2.8335705    -0.0464668     0.0132008    10    11      0.001336+i*     0.000606
  0.33333  0.00000  0.00000    -2.8335705     2.6619915     0.0862381    10    12      0.008727+i*     0.003956
  0.00000  0.33333  0.00000    -5.1496778    -1.5869842     0.0012313     9    11      0.000066+i*     0.000120
  0.00000  0.33333  0.00000    -3.1203342    -1.5869842     0.0104187    10    11     -0.001018+i*     0.000551
  0.00000  0.33333  0.00000    -3.1203342     1.1932086     0.0800986    10    12      0.007820+i*    -0.004248
  0.33333  0.33333  0.00000    -4.2052738    -0.0451223     0.0007086     9    11     -0.000070+i*    -0.000036
  0.33333  0.33333  0.00000    -2.8912559    -0.0451223     0.0008801    10    11      0.000057+i*    -0.000080
  0.33333  0.33333  0.00000    -2.8912559     2.6226298     0.0020961    10    12     -0.000137+i*     0.000188
 -0.33333  0.33333  0.00000    -4.4620760    -0.0464668     0.0149851     9    11      0.001660+i*     0.000127
 -0.33333  0.33333  0.00000    -3.2688503    -0.0464668     0.0018955    10    11     -0.000157+i*    -0.000140
 -0.33333  0.33333  0.00000    -3.2688503     2.6619915     0.0009607    10    12     -0.000081+i*    -0.000069
 -0.33333  0.00000  0.00000    -4.5946561    -0.0451223     0.0001581     9    11      0.000013+i*     0.000011
 -0.33333  0.00000  0.00000    -2.8335705    -0.0451223     0.1188407    10    11     -0.009900+i*     0.008738
 -0.33333  0.00000  0.00000    -2.8335705     2.6226298     0.1775423    10    12      0.014606+i*    -0.013260
  0.00000 -0.33333  0.00000    -5.1496778    -2.3708546     0.0009185     9    11      0.000063+i*    -0.000080
  0.00000 -0.33333  0.00000    -3.1203342    -2.3708546     0.0072535    10    11     -0.000633+i*    -0.000498
  0.00000 -0.33333  0.00000    -5.1496778     0.4107230     0.0079198     9    12      0.000544+i*    -0.000691
  0.00000 -0.33333  0.00000    -3.1203342     0.4107230     0.0989049    10    12     -0.008616+i*    -0.006821
  0.33333 -0.33333  0.00000    -4.4620760    -0.8328566     0.0000248     9    11     -0.000001+i*    -0.000002
  0.33333 -0.33333  0.00000    -3.2688503    -0.8328566     0.0176073    10    11      0.001757+i*     0.000860
  0.33333 -0.33333  0.00000    -3.2688503     1.9685811     0.0719305    10    12      0.007179+i*     0.003512
 -0.33333 -0.33333  0.00000    -4.2052738    -0.8328566     0.0000272     9    11      0.000002+i*    -0.000003
 -0.33333 -0.33333  0.00000    -2.8912559    -0.8328566     8.8541453    10    11     -0.893895+i*    -0.410856
 -0.33333 -0.33333  0.00000    -2.8912559     1.9685811     1.5898543    10    12     -0.160508+i*    -0.073774
     6BSE eigenvalue    1.50480422      IP-eigenvalue:    2.77882315
  0.00000  0.00000  0.00000    -6.0785256    -1.5869842     0.0000837     9    11      0.000009+i*     0.000000
  0.00000  0.00000  0.00000    -4.1241113    -1.5869842     0.0770256    10    11      0.008527+i*    -0.000736
  0.00000  0.00000  0.00000    -4.1241113     1.1932086     0.0498324    10    12      0.005517+i*    -0.000474
  0.33333  0.00000  0.00000    -4.5946561    -0.0464668     0.0001949     9    11      0.000012+i*    -0.000018
  0.33333  0.00000  0.00000    -2.8335705    -0.0464668     0.2687011    10    11      0.026925+i*     0.012899
  0.33333  0.00000  0.00000    -2.8335705     2.6619915     0.3408352    10    12      0.034154+i*     0.016362
  0.00000  0.33333  0.00000    -5.1496778    -1.5869842     0.0016751     9    11     -0.000086+i*    -0.000165
  0.00000  0.33333  0.00000    -3.1203342    -1.5869842     0.0000245    10    11     -0.000003+i*     0.000000
  0.00000  0.33333  0.00000    -3.1203342     1.1932086     0.0061479    10    12     -0.000600+i*     0.000327
  0.33333  0.33333  0.00000    -4.2052738    -0.0451223     0.0205103     9    11     -0.001997+i*    -0.001097
  0.33333  0.33333  0.00000    -2.8912559    -0.0451223     0.0053902    10    11     -0.000359+i*     0.000480
  0.33333  0.33333  0.00000    -2.8912559     2.6226298     0.0036764    10    12      0.000248+i*    -0.000324
 -0.33333  0.33333  0.00000    -4.4620760    -0.0464668     0.0011266     9    11      0.000125+i*     0.000012
 -0.33333  0.33333  0.00000    -3.2688503    -0.0464668     0.0012164    10    11      0.000098+i*     0.000093
 -0.33333  0.33333  0.00000    -3.2688503     2.6619915     0.0048832    10    12      0.000392+i*     0.000375
 -0.33333  0.00000  0.00000    -4.5946561    -0.0451223     0.0000316     9    11      0.000003+i*     0.000002
 -0.33333  0.00000  0.00000    -2.8335705    -0.0451223     0.0584365    10    11     -0.004957+i*     0.004194
 -0.33333  0.00000  0.00000    -2.8335705     2.6226298     0.2127782    10    12      0.017834+i*    -0.015521
  0.00000 -0.33333  0.00000    -5.1496778    -2.3708546     0.0013715     9    11     -0.000097+i*     0.000118
  0.00000 -0.33333  0.00000    -3.1203342    -2.3708546     0.0079632    10    11      0.000684+i*     0.000561
  0.00000 -0.33333  0.00000    -5.1496778     0.4107230     0.0057264     9    12     -0.000404+i*     0.000491
  0.00000 -0.33333  0.00000    -3.1203342     0.4107230     0.0395911    10    12      0.003391+i*     0.002803
  0.33333 -0.33333  0.00000    -4.4620760    -0.8328566     0.0000196     9    11      0.000001+i*     0.000002
  0.33333 -0.33333  0.00000    -3.2688503    -0.8328566     8.7807126    10    11      0.867216+i*     0.446990
  0.33333 -0.33333  0.00000    -3.2688503     1.9685811     1.6585477    10    12      0.163804+i*     0.084430
 -0.33333 -0.33333  0.00000    -4.2052738    -0.8328566     0.0000258     9    11     -0.000002+i*     0.000002
 -0.33333 -0.33333  0.00000    -2.8912559    -0.8328566     0.2052744    10    11      0.020520+i*     0.009958
 -0.33333 -0.33333  0.00000    -2.8912559     1.9685811     0.9265519    10    12     -0.092620+i*    -0.044948
     7BSE eigenvalue    1.56782947      IP-eigenvalue:    2.78710372
  0.00000  0.00000  0.00000    -6.0785256    -1.5869842     0.0001307     9    11     -0.000015+i*     0.000000
  0.00000  0.00000  0.00000    -4.1241113    -1.5869842     0.7320022    10    11      0.080418+i*    -0.012171
  0.00000  0.00000  0.00000    -4.1241113     1.1932086     0.4178334    10    12      0.045904+i*    -0.006944
  0.33333  0.00000  0.00000    -4.5946561    -0.0464668     0.0000752     9    11      0.000004+i*    -0.000007
  0.33333  0.00000  0.00000    -2.8335705    -0.0464668     0.2069981    10    11     -0.021335+i*    -0.008591
  0.33333  0.00000  0.00000    -2.8335705     2.6619915     0.7228152    10    12     -0.074497+i*    -0.030005
  0.00000  0.33333  0.00000    -5.1496778    -1.5869842     0.0014775     9    11      0.000084+i*     0.000141
  0.00000  0.33333  0.00000    -3.1203342    -1.5869842     0.0008054    10    11      0.000078+i*    -0.000043
  0.00000  0.33333  0.00000    -3.1203342     1.1932086     0.0577009    10    12     -0.005504+i*     0.003288
  0.33333  0.33333  0.00000    -4.2052738    -0.0451223     0.0020943     9    11      0.000211+i*     0.000099
  0.33333  0.33333  0.00000    -2.8912559    -0.0451223     0.0177151    10    11     -0.001080+i*     0.001646
  0.33333  0.33333  0.00000    -2.8912559     2.6226298     0.0357432    10    12      0.002228+i*    -0.003288
 -0.33333  0.33333  0.00000    -4.4620760    -0.0464668     0.0007824     9    11     -0.000087+i*    -0.000003
 -0.33333  0.33333  0.00000    -3.2688503    -0.0464668     0.0048020    10    11      0.000414+i*     0.000337
 -0.33333  0.33333  0.00000    -3.2688503     2.6619915     0.0147305    10    12      0.001272+i*     0.001030
 -0.33333  0.00000  0.00000    -4.5946561    -0.0451223     0.0000629     9    11     -0.000006+i*    -0.000004
 -0.33333  0.00000  0.00000    -2.8335705    -0.0451223     0.4838469    10    11      0.038750+i*    -0.037265
 -0.33333  0.00000  0.00000    -2.8335705     2.6226298     1.4509900    10    12     -0.114626+i*     0.113372
  0.00000 -0.33333  0.00000    -5.1496778    -2.3708546     0.0046790     9    11     -0.000298+i*     0.000426
  0.00000 -0.33333  0.00000    -3.1203342    -2.3708546     0.0034886    10    11     -0.000315+i*    -0.000226
  0.00000 -0.33333  0.00000    -5.1496778     0.4107230     0.0205455     9    12     -0.001321+i*     0.001862
  0.00000 -0.33333  0.00000    -3.1203342     0.4107230     0.3199547    10    12      0.028790+i*     0.020856
  0.33333 -0.33333  0.00000    -4.4620760    -0.8328566     0.0002650     9    11     -0.000014+i*    -0.000026
  0.33333 -0.33333  0.00000    -3.2688503    -0.8328566     1.1110058    10    11      0.113106+i*     0.049454
  0.33333 -0.33333  0.00000    -3.2688503     1.9685811     0.5753723    10    12     -0.058576+i*    -0.025612
 -0.33333 -0.33333  0.00000    -4.2052738    -0.8328566     0.0001620     9    11      0.000009+i*    -0.000016
 -0.33333 -0.33333  0.00000    -2.8912559    -0.8328566     1.5883026    10    11     -0.163355+i*    -0.066782
 -0.33333 -0.33333  0.00000    -2.8912559     1.9685811     8.5550400    10    12      0.879873+i*     0.359705
     8BSE eigenvalue    1.60589453      IP-eigenvalue:    2.78844820
  0.00000  0.00000  0.00000    -6.0785256    -1.5869842     0.0000580     9    11     -0.000006+i*     0.000000
  0.00000  0.00000  0.00000    -4.1241113    -1.5869842     8.8009355    10    11     -0.967240+i*     0.143876
  0.00000  0.00000  0.00000    -4.1241113     1.1932086     1.6642979    10    12     -0.182911+i*     0.027197
  0.33333  0.00000  0.00000    -4.5946561    -0.0464668     0.0000287     9    11      0.000002+i*    -0.000003
  0.33333  0.00000  0.00000    -2.8335705    -0.0464668     0.1447265    10    11     -0.014900+i*    -0.006048
  0.33333  0.00000  0.00000    -2.8335705     2.6619915     0.2574603    10    12     -0.026507+i*    -0.010758
  0.00000  0.33333  0.00000    -5.1496778    -1.5869842     0.0002064     9    11      0.000012+i*     0.000020
  0.00000  0.33333  0.00000    -3.1203342    -1.5869842     0.0001938    10    11      0.000019+i*    -0.000011
  0.00000  0.33333  0.00000    -3.1203342     1.1932086     0.0005633    10    12     -0.000057+i*     0.000025
  0.33333  0.33333  0.00000    -4.2052738    -0.0451223     0.0005721     9    11     -0.000057+i*    -0.000027
  0.33333  0.33333  0.00000    -2.8912559    -0.0451223     0.0022141    10    11      0.000136+i*    -0.000205
  0.33333  0.33333  0.00000    -2.8912559     2.6226298     0.0043556    10    12     -0.000273+i*     0.000400
 -0.33333  0.33333  0.00000    -4.4620760    -0.0464668     0.0012566     9    11     -0.000140+i*    -0.000005
 -0.33333  0.33333  0.00000    -3.2688503    -0.0464668     0.0007901    10    11     -0.000069+i*    -0.000054
 -0.33333  0.33333  0.00000    -3.2688503     2.6619915     0.0023712    10    12     -0.000212+i*    -0.000156
 -0.33333  0.00000  0.00000    -4.5946561    -0.0451223     0.0000489     9    11     -0.000004+i*    -0.000003
 -0.33333  0.00000  0.00000    -2.8335705    -0.0451223     0.0722803    10    11     -0.005803+i*     0.005552
 -0.33333  0.00000  0.00000    -2.8335705     2.6226298     0.0415700    10    12      0.003293+i*    -0.003239
  0.00000 -0.33333  0.00000    -5.1496778    -2.3708546     0.0043860     9    11      0.000284+i*    -0.000396
  0.00000 -0.33333  0.00000    -3.1203342    -2.3708546     0.0350019    10    11     -0.003151+i*    -0.002280
  0.00000 -0.33333  0.00000    -5.1496778     0.4107230     0.0080783     9    12      0.000525+i*    -0.000728
  0.00000 -0.33333  0.00000    -3.1203342     0.4107230     0.1144816    10    12     -0.010282+i*    -0.007489
  0.33333 -0.33333  0.00000    -4.4620760    -0.8328566     0.0000295     9    11      0.000000+i*     0.000003
  0.33333 -0.33333  0.00000    -3.2688503    -0.8328566     0.2107099    10    11      0.021430+i*     0.009429
  0.33333 -0.33333  0.00000    -3.2688503     1.9685811     0.1430726    10    12     -0.014551+i*    -0.006401
 -0.33333 -0.33333  0.00000    -4.2052738    -0.8328566     0.0001435     9    11      0.000008+i*    -0.000014
 -0.33333 -0.33333  0.00000    -2.8912559    -0.8328566     0.1173245    10    11     -0.012054+i*    -0.004964
 -0.33333 -0.33333  0.00000    -2.8912559     1.9685811     0.7657552    10    12      0.078675+i*     0.032397
     9BSE eigenvalue    1.84698298      IP-eigenvalue:    2.84613352
  0.00000  0.00000  0.00000    -6.0785256    -1.5869842     0.0074702     9    11     -0.000830+i*     0.000000
  0.00000  0.00000  0.00000    -4.1241113    -1.5869842     0.3270490    10    11      0.035936+i*    -0.005399
  0.00000  0.00000  0.00000    -4.1241113     1.1932086     0.7043644    10    12     -0.077395+i*     0.011625
  0.33333  0.00000  0.00000    -4.5946561    -0.0464668     0.0003271     9    11      0.000018+i*    -0.000031
  0.33333  0.00000  0.00000    -2.8335705    -0.0464668     8.2917959    10    11     -0.854388+i*    -0.344723
  0.33333  0.00000  0.00000    -2.8335705     2.6619915     2.3556379    10    12     -0.242725+i*    -0.097933
  0.00000  0.33333  0.00000    -5.1496778    -1.5869842     0.0049577     9    11     -0.000284+i*    -0.000472
  0.00000  0.33333  0.00000    -3.1203342    -1.5869842     0.0037549    10    11     -0.000356+i*     0.000218
  0.00000  0.33333  0.00000    -3.1203342     1.1932086     0.0026808    10    12     -0.000266+i*     0.000134
  0.33333  0.33333  0.00000    -4.2052738    -0.0451223     0.0005598     9    11     -0.000056+i*    -0.000027
  0.33333  0.33333  0.00000    -2.8912559    -0.0451223     0.0278686    10    11      0.001701+i*    -0.002587
  0.33333  0.33333  0.00000    -2.8912559     2.6226298     0.0169909    10    12     -0.001060+i*     0.001562
 -0.33333  0.33333  0.00000    -4.4620760    -0.0464668     0.0022771     9    11     -0.000253+i*    -0.000009
 -0.33333  0.33333  0.00000    -3.2688503    -0.0464668     0.0053640    10    11     -0.000461+i*    -0.000378
 -0.33333  0.33333  0.00000    -3.2688503     2.6619915     0.0134543    10    12     -0.001155+i*    -0.000950
 -0.33333  0.00000  0.00000    -4.5946561    -0.0451223     0.0003779     9    11     -0.000033+i*    -0.000026
 -0.33333  0.00000  0.00000    -2.8335705    -0.0451223     0.3097717    10    11      0.024314+i*    -0.024362
 -0.33333  0.00000  0.00000    -2.8335705     2.6226298     0.0878276    10    12     -0.006799+i*     0.007000
  0.00000 -0.33333  0.00000    -5.1496778    -2.3708546     1.5312315     9    11      0.098831+i*    -0.138488
  0.00000 -0.33333  0.00000    -3.1203342    -2.3708546     0.0014270    10    11      0.000129+i*     0.000093
  0.00000 -0.33333  0.00000    -5.1496778     0.4107230     0.2702083     9    12      0.017519+i*    -0.024382
  0.00000 -0.33333  0.00000    -3.1203342     0.4107230     0.1302412    10    12     -0.011714+i*    -0.008497
  0.33333 -0.33333  0.00000    -4.4620760    -0.8328566     0.0033794     9    11     -0.000182+i*    -0.000328
  0.33333 -0.33333  0.00000    -3.2688503    -0.8328566     0.6043767    10    11      0.061520+i*     0.026923
  0.33333 -0.33333  0.00000    -3.2688503     1.9685811     1.6809772    10    12     -0.171111+i*    -0.074873
 -0.33333 -0.33333  0.00000    -4.2052738    -0.8328566     0.0042791     9    11      0.000240+i*    -0.000411
 -0.33333 -0.33333  0.00000    -2.8912559    -0.8328566     0.0576515    10    11      0.005928+i*     0.002427
 -0.33333 -0.33333  0.00000    -2.8912559     1.9685811     0.5999912    10    12     -0.061723+i*    -0.025190
    10BSE eigenvalue    1.84807950      IP-eigenvalue:    3.22238347
  0.00000  0.00000  0.00000    -6.0785256    -1.5869842     0.0424136     9    11      0.004713+i*     0.000000
  0.00000  0.00000  0.00000    -4.1241113    -1.5869842     0.0175476    10    11      0.001876+i*    -0.000529
  0.00000  0.00000  0.00000    -4.1241113     1.1932086     0.0496431    10    12     -0.005360+i*     0.001303
  0.33333  0.00000  0.00000    -4.5946561    -0.0464668     0.0020571     9    11     -0.000115+i*     0.000197
  0.33333  0.00000  0.00000    -2.8335705    -0.0464668     1.4079805    10    11     -0.145256+i*    -0.058095
  0.33333  0.00000  0.00000    -2.8335705     2.6619915     0.3893282    10    12     -0.040163+i*    -0.016070
  0.00000  0.33333  0.00000    -5.1496778    -1.5869842     0.0064759     9    11      0.000371+i*     0.000617
  0.00000  0.33333  0.00000    -3.1203342    -1.5869842     0.0234919    10    11      0.002229+i*    -0.001357
  0.00000  0.33333  0.00000    -3.1203342     1.1932086     0.1078462    10    12      0.010230+i*    -0.006241
  0.33333  0.33333  0.00000    -4.2052738    -0.0451223     0.0004106     9    11     -0.000042+i*    -0.000018
  0.33333  0.33333  0.00000    -2.8912559    -0.0451223     0.1328354    10    11      0.008039+i*    -0.012378
  0.33333  0.33333  0.00000    -2.8912559     2.6226298     0.0876211    10    12     -0.005413+i*     0.008092
 -0.33333  0.33333  0.00000    -4.4620760    -0.0464668     0.0009076     9    11     -0.000101+i*    -0.000003
 -0.33333  0.33333  0.00000    -3.2688503    -0.0464668     0.0117397    10    11     -0.001010+i*    -0.000826
 -0.33333  0.33333  0.00000    -3.2688503     2.6619915     0.0276501    10    12     -0.002377+i*    -0.001946
 -0.33333  0.00000  0.00000    -4.5946561    -0.0451223     0.0020271     9    11      0.000178+i*     0.000138
 -0.33333  0.00000  0.00000    -2.8335705    -0.0451223     1.0599014    10    11      0.090123+i*    -0.075808
 -0.33333  0.00000  0.00000    -2.8335705     2.6226298     0.2806463    10    12     -0.023588+i*     0.020395
  0.00000 -0.33333  0.00000    -5.1496778    -2.3708546     8.6886006     9    11     -0.560559+i*     0.785984
  0.00000 -0.33333  0.00000    -3.1203342    -2.3708546     0.0005023    10    11      0.000045+i*     0.000033
  0.00000 -0.33333  0.00000    -5.1496778     0.4107230     1.4079668     9    12     -0.091249+i*     0.127072
  0.00000 -0.33333  0.00000    -3.1203342     0.4107230     0.0170593    10    12     -0.001550+i*    -0.001090
  0.33333 -0.33333  0.00000    -4.4620760    -0.8328566     0.0180887     9    11      0.000975+i*     0.001757
  0.33333 -0.33333  0.00000    -3.2688503    -0.8328566     0.1042175    10    11      0.010596+i*     0.004672
  0.33333 -0.33333  0.00000    -3.2688503     1.9685811     0.2995314    10    12     -0.030420+i*    -0.013500
 -0.33333 -0.33333  0.00000    -4.2052738    -0.8328566     0.0256572     9    11     -0.001439+i*     0.002461
 -0.33333 -0.33333  0.00000    -2.8912559    -0.8328566     0.0091795    10    11      0.000945+i*     0.000383
 -0.33333 -0.33333  0.00000    -2.8912559     1.9685811     0.2115153    10    12     -0.021435+i*    -0.009637
    11BSE eigenvalue    1.84866739      IP-eigenvalue:    3.37241716
  0.00000  0.00000  0.00000    -6.0785256    -1.5869842     0.0049658     9    11      0.000552+i*     0.000000
  0.00000  0.00000  0.00000    -4.1241113    -1.5869842     0.2659603    10    11      0.029458+i*    -0.002340
  0.00000  0.00000  0.00000    -4.1241113     1.1932086     0.5343186    10    12     -0.059182+i*     0.004706
  0.33333  0.00000  0.00000    -4.5946561    -0.0464668     0.0002390     9    11     -0.000013+i*     0.000023
  0.33333  0.00000  0.00000    -2.8335705    -0.0464668     0.5424120    10    11     -0.054422+i*    -0.025893
  0.33333  0.00000  0.00000    -2.8335705     2.6619915     0.1400767    10    12     -0.014058+i*    -0.006679
  0.00000  0.33333  0.00000    -5.1496778    -1.5869842     0.0005186     9    11     -0.000021+i*    -0.000054
  0.00000  0.33333  0.00000    -3.1203342    -1.5869842     0.0028838    10    11      0.000274+i*    -0.000166
  0.00000  0.33333  0.00000    -3.1203342     1.1932086     0.0173393    10    12      0.001666+i*    -0.000968
  0.33333  0.33333  0.00000    -4.2052738    -0.0451223     0.0017603     9    11     -0.000171+i*    -0.000095
  0.33333  0.33333  0.00000    -2.8912559    -0.0451223     0.0483240    10    11      0.003209+i*    -0.004305
  0.33333  0.33333  0.00000    -2.8912559     2.6226298     0.0324471    10    12     -0.002203+i*     0.002854
 -0.33333  0.33333  0.00000    -4.4620760    -0.0464668     0.0006371     9    11     -0.000070+i*    -0.000007
 -0.33333  0.33333  0.00000    -3.2688503    -0.0464668     0.0021276    10    11     -0.000180+i*    -0.000153
 -0.33333  0.33333  0.00000    -3.2688503     2.6619915     0.0036755    10    12     -0.000318+i*    -0.000257
 -0.33333  0.00000  0.00000    -4.5946561    -0.0451223     0.0001831     9    11      0.000016+i*     0.000012
 -0.33333  0.00000  0.00000    -2.8335705    -0.0451223     8.5703415    10    11     -0.731825+i*     0.609288
 -0.33333  0.00000  0.00000    -2.8335705     2.6226298     2.2427993    10    12      0.189255+i*    -0.162120
  0.00000 -0.33333  0.00000    -5.1496778    -2.3708546     1.0212915     9    11     -0.065915+i*     0.092370
  0.00000 -0.33333  0.00000    -3.1203342    -2.3708546     0.0007632    10    11     -0.000065+i*    -0.000055
  0.00000 -0.33333  0.00000    -5.1496778     0.4107230     0.1562201     9    12     -0.010105+i*     0.014113
  0.00000 -0.33333  0.00000    -3.1203342     0.4107230     0.0303101    10    12     -0.002586+i*    -0.002158
  0.33333 -0.33333  0.00000    -4.4620760    -0.8328566     0.0022426     9    11      0.000120+i*     0.000219
  0.33333 -0.33333  0.00000    -3.2688503    -0.8328566     0.0324346    10    11     -0.003171+i*    -0.001713
  0.33333 -0.33333  0.00000    -3.2688503     1.9685811     0.1826223    10    12      0.017909+i*     0.009539
 -0.33333 -0.33333  0.00000    -4.2052738    -0.8328566     0.0021984     9    11     -0.000118+i*     0.000214
 -0.33333 -0.33333  0.00000    -2.8912559    -0.8328566     0.0060884    10    11      0.000608+i*     0.000296
 -0.33333 -0.33333  0.00000    -2.8912559     1.9685811     0.8616736    10    12      0.085783+i*     0.042516
    12BSE eigenvalue    1.90486628      IP-eigenvalue:    3.53105719
  0.00000  0.00000  0.00000    -6.0785256    -1.5869842     0.0005604     9    11      0.000062+i*     0.000000
  0.00000  0.00000  0.00000    -4.1241113    -1.5869842     0.0216969    10    11     -0.002383+i*     0.000364
  0.00000  0.00000  0.00000    -4.1241113     1.1932086     0.0744394    10    12      0.008176+i*    -0.001251
  0.33333  0.00000  0.00000    -4.5946561    -0.0464668     0.0011680     9    11      0.000065+i*    -0.000112
  0.33333  0.00000  0.00000    -2.8335705    -0.0464668     0.1232261    10    11     -0.012703+i*    -0.005108
  0.33333  0.00000  0.00000    -2.8335705     2.6619915     0.0452191    10    12      0.004662+i*     0.001875
  0.00000  0.33333  0.00000    -5.1496778    -1.5869842     0.0004244     9    11      0.000024+i*     0.000040
  0.00000  0.33333  0.00000    -3.1203342    -1.5869842     0.0047764    10    11     -0.000453+i*     0.000276
  0.00000  0.33333  0.00000    -3.1203342     1.1932086     0.1394797    10    12     -0.013231+i*     0.008069
  0.33333  0.33333  0.00000    -4.2052738    -0.0451223     0.0000061     9    11      0.000001+i*     0.000000
  0.33333  0.33333  0.00000    -2.8912559    -0.0451223     8.6717494    10    11     -0.526964+i*     0.806656
  0.33333  0.33333  0.00000    -2.8912559     2.6226298     2.3831305    10    12      0.147915+i*    -0.219627
 -0.33333  0.33333  0.00000    -4.4620760    -0.0464668     0.0002188     9    11      0.000024+i*     0.000001
 -0.33333  0.33333  0.00000    -3.2688503    -0.0464668     0.0226106    10    11     -0.001946+i*    -0.001590
 -0.33333  0.33333  0.00000    -3.2688503     2.6619915     0.0924397    10    12     -0.007954+i*    -0.006498
 -0.33333  0.00000  0.00000    -4.5946561    -0.0451223     0.0008732     9    11      0.000077+i*     0.000059
 -0.33333  0.00000  0.00000    -2.8335705    -0.0451223     0.0378506    10    11     -0.002964+i*     0.002984
 -0.33333  0.00000  0.00000    -2.8335705     2.6226298     0.0092736    10    12     -0.000712+i*     0.000745
  0.00000 -0.33333  0.00000    -5.1496778    -2.3708546     0.1609746     9    11     -0.010389+i*     0.014560
  0.00000 -0.33333  0.00000    -3.1203342    -2.3708546     0.0000519    10    11     -0.000005+i*    -0.000003
  0.00000 -0.33333  0.00000    -5.1496778     0.4107230     0.0577454     9    12      0.003745+i*    -0.005210
  0.00000 -0.33333  0.00000    -3.1203342     0.4107230     0.0157073    10    12      0.001416+i*     0.001020
  0.33333 -0.33333  0.00000    -4.4620760    -0.8328566     0.0447908     9    11     -0.002417+i*    -0.004350
  0.33333 -0.33333  0.00000    -3.2688503    -0.8328566     0.0411533    10    11     -0.004190+i*    -0.001832
  0.33333 -0.33333  0.00000    -3.2688503     1.9685811     0.1866156    10    12      0.018998+i*     0.008307
 -0.33333 -0.33333  0.00000    -4.2052738    -0.8328566     0.0016967     9    11     -0.000095+i*     0.000163
 -0.33333 -0.33333  0.00000    -2.8912559    -0.8328566     0.0010632    10    11      0.000110+i*     0.000043
 -0.33333 -0.33333  0.00000    -2.8912559     1.9685811     0.0115000    10    12     -0.001186+i*    -0.000476
    13BSE eigenvalue    1.94396322      IP-eigenvalue:    3.56269363
  0.00000  0.00000  0.00000    -6.0785256    -1.5869842     0.0002194     9    11      0.000024+i*     0.000000
  0.00000  0.00000  0.00000    -4.1241113    -1.5869842     0.4786750    10    11      0.052116+i*    -0.010616
  0.00000  0.00000  0.00000    -4.1241113     1.1932086     1.8976176    10    12     -0.206605+i*     0.042077
  0.33333  0.00000  0.00000    -4.5946561    -0.0464668     0.0002203     9    11     -0.000011+i*     0.000022
  0.33333  0.00000  0.00000    -2.8335705    -0.0464668     2.5355032    10    11      0.266340+i*     0.091817
  0.33333  0.00000  0.00000    -2.8335705     2.6619915     2.0703992    10    12     -0.217484+i*    -0.074974
  0.00000  0.33333  0.00000    -5.1496778    -1.5869842     0.0053883     9    11     -0.000335+i*    -0.000496
  0.00000  0.33333  0.00000    -3.1203342    -1.5869842     0.0009200    10    11      0.000085+i*    -0.000057
  0.00000  0.33333  0.00000    -3.1203342     1.1932086     0.0306860    10    12      0.002809+i*    -0.001933
  0.33333  0.33333  0.00000    -4.2052738    -0.0451223     0.0002381     9    11      0.000025+i*     0.000010
  0.33333  0.33333  0.00000    -2.8912559    -0.0451223     0.2406135    10    11     -0.013460+i*     0.023099
  0.33333  0.33333  0.00000    -2.8912559     2.6226298     0.0038411    10    12     -0.000218+i*     0.000367
 -0.33333  0.33333  0.00000    -4.4620760    -0.0464668     0.0068090     9    11     -0.000756+i*     0.000013
 -0.33333  0.33333  0.00000    -3.2688503    -0.0464668     0.0236847    10    11     -0.002114+i*    -0.001567
 -0.33333  0.33333  0.00000    -3.2688503     2.6619915     0.0501687    10    12     -0.004472+i*    -0.003328
 -0.33333  0.00000  0.00000    -4.5946561    -0.0451223     0.0001179     9    11      0.000011+i*     0.000007
 -0.33333  0.00000  0.00000    -2.8335705    -0.0451223     0.3035782    10    11     -0.023074+i*     0.024604
 -0.33333  0.00000  0.00000    -2.8335705     2.6226298     0.2288946    10    12     -0.017135+i*     0.018794
  0.00000 -0.33333  0.00000    -5.1496778    -2.3708546     0.0339578     9    11     -0.002032+i*     0.003179
  0.00000 -0.33333  0.00000    -3.1203342    -2.3708546     0.0068853    10    11      0.000643+i*     0.000415
  0.00000 -0.33333  0.00000    -5.1496778     0.4107230     0.0402252     9    12      0.002419+i*    -0.003758
  0.00000 -0.33333  0.00000    -3.1203342     0.4107230     0.3471191    10    12     -0.032347+i*    -0.021006
  0.33333 -0.33333  0.00000    -4.4620760    -0.8328566     0.0006648     9    11     -0.000040+i*    -0.000062
  0.33333 -0.33333  0.00000    -3.2688503    -0.8328566     1.4350486    10    11      0.149169+i*     0.056327
  0.33333 -0.33333  0.00000    -3.2688503     1.9685811     7.9657142    10    12     -0.828013+i*    -0.312665
 -0.33333 -0.33333  0.00000    -4.2052738    -0.8328566     0.0009636     9    11     -0.000050+i*     0.000095
 -0.33333 -0.33333  0.00000    -2.8912559    -0.8328566     0.0707953    10    11      0.007424+i*     0.002600
 -0.33333 -0.33333  0.00000    -2.8912559     1.9685811     0.7795772    10    12     -0.081749+i*    -0.028636
    14BSE eigenvalue    2.03208211      IP-eigenvalue:    3.62921937
  0.00000  0.00000  0.00000    -6.0785256    -1.5869842     0.0001485     9    11      0.000016+i*     0.000000
  0.00000  0.00000  0.00000    -4.1241113    -1.5869842     1.5765738    10    11      0.173792+i*    -0.021966
  0.00000  0.00000  0.00000    -4.1241113     1.1932086     8.1347255    10    12     -0.896731+i*     0.113288
  0.33333  0.00000  0.00000    -4.5946561    -0.0464668     0.0000496     9    11     -0.000003+i*     0.000005
  0.33333  0.00000  0.00000    -2.8335705    -0.0464668     0.5179617    10    11      0.052831+i*     0.022826
  0.33333  0.00000  0.00000    -2.8335705     2.6619915     0.9240978    10    12     -0.094256+i*    -0.040725
  0.00000  0.33333  0.00000    -5.1496778    -1.5869842     0.0058300     9    11     -0.000321+i*    -0.000563
  0.00000  0.33333  0.00000    -3.1203342    -1.5869842     0.0005122    10    11      0.000049+i*    -0.000028
  0.00000  0.33333  0.00000    -3.1203342     1.1932086     0.0057763    10    12      0.000551+i*    -0.000329
  0.33333  0.33333  0.00000    -4.2052738    -0.0451223     0.0056971     9    11     -0.000566+i*    -0.000283
  0.33333  0.33333  0.00000    -2.8912559    -0.0451223     0.0563662    10    11     -0.003598+i*     0.005126
  0.33333  0.33333  0.00000    -2.8912559     2.6226298     0.0421784    10    12     -0.002759+i*     0.003788
 -0.33333  0.33333  0.00000    -4.4620760    -0.0464668     0.0047302     9    11     -0.000525+i*    -0.000031
 -0.33333  0.33333  0.00000    -3.2688503    -0.0464668     0.0091931    10    11     -0.000805+i*    -0.000629
 -0.33333  0.33333  0.00000    -3.2688503     2.6619915     0.0126837    10    12     -0.001151+i*    -0.000814
 -0.33333  0.00000  0.00000    -4.5946561    -0.0451223     0.0000303     9    11     -0.000003+i*    -0.000002
 -0.33333  0.00000  0.00000    -2.8335705    -0.0451223     1.1889839    10    11      0.097434+i*    -0.089216
 -0.33333  0.00000  0.00000    -2.8335705     2.6226298     2.0325999    10    12      0.164409+i*    -0.154840
  0.00000 -0.33333  0.00000    -5.1496778    -2.3708546     0.0167868     9    11     -0.001101+i*     0.001506
  0.00000 -0.33333  0.00000    -3.1203342    -2.3708546     0.0092759    10    11      0.000822+i*     0.000622
  0.00000 -0.33333  0.00000    -5.1496778     0.4107230     0.0383070     9    12      0.002526+i*    -0.003425
  0.00000 -0.33333  0.00000    -3.1203342     0.4107230     0.3801286    10    12     -0.033586+i*    -0.025611
  0.33333 -0.33333  0.00000    -4.4620760    -0.8328566     0.0001414     9    11      0.000004+i*     0.000015
  0.33333 -0.33333  0.00000    -3.2688503    -0.8328566     0.3355396    10    11     -0.033788+i*    -0.015758
  0.33333 -0.33333  0.00000    -3.2688503     1.9685811     2.2259905    10    12      0.224156+i*     0.104534
 -0.33333 -0.33333  0.00000    -4.2052738    -0.8328566     0.0001818     9    11     -0.000010+i*     0.000018
 -0.33333 -0.33333  0.00000    -2.8912559    -0.8328566     0.0581872    10    11     -0.005923+i*    -0.002592
 -0.33333 -0.33333  0.00000    -2.8912559     1.9685811     0.6712722    10    12      0.068332+i*     0.029896
    15BSE eigenvalue    2.20975463      IP-eigenvalue:    4.16015147
  0.00000  0.00000  0.00000    -6.0785256    -1.5869842     0.0000664     9    11      0.000007+i*     0.000000
  0.00000  0.00000  0.00000    -4.1241113    -1.5869842     0.2093825    10    11     -0.022858+i*     0.004331
  0.00000  0.00000  0.00000    -4.1241113     1.1932086     1.6329010    10    12      0.178263+i*    -0.033768
  0.33333  0.00000  0.00000    -4.5946561    -0.0464668     0.0001660     9    11     -0.000009+i*     0.000016
  0.33333  0.00000  0.00000    -2.8335705    -0.0464668     0.5645283    10    11     -0.059003+i*    -0.021287
  0.33333  0.00000  0.00000    -2.8335705     2.6619915     2.2998581    10    12      0.240375+i*     0.086721
  0.00000  0.33333  0.00000    -5.1496778    -1.5869842     0.0033218     9    11     -0.000201+i*    -0.000310
  0.00000  0.33333  0.00000    -3.1203342    -1.5869842     0.0000333    10    11     -0.000000+i*    -0.000004
  0.00000  0.33333  0.00000    -3.1203342     1.1932086     0.0222238    10    12      0.002108+i*    -0.001286
  0.33333  0.33333  0.00000    -4.2052738    -0.0451223     0.0048009     9    11     -0.000491+i*    -0.000209
  0.33333  0.33333  0.00000    -2.8912559    -0.0451223     0.1129479    10    11     -0.006801+i*     0.010547
  0.33333  0.33333  0.00000    -2.8912559     2.6226298     0.3380704    10    12     -0.020843+i*     0.031251
 -0.33333  0.33333  0.00000    -4.4620760    -0.0464668     0.0015866     9    11     -0.000176+i*     0.000000
 -0.33333  0.33333  0.00000    -3.2688503    -0.0464668     0.0114778    10    11      0.001016+i*     0.000771
 -0.33333  0.33333  0.00000    -3.2688503     2.6619915     0.0179020    10    12      0.001584+i*     0.001203
 -0.33333  0.00000  0.00000    -4.5946561    -0.0451223     0.0000941     9    11     -0.000008+i*    -0.000007
 -0.33333  0.00000  0.00000    -2.8335705    -0.0451223     2.0759782    10    11      0.160226+i*    -0.165933
 -0.33333  0.00000  0.00000    -2.8335705     2.6226298     8.0150998    10    12      0.609558+i*    -0.649267
  0.00000 -0.33333  0.00000    -5.1496778    -2.3708546     0.0029613     9    11      0.000289+i*    -0.000158
  0.00000 -0.33333  0.00000    -3.1203342    -2.3708546     0.0007976    10    11     -0.000074+i*    -0.000049
  0.00000 -0.33333  0.00000    -5.1496778     0.4107230     0.0090952     9    12     -0.000981+i*     0.000241
  0.00000 -0.33333  0.00000    -3.1203342     0.4107230     0.0208477    10    12      0.001922+i*     0.001292
  0.33333 -0.33333  0.00000    -4.4620760    -0.8328566     0.0000873     9    11      0.000006+i*     0.000008
  0.33333 -0.33333  0.00000    -3.2688503    -0.8328566     0.1682019    10    11      0.017389+i*     0.006849
  0.33333 -0.33333  0.00000    -3.2688503     1.9685811     1.5755599    10    12     -0.162885+i*    -0.064151
 -0.33333 -0.33333  0.00000    -4.2052738    -0.8328566     0.0003371     9    11      0.000019+i*    -0.000032
 -0.33333 -0.33333  0.00000    -2.8912559    -0.8328566     0.0817991    10    11     -0.008534+i*    -0.003126
 -0.33333 -0.33333  0.00000    -2.8912559     1.9685811     1.2183235    10    12      0.127110+i*     0.046560
    16BSE eigenvalue    2.24665039      IP-eigenvalue:    4.31354279
  0.00000  0.00000  0.00000    -6.0785256    -1.5869842     0.0003061     9    11      0.000034+i*     0.000000
  0.00000  0.00000  0.00000    -4.1241113    -1.5869842     0.0033589    10    11     -0.000367+i*     0.000068
  0.00000  0.00000  0.00000    -4.1241113     1.1932086     0.0289503    10    12      0.003164+i*    -0.000579
  0.33333  0.00000  0.00000    -4.5946561    -0.0464668     0.0008251     9    11     -0.000046+i*     0.000079
  0.33333  0.00000  0.00000    -2.8335705    -0.0464668     0.0434652    10    11      0.004578+i*     0.001539
  0.33333  0.00000  0.00000    -2.8335705     2.6619915     0.2053844    10    12     -0.021618+i*    -0.007311
  0.00000  0.33333  0.00000    -5.1496778    -1.5869842     0.0048621     9    11     -0.000280+i*    -0.000462
  0.00000  0.33333  0.00000    -3.1203342    -1.5869842     0.0123044    10    11     -0.001168+i*     0.000710
  0.00000  0.33333  0.00000    -3.1203342     1.1932086     0.3429481    10    12      0.032562+i*    -0.019792
  0.33333  0.33333  0.00000    -4.2052738    -0.0451223     0.0009824     9    11     -0.000099+i*    -0.000046
  0.33333  0.33333  0.00000    -2.8912559    -0.0451223     2.3538780    10    11     -0.143348+i*     0.218759
  0.33333  0.33333  0.00000    -2.8912559     2.6226298     8.4643103    10    12     -0.526456+i*     0.779323
 -0.33333  0.33333  0.00000    -4.4620760    -0.0464668     0.0011026     9    11     -0.000122+i*    -0.000004
 -0.33333  0.33333  0.00000    -3.2688503    -0.0464668     1.0687314    10    11      0.091848+i*     0.075266
 -0.33333  0.33333  0.00000    -3.2688503     2.6619915     0.7090609    10    12      0.060938+i*     0.049935
 -0.33333  0.00000  0.00000    -4.5946561    -0.0451223     0.0039445     9    11     -0.000346+i*    -0.000269
 -0.33333  0.00000  0.00000    -2.8335705    -0.0451223     0.0657985    10    11     -0.005120+i*     0.005218
 -0.33333  0.00000  0.00000    -2.8335705     2.6226298     0.2925070    10    12     -0.022450+i*     0.023501
  0.00000 -0.33333  0.00000    -5.1496778    -2.3708546     0.2680754     9    11      0.017333+i*    -0.024224
  0.00000 -0.33333  0.00000    -3.1203342    -2.3708546     0.0002354    10    11     -0.000021+i*    -0.000015
  0.00000 -0.33333  0.00000    -5.1496778     0.4107230     1.3513197     9    12     -0.087757+i*     0.121831
  0.00000 -0.33333  0.00000    -3.1203342     0.4107230     0.0064646    10    12     -0.000583+i*    -0.000419
  0.33333 -0.33333  0.00000    -4.4620760    -0.8328566     0.0031195     9    11      0.000168+i*     0.000303
  0.33333 -0.33333  0.00000    -3.2688503    -0.8328566     0.0134169    10    11     -0.001383+i*    -0.000557
  0.33333 -0.33333  0.00000    -3.2688503     1.9685811     0.1321189    10    12      0.013618+i*     0.005481
 -0.33333 -0.33333  0.00000    -4.2052738    -0.8328566     0.0304901     9    11      0.001711+i*    -0.002924
 -0.33333 -0.33333  0.00000    -2.8912559    -0.8328566     0.0018588    10    11      0.000195+i*     0.000067
 -0.33333 -0.33333  0.00000    -2.8912559     1.9685811     0.0242466    10    12     -0.002563+i*    -0.000829
    17BSE eigenvalue    2.26171269      IP-eigenvalue:    4.41560920
  0.00000  0.00000  0.00000    -6.0785256    -1.5869842     0.0000871     9    11      0.000010+i*     0.000000
  0.00000  0.00000  0.00000    -4.1241113    -1.5869842     0.2471497    10    11     -0.027301+i*     0.002963
  0.00000  0.00000  0.00000    -4.1241113     1.1932086     2.1413638    10    12      0.236541+i*    -0.025662
  0.33333  0.00000  0.00000    -4.5946561    -0.0464668     0.0000775     9    11     -0.000004+i*     0.000007
  0.33333  0.00000  0.00000    -2.8335705    -0.0464668     1.6730671    10    11      0.169340+i*     0.076691
  0.33333  0.00000  0.00000    -2.8335705     2.6619915     8.0025035    10    12     -0.809972+i*    -0.366828
  0.00000  0.33333  0.00000    -5.1496778    -1.5869842     0.0170536     9    11     -0.000909+i*    -0.001663
  0.00000  0.33333  0.00000    -3.1203342    -1.5869842     0.0010114    10    11      0.000100+i*    -0.000052
  0.00000  0.33333  0.00000    -3.1203342     1.1932086     0.0042200    10    12      0.000365+i*    -0.000294
  0.33333  0.33333  0.00000    -4.2052738    -0.0451223     0.0048591     9    11     -0.000479+i*    -0.000250
  0.33333  0.33333  0.00000    -2.8912559    -0.0451223     0.0230495    10    11      0.001708+i*    -0.001908
  0.33333  0.33333  0.00000    -2.8912559     2.6226298     0.0997546    10    12      0.007397+i*    -0.008255
 -0.33333  0.33333  0.00000    -4.4620760    -0.0464668     0.0018878     9    11     -0.000209+i*    -0.000016
 -0.33333  0.33333  0.00000    -3.2688503    -0.0464668     0.1877820    10    11     -0.015330+i*    -0.014154
 -0.33333  0.33333  0.00000    -3.2688503     2.6619915     0.0769160    10    12     -0.006256+i*    -0.005822
 -0.33333  0.00000  0.00000    -4.5946561    -0.0451223     0.0001435     9    11      0.000012+i*     0.000011
 -0.33333  0.00000  0.00000    -2.8335705    -0.0451223     0.5012011    10    11      0.041728+i*    -0.036879
 -0.33333  0.00000  0.00000    -2.8335705     2.6226298     2.2719819    10    12      0.186792+i*    -0.169812
  0.00000 -0.33333  0.00000    -5.1496778    -2.3708546     0.0266904     9    11     -0.001802+i*     0.002355
  0.00000 -0.33333  0.00000    -3.1203342    -2.3708546     0.0012610    10    11     -0.000110+i*    -0.000086
  0.00000 -0.33333  0.00000    -5.1496778     0.4107230     0.1428407     9    12      0.009690+i*    -0.012570
  0.00000 -0.33333  0.00000    -3.1203342     0.4107230     0.0546114    10    12      0.004758+i*     0.003765
  0.33333 -0.33333  0.00000    -4.4620760    -0.8328566     0.0003802     9    11     -0.000017+i*    -0.000039
  0.33333 -0.33333  0.00000    -3.2688503    -0.8328566     0.1991335    10    11     -0.019881+i*    -0.009712
  0.33333 -0.33333  0.00000    -3.2688503     1.9685811     1.9859859    10    12      0.198273+i*     0.096855
 -0.33333 -0.33333  0.00000    -4.2052738    -0.8328566     0.0052439     9    11     -0.000325+i*     0.000483
 -0.33333 -0.33333  0.00000    -2.8912559    -0.8328566     0.0085113    10    11      0.000859+i*     0.000395
 -0.33333 -0.33333  0.00000    -2.8912559     1.9685811     0.2028952    10    12     -0.020481+i*    -0.009421
    18BSE eigenvalue    2.28705405      IP-eigenvalue:    4.49154140
  0.00000  0.00000  0.00000    -6.0785256    -1.5869842     0.0003685     9    11     -0.000041+i*     0.000000
  0.00000  0.00000  0.00000    -4.1241113    -1.5869842     0.0022920    10    11      0.000248+i*    -0.000056
  0.00000  0.00000  0.00000    -4.1241113     1.1932086     0.0238893    10    12     -0.002595+i*     0.000557
  0.33333  0.00000  0.00000    -4.5946561    -0.0464668     0.0006959     9    11      0.000039+i*    -0.000067
  0.33333  0.00000  0.00000    -2.8335705    -0.0464668     0.0302110    10    11     -0.003127+i*    -0.001220
  0.33333  0.00000  0.00000    -2.8335705     2.6619915     0.1538061    10    12      0.015921+i*     0.006211
  0.00000  0.33333  0.00000    -5.1496778    -1.5869842     0.0034640     9    11     -0.000198+i*    -0.000330
  0.00000  0.33333  0.00000    -3.1203342    -1.5869842     0.0036975    10    11      0.000351+i*    -0.000214
  0.00000  0.33333  0.00000    -3.1203342     1.1932086     0.1599597    10    12      0.015183+i*    -0.009240
  0.33333  0.33333  0.00000    -4.2052738    -0.0451223     0.0007638     9    11     -0.000077+i*    -0.000036
  0.33333  0.33333  0.00000    -2.8912559    -0.0451223     0.2439504    10    11     -0.014847+i*     0.022677
  0.33333  0.33333  0.00000    -2.8912559     2.6226298     1.0000756    10    12     -0.062166+i*     0.092103
 -0.33333  0.33333  0.00000    -4.4620760    -0.0464668     0.0006954     9    11     -0.000077+i*    -0.000003
 -0.33333  0.33333  0.00000    -3.2688503    -0.0464668     8.6416079    10    11     -0.743078+i*    -0.608094
 -0.33333  0.33333  0.00000    -3.2688503     2.6619915     1.9707295    10    12     -0.169461+i*    -0.138675
 -0.33333  0.00000  0.00000    -4.5946561    -0.0451223     0.0015554     9    11      0.000137+i*     0.000106
 -0.33333  0.00000  0.00000    -2.8335705    -0.0451223     0.0146046    10    11     -0.001131+i*     0.001163
 -0.33333  0.00000  0.00000    -2.8335705     2.6226298     0.0701868    10    12     -0.005355+i*     0.005670
  0.00000 -0.33333  0.00000    -5.1496778    -2.3708546     0.2055335     9    11      0.013265+i*    -0.018589
  0.00000 -0.33333  0.00000    -3.1203342    -2.3708546     0.0000259    10    11     -0.000002+i*    -0.000002
  0.00000 -0.33333  0.00000    -5.1496778     0.4107230     1.1121453     9    12     -0.072101+i*     0.100356
  0.00000 -0.33333  0.00000    -3.1203342     0.4107230     0.0035627    10    12     -0.000324+i*    -0.000228
  0.33333 -0.33333  0.00000    -4.4620760    -0.8328566     0.0022576     9    11     -0.000122+i*    -0.000219
  0.33333 -0.33333  0.00000    -3.2688503    -0.8328566     0.0003839    10    11      0.000039+i*     0.000017
  0.33333 -0.33333  0.00000    -3.2688503     1.9685811     0.0021015    10    12     -0.000212+i*    -0.000098
 -0.33333 -0.33333  0.00000    -4.2052738    -0.8328566     0.2097114     9    11     -0.011756+i*     0.020119
 -0.33333 -0.33333  0.00000    -2.8912559    -0.8328566     0.0008044    10    11      0.000083+i*     0.000033
 -0.33333 -0.33333  0.00000    -2.8912559     1.9685811     0.0126949    10    12      0.001298+i*     0.000552
    19BSE eigenvalue    2.33053416      IP-eigenvalue:    4.54818925
  0.00000  0.00000  0.00000    -6.0785256    -1.5869842     0.0034213     9    11     -0.000380+i*     0.000000
  0.00000  0.00000  0.00000    -4.1241113    -1.5869842     0.0020672    10    11      0.000229+i*    -0.000023
  0.00000  0.00000  0.00000    -4.1241113     1.1932086     0.0176719    10    12      0.001922+i*    -0.000402
  0.33333  0.00000  0.00000    -4.5946561    -0.0464668     0.0044594     9    11     -0.000250+i*     0.000428
  0.33333  0.00000  0.00000    -2.8335705    -0.0464668     0.0184261    10    11     -0.001891+i*    -0.000785
  0.33333  0.00000  0.00000    -2.8335705     2.6619915     0.1381106    10    12      0.014187+i*     0.005849
  0.00000  0.33333  0.00000    -5.1496778    -1.5869842     0.0338441     9    11      0.001941+i*     0.003221
  0.00000  0.33333  0.00000    -3.1203342    -1.5869842     0.0109225    10    11      0.001037+i*    -0.000631
  0.00000  0.33333  0.00000    -3.1203342     1.1932086     0.2977502    10    12     -0.028258+i*     0.017205
  0.33333  0.33333  0.00000    -4.2052738    -0.0451223     0.0077258     9    11      0.000778+i*     0.000363
  0.33333  0.33333  0.00000    -2.8912559    -0.0451223     0.3125847    10    11     -0.018993+i*     0.029078
  0.33333  0.33333  0.00000    -2.8912559     2.6226298     1.4660992    10    12     -0.090984+i*     0.135124
 -0.33333  0.33333  0.00000    -4.4620760    -0.0464668     0.0074476     9    11      0.000827+i*     0.000028
 -0.33333  0.33333  0.00000    -3.2688503    -0.0464668     1.0328725    10    11     -0.088834+i*    -0.072658
 -0.33333  0.33333  0.00000    -3.2688503     2.6619915     0.2532469    10    12      0.021782+i*     0.017814
 -0.33333  0.00000  0.00000    -4.5946561    -0.0451223     0.0038165     9    11      0.000336+i*     0.000259
 -0.33333  0.00000  0.00000    -2.8335705    -0.0451223     0.0131236    10    11     -0.001114+i*     0.000941
 -0.33333  0.00000  0.00000    -2.8335705     2.6226298     0.0976462    10    12     -0.008066+i*     0.007257
  0.00000 -0.33333  0.00000    -5.1496778    -2.3708546     1.4040804     9    11     -0.090582+i*     0.127018
  0.00000 -0.33333  0.00000    -3.1203342    -2.3708546     0.0011349    10    11     -0.000102+i*    -0.000074
  0.00000 -0.33333  0.00000    -5.1496778     0.4107230     8.6907921     9    12      0.563199+i*    -0.784395
  0.00000 -0.33333  0.00000    -3.1203342     0.4107230     0.0054225    10    12     -0.000489+i*    -0.000353
  0.33333 -0.33333  0.00000    -4.4620760    -0.8328566     0.0008439     9    11     -0.000045+i*    -0.000082
  0.33333 -0.33333  0.00000    -3.2688503    -0.8328566     0.0019741    10    11      0.000201+i*     0.000087
  0.33333 -0.33333  0.00000    -3.2688503     1.9685811     0.0164895    10    12      0.001675+i*     0.000742
 -0.33333 -0.33333  0.00000    -4.2052738    -0.8328566     0.0191886     9    11     -0.001075+i*     0.001841
 -0.33333 -0.33333  0.00000    -2.8912559    -0.8328566     0.0016314    10    11      0.000167+i*     0.000071
 -0.33333 -0.33333  0.00000    -2.8912559     1.9685811     0.0194549    10    12      0.002020+i*     0.000769
    20BSE eigenvalue    2.45438648      IP-eigenvalue:    4.54953373
  0.00000  0.00000  0.00000    -6.0785256    -1.5869842     0.0037334     9    11      0.000415+i*     0.000000
  0.00000  0.00000  0.00000    -4.1241113    -1.5869842     0.0000985    10    11     -0.000011+i*     0.000002
  0.00000  0.00000  0.00000    -4.1241113     1.1932086     0.0002684    10    12     -0.000030+i*     0.000004
  0.33333  0.00000  0.00000    -4.5946561    -0.0464668     0.0008962     9    11      0.000050+i*    -0.000086
  0.33333  0.00000  0.00000    -2.8335705    -0.0464668     0.0001710    10    11     -0.000018+i*    -0.000007
  0.33333  0.00000  0.00000    -2.8335705     2.6619915     0.0004807    10    12      0.000051+i*     0.000017
  0.00000  0.33333  0.00000    -5.1496778    -1.5869842     0.0017191     9    11      0.000101+i*     0.000162
  0.00000  0.33333  0.00000    -3.1203342    -1.5869842     0.0010041    10    11      0.000095+i*    -0.000058
  0.00000  0.33333  0.00000    -3.1203342     1.1932086     0.0001328    10    12      0.000012+i*    -0.000008
  0.33333  0.33333  0.00000    -4.2052738    -0.0451223     0.0004633     9    11     -0.000047+i*    -0.000022
  0.33333  0.33333  0.00000    -2.8912559    -0.0451223     0.0004418    10    11     -0.000027+i*     0.000041
  0.33333  0.33333  0.00000    -2.8912559     2.6226298     0.0032624    10    12     -0.000203+i*     0.000301
 -0.33333  0.33333  0.00000    -4.4620760    -0.0464668     0.0060568     9    11      0.000673+i*     0.000023
 -0.33333  0.33333  0.00000    -3.2688503    -0.0464668     0.2104877    10    11      0.018101+i*     0.014810
 -0.33333  0.33333  0.00000    -3.2688503     2.6619915     0.0345905    10    12      0.002975+i*     0.002434
 -0.33333  0.00000  0.00000    -4.5946561    -0.0451223     0.0618062     9    11      0.005429+i*     0.004206
 -0.33333  0.00000  0.00000    -2.8335705    -0.0451223     0.0008311    10    11     -0.000067+i*     0.000064
 -0.33333  0.00000  0.00000    -2.8335705     2.6226298     0.0000332    10    12     -0.000003+i*     0.000002
  0.00000 -0.33333  0.00000    -5.1496778    -2.3708546     0.0249088     9    11      0.001607+i*    -0.002253
  0.00000 -0.33333  0.00000    -3.1203342    -2.3708546     0.0000248    10    11      0.000002+i*     0.000002
  0.00000 -0.33333  0.00000    -5.1496778     0.4107230     0.0075575     9    12      0.000490+i*    -0.000682
  0.00000 -0.33333  0.00000    -3.1203342     0.4107230     0.0000340    10    12     -0.000003+i*    -0.000002
  0.33333 -0.33333  0.00000    -4.4620760    -0.8328566     0.0022636     9    11     -0.000122+i*    -0.000220
  0.33333 -0.33333  0.00000    -3.2688503    -0.8328566     0.0000792    10    11     -0.000008+i*    -0.000004
  0.33333 -0.33333  0.00000    -3.2688503     1.9685811     0.0000716    10    12      0.000007+i*     0.000004
 -0.33333 -0.33333  0.00000    -4.2052738    -0.8328566     8.9972178     9    11     -0.504261+i*     0.863193
 -0.33333 -0.33333  0.00000    -2.8912559    -0.8328566     0.0000636    10    11     -0.000007+i*    -0.000003
 -0.33333 -0.33333  0.00000    -2.8912559     1.9685811     0.0001426    10    12      0.000015+i*     0.000006
    21BSE eigenvalue    2.64415318      IP-eigenvalue:    4.85983696
  0.00000  0.00000  0.00000    -6.0785256    -1.5869842     0.0000107     9    11      0.000001+i*     0.000000
  0.00000  0.00000  0.00000    -4.1241113    -1.5869842     0.0011010    10    11      0.000121+i*    -0.000018
  0.00000  0.00000  0.00000    -4.1241113     1.1932086     0.0020576    10    12     -0.000226+i*     0.000034
  0.33333  0.00000  0.00000    -4.5946561    -0.0464668     0.0004237     9    11      0.000024+i*    -0.000041
  0.33333  0.00000  0.00000    -2.8335705    -0.0464668     0.0014066    10    11      0.000145+i*     0.000059
  0.33333  0.00000  0.00000    -2.8335705     2.6619915     0.0175107    10    12     -0.001804+i*    -0.000729
  0.00000  0.33333  0.00000    -5.1496778    -1.5869842     8.9998373     9    11      0.515352+i*     0.856958
  0.00000  0.33333  0.00000    -3.1203342    -1.5869842     0.0000088    10    11     -0.000001+i*     0.000001
  0.00000  0.33333  0.00000    -3.1203342     1.1932086     0.0012421    10    12      0.000118+i*    -0.000072
  0.33333  0.33333  0.00000    -4.2052738    -0.0451223     0.0258950     9    11      0.002603+i*     0.001225
  0.33333  0.33333  0.00000    -2.8912559    -0.0451223     0.0001276    10    11     -0.000008+i*     0.000012
  0.33333  0.33333  0.00000    -2.8912559     2.6226298     0.0001065    10    12     -0.000007+i*     0.000010
 -0.33333  0.33333  0.00000    -4.4620760    -0.0464668     0.0176336     9    11      0.001958+i*     0.000068
 -0.33333  0.33333  0.00000    -3.2688503    -0.0464668     0.0031674    10    11      0.000272+i*     0.000223
 -0.33333  0.33333  0.00000    -3.2688503     2.6619915     0.0121272    10    12     -0.001042+i*    -0.000854
 -0.33333  0.00000  0.00000    -4.5946561    -0.0451223     0.0003084     9    11     -0.000027+i*    -0.000021
 -0.33333  0.00000  0.00000    -2.8335705    -0.0451223     0.0011667    10    11      0.000094+i*    -0.000090
 -0.33333  0.00000  0.00000    -2.8335705     2.6226298     0.0091341    10    12      0.000723+i*    -0.000712
  0.00000 -0.33333  0.00000    -5.1496778    -2.3708546     0.0124319     9    11      0.000804+i*    -0.001124
  0.00000 -0.33333  0.00000    -3.1203342    -2.3708546     0.0126508    10    11     -0.001140+i*    -0.000822
  0.00000 -0.33333  0.00000    -5.1496778     0.4107230     0.0319338     9    12     -0.002073+i*     0.002880
  0.00000 -0.33333  0.00000    -3.1203342     0.4107230     0.0033118    10    12     -0.000298+i*    -0.000216
  0.33333 -0.33333  0.00000    -4.4620760    -0.8328566     0.0056444     9    11      0.000304+i*     0.000549
  0.33333 -0.33333  0.00000    -3.2688503    -0.8328566     0.0020882    10    11      0.000212+i*     0.000093
  0.33333 -0.33333  0.00000    -3.2688503     1.9685811     0.0003286    10    12     -0.000033+i*    -0.000015
 -0.33333 -0.33333  0.00000    -4.2052738    -0.8328566     0.0017606     9    11      0.000101+i*    -0.000167
 -0.33333 -0.33333  0.00000    -2.8912559    -0.8328566     0.0015751    10    11      0.000162+i*     0.000066
 -0.33333 -0.33333  0.00000    -2.8912559     1.9685811     0.0014393    10    12     -0.000148+i*    -0.000060
    22BSE eigenvalue    2.66593415      IP-eigenvalue:    5.23743139
  0.00000  0.00000  0.00000    -6.0785256    -1.5869842     0.0039354     9    11      0.000437+i*     0.000000
  0.00000  0.00000  0.00000    -4.1241113    -1.5869842     0.0006915    10    11      0.000077+i*    -0.000004
  0.00000  0.00000  0.00000    -4.1241113     1.1932086     0.0181638    10    12     -0.002010+i*     0.000184
  0.33333  0.00000  0.00000    -4.5946561    -0.0464668     0.0017924     9    11     -0.000100+i*     0.000172
  0.33333  0.00000  0.00000    -2.8335705    -0.0464668     0.0027139    10    11      0.000280+i*     0.000112
  0.33333  0.00000  0.00000    -2.8335705     2.6619915     0.0449960    10    12     -0.004640+i*    -0.001862
  0.00000  0.33333  0.00000    -5.1496778    -1.5869842     0.0108752     9    11      0.000623+i*     0.001035
  0.00000  0.33333  0.00000    -3.1203342    -1.5869842     0.0042301    10    11      0.000401+i*    -0.000244
  0.00000  0.33333  0.00000    -3.1203342     1.1932086     0.2349214    10    12     -0.022295+i*     0.013574
  0.33333  0.33333  0.00000    -4.2052738    -0.0451223     0.0003406     9    11     -0.000034+i*    -0.000016
  0.33333  0.33333  0.00000    -2.8912559    -0.0451223     0.0537149    10    11      0.003268+i*    -0.004994
  0.33333  0.33333  0.00000    -2.8912559     2.6226298     0.5201721    10    12      0.032321+i*    -0.047915
 -0.33333  0.33333  0.00000    -4.4620760    -0.0464668     0.0003319     9    11     -0.000037+i*    -0.000001
 -0.33333  0.33333  0.00000    -3.2688503    -0.0464668     2.0078515    10    11     -0.172653+i*    -0.141287
 -0.33333  0.33333  0.00000    -3.2688503     2.6619915     8.7442148    10    12      0.751910+i*     0.615303
 -0.33333  0.00000  0.00000    -4.5946561    -0.0451223     0.0019094     9    11     -0.000168+i*    -0.000130
 -0.33333  0.00000  0.00000    -2.8335705    -0.0451223     0.0014283    10    11      0.000114+i*    -0.000111
 -0.33333  0.00000  0.00000    -2.8335705     2.6226298     0.0188880    10    12      0.001483+i*    -0.001485
  0.00000 -0.33333  0.00000    -5.1496778    -2.3708546     0.0364170     9    11      0.002350+i*    -0.003294
  0.00000 -0.33333  0.00000    -3.1203342    -2.3708546     0.0003026    10    11      0.000027+i*     0.000020
  0.00000 -0.33333  0.00000    -5.1496778     0.4107230     0.4048885     9    12     -0.026245+i*     0.036539
  0.00000 -0.33333  0.00000    -3.1203342     0.4107230     0.0075916    10    12      0.000685+i*     0.000492
  0.33333 -0.33333  0.00000    -4.4620760    -0.8328566     0.0920013     9    11      0.004965+i*     0.008935
  0.33333 -0.33333  0.00000    -3.2688503    -0.8328566     0.0006452    10    11      0.000067+i*     0.000026
  0.33333 -0.33333  0.00000    -3.2688503     1.9685811     0.0359245    10    12     -0.003679+i*    -0.001549
 -0.33333 -0.33333  0.00000    -4.2052738    -0.8328566     0.0138247     9    11     -0.000775+i*     0.001326
 -0.33333 -0.33333  0.00000    -2.8912559    -0.8328566     0.0002632    10    11      0.000027+i*     0.000011
 -0.33333 -0.33333  0.00000    -2.8912559     1.9685811     0.0210481    10    12     -0.002165+i*    -0.000884
    23BSE eigenvalue    2.71169307      IP-eigenvalue:    5.31731987
  0.00000  0.00000  0.00000    -6.0785256    -1.5869842     0.0046945     9    11     -0.000522+i*     0.000000
  0.00000  0.00000  0.00000    -4.1241113    -1.5869842     0.0000411    10    11      0.000005+i*    -0.000000
  0.00000  0.00000  0.00000    -4.1241113     1.1932086     0.0005905    10    12     -0.000064+i*     0.000013
  0.33333  0.00000  0.00000    -4.5946561    -0.0464668     0.0763657     9    11      0.004283+i*    -0.007325
  0.33333  0.00000  0.00000    -2.8335705    -0.0464668     0.0005646    10    11      0.000058+i*     0.000023
  0.33333  0.00000  0.00000    -2.8335705     2.6619915     0.0002325    10    12     -0.000024+i*    -0.000010
  0.00000  0.33333  0.00000    -5.1496778    -1.5869842     0.0057948     9    11      0.000332+i*     0.000551
  0.00000  0.33333  0.00000    -3.1203342    -1.5869842     0.0009993    10    11     -0.000095+i*     0.000058
  0.00000  0.33333  0.00000    -3.1203342     1.1932086     0.0029711    10    12     -0.000282+i*     0.000171
  0.33333  0.33333  0.00000    -4.2052738    -0.0451223     0.0119858     9    11     -0.001206+i*    -0.000566
  0.33333  0.33333  0.00000    -2.8912559    -0.0451223     0.0432830    10    11      0.002634+i*    -0.004024
  0.33333  0.33333  0.00000    -2.8912559     2.6226298     0.0093492    10    12     -0.000581+i*     0.000861
 -0.33333  0.33333  0.00000    -4.4620760    -0.0464668     0.0005732     9    11      0.000064+i*     0.000002
 -0.33333  0.33333  0.00000    -3.2688503    -0.0464668     0.0178487    10    11     -0.001534+i*    -0.001257
 -0.33333  0.33333  0.00000    -3.2688503     2.6619915     0.0904812    10    12      0.007774+i*     0.006374
 -0.33333  0.00000  0.00000    -4.5946561    -0.0451223     0.0006727     9    11      0.000059+i*     0.000046
 -0.33333  0.00000  0.00000    -2.8335705    -0.0451223     0.0000885    10    11      0.000007+i*    -0.000007
 -0.33333  0.00000  0.00000    -2.8335705     2.6226298     0.0002661    10    12      0.000021+i*    -0.000020
  0.00000 -0.33333  0.00000    -5.1496778    -2.3708546     0.0169989     9    11     -0.001097+i*     0.001537
  0.00000 -0.33333  0.00000    -3.1203342    -2.3708546     0.0000280    10    11     -0.000003+i*    -0.000002
  0.00000 -0.33333  0.00000    -5.1496778     0.4107230     0.0084583     9    12     -0.000549+i*     0.000763
  0.00000 -0.33333  0.00000    -3.1203342     0.4107230     0.0001052    10    12      0.000009+i*     0.000007
  0.33333 -0.33333  0.00000    -4.4620760    -0.8328566     8.9990625     9    11     -0.484853+i*    -0.874477
  0.33333 -0.33333  0.00000    -3.2688503    -0.8328566     0.0000394    10    11      0.000004+i*     0.000002
  0.33333 -0.33333  0.00000    -3.2688503     1.9685811     0.0006506    10    12     -0.000066+i*    -0.000029
 -0.33333 -0.33333  0.00000    -4.2052738    -0.8328566     0.0021536     9    11      0.000121+i*    -0.000207
 -0.33333 -0.33333  0.00000    -2.8912559    -0.8328566     0.0000507    10    11      0.000005+i*     0.000002
 -0.33333 -0.33333  0.00000    -2.8912559     1.9685811     0.0003281    10    12     -0.000034+i*    -0.000014
    24BSE eigenvalue    3.24132200      IP-eigenvalue:    5.45620037
  0.00000  0.00000  0.00000    -6.0785256    -1.5869842     0.0007175     9    11      0.000080+i*     0.000000
  0.00000  0.00000  0.00000    -4.1241113    -1.5869842     0.0002526    10    11     -0.000028+i*     0.000004
  0.00000  0.00000  0.00000    -4.1241113     1.1932086     0.0033561    10    12      0.000369+i*    -0.000056
  0.33333  0.00000  0.00000    -4.5946561    -0.0464668     0.0000292     9    11      0.000002+i*    -0.000003
  0.33333  0.00000  0.00000    -2.8335705    -0.0464668     0.0008437    10    11     -0.000087+i*    -0.000035
  0.33333  0.00000  0.00000    -2.8335705     2.6619915     0.0029650    10    12      0.000306+i*     0.000123
  0.00000  0.33333  0.00000    -5.1496778    -1.5869842     0.0259315     9    11      0.001488+i*     0.002467
  0.00000  0.33333  0.00000    -3.1203342    -1.5869842     0.0000266    10    11     -0.000003+i*     0.000002
  0.00000  0.33333  0.00000    -3.1203342     1.1932086     0.0001933    10    12     -0.000018+i*     0.000011
  0.33333  0.33333  0.00000    -4.2052738    -0.0451223     8.9999227     9    11     -0.905292+i*    -0.424769
  0.33333  0.33333  0.00000    -2.8912559    -0.0451223     0.0000104    10    11      0.000001+i*    -0.000001
  0.33333  0.33333  0.00000    -2.8912559     2.6226298     0.0000848    10    12     -0.000005+i*     0.000008
 -0.33333  0.33333  0.00000    -4.4620760    -0.0464668     0.0022684     9    11      0.000252+i*     0.000008
 -0.33333  0.33333  0.00000    -3.2688503    -0.0464668     0.0000710    10    11     -0.000006+i*    -0.000005
 -0.33333  0.33333  0.00000    -3.2688503     2.6619915     0.0001428    10    12     -0.000012+i*    -0.000010
 -0.33333  0.00000  0.00000    -4.5946561    -0.0451223     0.0009228     9    11      0.000082+i*     0.000061
 -0.33333  0.00000  0.00000    -2.8335705    -0.0451223     0.0002689    10    11     -0.000022+i*     0.000021
 -0.33333  0.00000  0.00000    -2.8335705     2.6226298     0.0080821    10    12     -0.000639+i*     0.000631
  0.00000 -0.33333  0.00000    -5.1496778    -2.3708546     0.0006675     9    11     -0.000043+i*     0.000060
  0.00000 -0.33333  0.00000    -3.1203342    -2.3708546     0.0006416    10    11      0.000058+i*     0.000042
  0.00000 -0.33333  0.00000    -5.1496778     0.4107230     0.0076284     9    12      0.000496+i*    -0.000687
  0.00000 -0.33333  0.00000    -3.1203342     0.4107230     0.0004201    10    12     -0.000038+i*    -0.000027
  0.33333 -0.33333  0.00000    -4.4620760    -0.8328566     0.0119964     9    11      0.000647+i*     0.001166
  0.33333 -0.33333  0.00000    -3.2688503    -0.8328566     0.0195246    10    11     -0.001988+i*    -0.000869
  0.33333 -0.33333  0.00000    -3.2688503     1.9685811     0.0056628    10    12     -0.000577+i*    -0.000252
 -0.33333 -0.33333  0.00000    -4.2052738    -0.8328566     0.0004762     9    11      0.000027+i*    -0.000046
 -0.33333 -0.33333  0.00000    -2.8912559    -0.8328566     0.0000479    10    11     -0.000005+i*    -0.000002
 -0.33333 -0.33333  0.00000    -2.8912559     1.9685811     0.0031107    10    12      0.000320+i*     0.000131
    25BSE eigenvalue    3.49778591      IP-eigenvalue:    5.49556207
  0.00000  0.00000  0.00000    -6.0785256    -1.5869842     0.0054229     9    11     -0.000603+i*     0.000000
  0.00000  0.00000  0.00000    -4.1241113    -1.5869842     0.0000512    10    11      0.000006+i*    -0.000001
  0.00000  0.00000  0.00000    -4.1241113     1.1932086     0.0054009    10    12     -0.000593+i*     0.000091
  0.33333  0.00000  0.00000    -4.5946561    -0.0464668     0.0031402     9    11      0.000175+i*    -0.000302
  0.33333  0.00000  0.00000    -2.8335705    -0.0464668     0.0000880    10    11      0.000009+i*     0.000004
  0.33333  0.00000  0.00000    -2.8335705     2.6619915     0.0043600    10    12     -0.000450+i*    -0.000180
  0.00000  0.33333  0.00000    -5.1496778    -1.5869842     0.0176843     9    11     -0.001019+i*    -0.001680
  0.00000  0.33333  0.00000    -3.1203342    -1.5869842     0.0000234    10    11      0.000002+i*    -0.000001
  0.00000  0.33333  0.00000    -3.1203342     1.1932086     0.0001262    10    12      0.000012+i*    -0.000007
  0.33333  0.33333  0.00000    -4.2052738    -0.0451223     0.0022105     9    11      0.000223+i*     0.000104
  0.33333  0.33333  0.00000    -2.8912559    -0.0451223     0.0000420    10    11     -0.000003+i*     0.000004
  0.33333  0.33333  0.00000    -2.8912559     2.6226298     0.0000150    10    12     -0.000001+i*     0.000001
 -0.33333  0.33333  0.00000    -4.4620760    -0.0464668     8.9999578     9    11      0.999506+i*     0.031283
 -0.33333  0.33333  0.00000    -3.2688503    -0.0464668     0.0000378    10    11      0.000003+i*     0.000003
 -0.33333  0.33333  0.00000    -3.2688503     2.6619915     0.0000177    10    12     -0.000002+i*    -0.000001
 -0.33333  0.00000  0.00000    -4.5946561    -0.0451223     0.0001273     9    11      0.000011+i*     0.000009
 -0.33333  0.00000  0.00000    -2.8335705    -0.0451223     0.0006820    10    11      0.000055+i*    -0.000053
 -0.33333  0.00000  0.00000    -2.8335705     2.6226298     0.0024838    10    12      0.000196+i*    -0.000194
  0.00000 -0.33333  0.00000    -5.1496778    -2.3708546     0.0005476     9    11      0.000035+i*    -0.000050
  0.00000 -0.33333  0.00000    -3.1203342    -2.3708546     0.0006133    10    11     -0.000055+i*    -0.000040
  0.00000 -0.33333  0.00000    -5.1496778     0.4107230     0.0074293     9    12     -0.000480+i*     0.000672
  0.00000 -0.33333  0.00000    -3.1203342     0.4107230     0.0004316    10    12      0.000039+i*     0.000028
  0.33333 -0.33333  0.00000    -4.4620760    -0.8328566     0.0005963     9    11      0.000032+i*     0.000058
  0.33333 -0.33333  0.00000    -3.2688503    -0.8328566     0.0000530    10    11      0.000005+i*     0.000002
  0.33333 -0.33333  0.00000    -3.2688503     1.9685811     0.0055789    10    12     -0.000569+i*    -0.000247
 -0.33333 -0.33333  0.00000    -4.2052738    -0.8328566     0.0060498     9    11      0.000338+i*    -0.000581
 -0.33333 -0.33333  0.00000    -2.8912559    -0.8328566     0.0145809    10    11      0.001501+i*     0.000610
 -0.33333 -0.33333  0.00000    -2.8912559     1.9685811     0.0033931    10    12      0.000349+i*     0.000142
    26BSE eigenvalue    3.57268582      IP-eigenvalue:    5.51388569
  0.00000  0.00000  0.00000    -6.0785256    -1.5869842     8.9915863     9    11      0.999065+i*     0.000000
  0.00000  0.00000  0.00000    -4.1241113    -1.5869842     0.0000363    10    11     -0.000004+i*     0.000001
  0.00000  0.00000  0.00000    -4.1241113     1.1932086     0.0000979    10    12      0.000011+i*    -0.000002
  0.33333  0.00000  0.00000    -4.5946561    -0.0464668     0.2748789     9    11     -0.015411+i*     0.026369
  0.33333  0.00000  0.00000    -2.8335705    -0.0464668     0.0000419    10    11     -0.000004+i*    -0.000002
  0.33333  0.00000  0.00000    -2.8335705     2.6619915     0.0001506    10    12      0.000015+i*     0.000006
  0.00000  0.33333  0.00000    -5.1496778    -1.5869842     0.0000249     9    11     -0.000001+i*    -0.000002
  0.00000  0.33333  0.00000    -3.1203342    -1.5869842     0.0003123    10    11      0.000030+i*    -0.000018
  0.00000  0.33333  0.00000    -3.1203342     1.1932086     0.0005656    10    12      0.000054+i*    -0.000033
  0.33333  0.33333  0.00000    -4.2052738    -0.0451223     0.0007418     9    11      0.000075+i*     0.000035
  0.33333  0.33333  0.00000    -2.8912559    -0.0451223     0.0001526    10    11     -0.000009+i*     0.000014
  0.33333  0.33333  0.00000    -2.8912559     2.6226298     0.0002708    10    12     -0.000017+i*     0.000025
 -0.33333  0.33333  0.00000    -4.4620760    -0.0464668     0.0055123     9    11      0.000612+i*     0.000019
 -0.33333  0.33333  0.00000    -3.2688503    -0.0464668     0.0000748    10    11      0.000006+i*     0.000005
 -0.33333  0.33333  0.00000    -3.2688503     2.6619915     0.0036119    10    12     -0.000311+i*    -0.000254
 -0.33333  0.00000  0.00000    -4.5946561    -0.0451223     0.2716464     9    11      0.023861+i*     0.018484
 -0.33333  0.00000  0.00000    -2.8335705    -0.0451223     0.0000376    10    11     -0.000003+i*     0.000003
 -0.33333  0.00000  0.00000    -2.8335705     2.6226298     0.0001627    10    12     -0.000013+i*     0.000013
  0.00000 -0.33333  0.00000    -5.1496778    -2.3708546     0.0423477     9    11      0.002732+i*    -0.003831
  0.00000 -0.33333  0.00000    -3.1203342    -2.3708546     0.0000967    10    11     -0.000009+i*    -0.000006
  0.00000 -0.33333  0.00000    -5.1496778     0.4107230     0.0102044     9    12      0.000661+i*    -0.000921
  0.00000 -0.33333  0.00000    -3.1203342     0.4107230     0.0001311    10    12     -0.000012+i*    -0.000009
  0.33333 -0.33333  0.00000    -4.4620760    -0.8328566     0.0071289     9    11     -0.000384+i*    -0.000693
  0.33333 -0.33333  0.00000    -3.2688503    -0.8328566     0.0000542    10    11     -0.000005+i*    -0.000003
  0.33333 -0.33333  0.00000    -3.2688503     1.9685811     0.0000606    10    12      0.000007+i*     0.000001
 -0.33333 -0.33333  0.00000    -4.2052738    -0.8328566     0.0056890     9    11      0.000319+i*    -0.000546
 -0.33333 -0.33333  0.00000    -2.8912559    -0.8328566     0.0000002    10    11     -0.000000+i*    -0.000000
 -0.33333 -0.33333  0.00000    -2.8912559     1.9685811     0.0002006    10    12      0.000021+i*     0.000008
    27BSE eigenvalue    3.62933437      IP-eigenvalue:    5.56040079
  0.00000  0.00000  0.00000    -6.0785256    -1.5869842     0.2387840     9    11     -0.026532+i*     0.000000
  0.00000  0.00000  0.00000    -4.1241113    -1.5869842     0.0000308    10    11     -0.000003+i*     0.000001
  0.00000  0.00000  0.00000    -4.1241113     1.1932086     0.0000397    10    12      0.000004+i*    -0.000001
  0.33333  0.00000  0.00000    -4.5946561    -0.0464668     8.9253092     9    11     -0.500382+i*     0.856206
  0.33333  0.00000  0.00000    -2.8335705    -0.0464668     0.0000329    10    11     -0.000003+i*    -0.000001
  0.33333  0.00000  0.00000    -2.8335705     2.6619915     0.0000616    10    12      0.000006+i*     0.000003
  0.00000  0.33333  0.00000    -5.1496778    -1.5869842     0.0004094     9    11      0.000024+i*     0.000039
  0.00000  0.33333  0.00000    -3.1203342    -1.5869842     0.0000604    10    11     -0.000006+i*     0.000003
  0.00000  0.33333  0.00000    -3.1203342     1.1932086     0.0012253    10    12     -0.000116+i*     0.000071
  0.33333  0.33333  0.00000    -4.2052738    -0.0451223     0.0002668     9    11     -0.000027+i*    -0.000013
  0.33333  0.33333  0.00000    -2.8912559    -0.0451223     0.0004213    10    11     -0.000026+i*     0.000039
  0.33333  0.33333  0.00000    -2.8912559     2.6226298     0.0018975    10    12      0.000118+i*    -0.000175
 -0.33333  0.33333  0.00000    -4.4620760    -0.0464668     0.0029952     9    11      0.000333+i*     0.000011
 -0.33333  0.33333  0.00000    -3.2688503    -0.0464668     0.0000561    10    11     -0.000005+i*    -0.000004
 -0.33333  0.33333  0.00000    -3.2688503     2.6619915     0.0015181    10    12     -0.000131+i*    -0.000107
 -0.33333  0.00000  0.00000    -4.5946561    -0.0451223     1.1295998     9    11     -0.099221+i*    -0.076864
 -0.33333  0.00000  0.00000    -2.8335705    -0.0451223     0.0000305    10    11     -0.000002+i*     0.000002
 -0.33333  0.00000  0.00000    -2.8335705     2.6226298     0.0001017    10    12     -0.000008+i*     0.000008
  0.00000 -0.33333  0.00000    -5.1496778    -2.3708546     0.0011165     9    11      0.000072+i*    -0.000101
  0.00000 -0.33333  0.00000    -3.1203342    -2.3708546     0.0000059    10    11      0.000001+i*     0.000000
  0.00000 -0.33333  0.00000    -5.1496778     0.4107230     0.0037301     9    12     -0.000242+i*     0.000337
  0.00000 -0.33333  0.00000    -3.1203342     0.4107230     0.0000781    10    12     -0.000007+i*    -0.000005
  0.33333 -0.33333  0.00000    -4.4620760    -0.8328566     0.0757184     9    11     -0.004081+i*    -0.007357
  0.33333 -0.33333  0.00000    -3.2688503    -0.8328566     0.0001635    10    11      0.000017+i*     0.000007
  0.33333 -0.33333  0.00000    -3.2688503     1.9685811     0.0002181    10    12      0.000022+i*     0.000010
 -0.33333 -0.33333  0.00000    -4.2052738    -0.8328566     0.0087346     9    11     -0.000490+i*     0.000838
 -0.33333 -0.33333  0.00000    -2.8912559    -0.8328566     0.0000426    10    11     -0.000004+i*    -0.000002
 -0.33333 -0.33333  0.00000    -2.8912559     1.9685811     0.0000200    10    12      0.000002+i*     0.000001
    28BSE eigenvalue    3.63027253      IP-eigenvalue:    5.93084182
  0.00000  0.00000  0.00000    -6.0785256    -1.5869842     0.3039458     9    11      0.033772+i*     0.000000
  0.00000  0.00000  0.00000    -4.1241113    -1.5869842     0.0000408    10    11      0.000004+i*    -0.000001
  0.00000  0.00000  0.00000    -4.1241113     1.1932086     0.0000338    10    12      0.000004+i*    -0.000001
  0.33333  0.00000  0.00000    -4.5946561    -0.0464668     1.1213484     9    11      0.062867+i*    -0.107571
  0.33333  0.00000  0.00000    -2.8335705    -0.0464668     0.0000449    10    11      0.000005+i*     0.000002
  0.33333  0.00000  0.00000    -2.8335705     2.6619915     0.0000325    10    12      0.000003+i*     0.000001
  0.00000  0.33333  0.00000    -5.1496778    -1.5869842     0.0003337     9    11     -0.000019+i*    -0.000032
  0.00000  0.33333  0.00000    -3.1203342    -1.5869842     0.0000618    10    11     -0.000006+i*     0.000004
  0.00000  0.33333  0.00000    -3.1203342     1.1932086     0.0000238    10    12     -0.000002+i*     0.000001
  0.33333  0.33333  0.00000    -4.2052738    -0.0451223     0.0008758     9    11     -0.000087+i*    -0.000043
  0.33333  0.33333  0.00000    -2.8912559    -0.0451223     0.0000819    10    11      0.000005+i*    -0.000008
  0.33333  0.33333  0.00000    -2.8912559     2.6226298     0.0027750    10    12      0.000172+i*    -0.000256
 -0.33333  0.33333  0.00000    -4.4620760    -0.0464668     0.0000377     9    11     -0.000004+i*    -0.000000
 -0.33333  0.33333  0.00000    -3.2688503    -0.0464668     0.0005332    10    11     -0.000046+i*    -0.000038
 -0.33333  0.33333  0.00000    -3.2688503     2.6619915     0.0021075    10    12     -0.000181+i*    -0.000148
 -0.33333  0.00000  0.00000    -4.5946561    -0.0451223     8.9244804     9    11     -0.783903+i*    -0.607276
 -0.33333  0.00000  0.00000    -2.8335705    -0.0451223     0.0000388    10    11      0.000003+i*    -0.000003
 -0.33333  0.00000  0.00000    -2.8335705     2.6226298     0.0000186    10    12      0.000001+i*    -0.000001
  0.00000 -0.33333  0.00000    -5.1496778    -2.3708546     0.0014487     9    11     -0.000094+i*     0.000131
  0.00000 -0.33333  0.00000    -3.1203342    -2.3708546     0.0000405    10    11     -0.000004+i*    -0.000003
  0.00000 -0.33333  0.00000    -5.1496778     0.4107230     0.0047167     9    12      0.000306+i*    -0.000425
  0.00000 -0.33333  0.00000    -3.1203342     0.4107230     0.0000453    10    12     -0.000004+i*    -0.000003
  0.33333 -0.33333  0.00000    -4.4620760    -0.8328566     0.0086521     9    11      0.000466+i*     0.000841
  0.33333 -0.33333  0.00000    -3.2688503    -0.8328566     0.0000128    10    11      0.000001+i*     0.000001
  0.33333 -0.33333  0.00000    -3.2688503     1.9685811     0.0000961    10    12     -0.000010+i*    -0.000004
 -0.33333 -0.33333  0.00000    -4.2052738    -0.8328566     0.0610926     9    11     -0.003424+i*     0.005861
 -0.33333 -0.33333  0.00000    -2.8912559    -0.8328566     0.0001370    10    11     -0.000014+i*    -0.000006
 -0.33333 -0.33333  0.00000    -2.8912559     1.9685811     0.0000985    10    12     -0.000010+i*    -0.000004
