# AMAT exchange matrix
# mode paw_full
# implementation full_grid_only
# response_basis TODO
# shape 27 27
# q_ext 0.000000000000 0.000000000000 0.000000000000
# vasp_storage 0
# i j real imag
     1      1  0.0000000000000000e+00  0.0000000000000000e+00
     1      2  1.6540139051378419e-09 -9.4061436527639664e-09
     1      3  3.6177343671040461e-10  5.4952488539111356e-10
     1      4 -1.8234000204453919e-03 -3.7944088475379429e-05
     1      5 -1.6116901814585246e-09  9.5327952211196872e-09
     1      6 -2.0445857805671590e-09  4.8192715259487068e-09
     1      7 -8.0501755153284012e-03 -1.6820485423416382e-04
     1      8 -1.3527029125959565e-06  5.3880477045395156e-05
     1      9 -5.3362094363945049e-07  2.1350995834016977e-05
     1     10 -5.9767836489705965e-04 -1.2512462481520689e-05
     1     11 -6.3250332808969886e-07 -5.2586726406879331e-06
     1     12 -1.5492866851803431e-06 -1.2872175667913709e-05
     1     13 -5.2861283028611539e-04 -2.4002088444403472e-04
     1     14 -6.2162729630238088e-06  7.4999939625030199e-07
     1     15  1.9545174823098970e-05 -2.5610273275182866e-06
     1     16 -1.8233884639364199e-03 -3.8495571463954360e-05
     1     17 -1.2094715248991706e-09 -9.5603998953915214e-09
     1     18 -1.7590259597028228e-09 -4.1896099858159754e-09
     1     19 -8.0501531728017339e-03 -1.6927107345718646e-04
     1     20  9.0625883112782877e-07 -5.3889904770174924e-05
     1     21  3.6194976603198675e-07 -2.1355743552232851e-05
     1     22 -5.3820616766577412e-04  2.1765947313107979e-04
     1     23 -6.1793543207198729e-06 -1.0098359004431294e-06
     1     24  1.9419658181000863e-05  3.3779361499208782e-06
     1     25 -5.9767771467394667e-04 -1.2543192152089655e-05
     1     26 -8.5231533744230274e-07  5.2275798104747755e-06
     1     27 -2.0877034362827469e-06  1.2796840670543492e-05
     2      1  1.6450543821092027e-09  9.4074999287556304e-09
     2      2  0.0000000000000000e+00  0.0000000000000000e+00
     2      3 -7.1536480318484308e-02  2.2996450868336779e-04
     2      4 -8.9413016037945941e-09  1.1572403228583106e-09
     2      5  2.6625911107765649e-05 -1.6242174032257972e-03
     2      6  5.2641955152120075e-05 -3.2111531761963665e-03
     2      7  5.3597157867691117e-05 -6.9713937734963309e-06
     2      8  9.1618844789958143e-04  7.2828615615306968e-03
     2      9  5.5174867177704503e-04  4.3838719712623320e-03
     2     10  5.1953660245413826e-06 -6.7560990577657778e-07
     2     11 -1.3799803135489580e-04 -4.9873857895471911e-04
     2     12 -6.2466600673099354e-04 -2.2575728619644115e-03
     2     13 -5.2022454509010756e-06 -2.2276773280269473e-06
     2     14  4.7139936425936692e-04 -1.8622850530663996e-04
     2     15 -2.1758144868313672e-03  8.2523162278391824e-04
     2     16  8.9228944060265378e-09 -1.1671626733995655e-09
     2     17 -4.4103157703355086e-04 -1.5634200593815126e-03
     2     18 -8.7194078295575945e-04 -3.0909532915741290e-03
     2     19 -5.3598089793623868e-05  6.9644115269615250e-06
     2     20  9.7639645593220836e-04  7.2750342840088231e-03
     2     21  5.8748884385766435e-04  4.3792260177919484e-03
     2     22  4.4597303772449698e-06 -3.4837470511977499e-06
     2     23 -5.0334605315108705e-04 -5.9507687086977901e-05
     2     24  2.3144907969563414e-03  2.4147403730315087e-04
     2     25 -5.1954380108540505e-06  6.7522850500217684e-07
     2     26  5.8901449957136452e-06 -5.1744461245193751e-04
     2     27  2.6670897616290060e-05 -2.3422491501711531e-03
     3      1  3.6275208279819136e-10 -5.4966981238656383e-10
     3      2 -7.1536480318498102e-02 -2.2996450439815883e-04
     3      3  0.0000000000000000e+00  0.0000000000000000e+00
     3      4 -4.6664949627571359e-09  1.2291600956310438e-10
     3      5  6.3543479697443373e-05 -3.2405737603927514e-03
     3      6  2.2795565960310078e-03 -1.1624973555162728e-01
     3      7  2.0674240035926864e-05 -2.6217722050904791e-06
     3      8  5.5878239447365195e-04  4.5601352417501129e-03
     3      9  1.9095523217759203e-02  1.5576165919948484e-01
     3     10  1.2024835662037793e-05 -1.5250214589328739e-06
     3     11 -6.7530699520016520e-04 -2.4715092736058916e-03
     3     12 -2.2850635073200225e-02 -8.3628323968302720e-02
     3     13 -1.5814979711729540e-05 -7.0638786607541443e-06
     3     14  2.5753136671255606e-03 -1.0088452790296006e-03
     3     15 -8.0898297614458339e-02  3.0374911401448192e-02
     3     16  4.5565611034428884e-09 -1.0460757026149878e-09
     3     17 -8.6994680958550402e-04 -3.1222666041916579e-03
     3     18 -3.1207818696292189e-02 -1.1200566783967869e-01
     3     19 -2.0674627235751852e-05  2.6186406701430136e-06
     3     20  5.9648207466088952e-04  4.5553573401459751e-03
     3     21  2.0365415308224485e-02  1.5560071837259754e-01
     3     22  1.3552775564095574e-05 -1.0785848318655769e-05
     3     23 -2.7455639671470637e-03 -3.3449654119566537e-04
     3     24  8.5918087871559023e-02  9.2332079723619568e-03
     3     25 -1.2025086979642812e-05  1.5229821118408124e-06
     3     26  3.7399175830437232e-05 -2.5618350967068844e-03
     3     27  1.2657737942902928e-03 -8.6684751096373483e-02
     4      1 -1.8234000204453672e-03  3.7944088475357840e-05
     4      2 -8.9413016061394807e-09 -1.1572403240774086e-09
     4      3 -4.6664949626828559e-09 -1.2291600951058834e-10
     4      4  0.0000000000000000e+00  0.0000000000000000e+00
     4      5  1.0512106824713698e-08 -2.6446771793816034e-09
     4      6  3.9357270770873885e-10 -1.6228064210836580e-12
     4      7 -5.9362021797502832e-04 -1.7602054134011365e-07
     4      8  6.6180169146128647e-07 -6.4669911451729019e-06
     4      9  1.3346302940078265e-06 -1.9717344897671727e-05
     4     10 -8.0000378658351030e-03 -1.0044926407326571e-06
     4     11 -7.5820798414690816e-06 -5.3609968142521204e-05
     4     12 -2.9063907316782491e-06 -2.0545018466667612e-05
     4     13 -5.3682842671248473e-05 -2.3026401923991836e-05
     4     14  3.7514866615201859e-07 -9.4540167925900511e-08
     4     15 -5.7123480660435892e-06  1.3552304685200445e-06
     4     16 -6.8047710391401649e-05 -2.0566560944645312e-08
     4     17 -1.7107830448879257e-10 -1.0627277106598431e-09
     4     18 -1.6908385818336816e-09 -7.6035163437645888e-09
     4     19 -6.0039099369987240e-04 -1.3056047895433478e-07
     4     20 -2.1089105952764968e-08 -5.2854371691708913e-06
     4     21 -5.0710407632991291e-08 -1.3025119076499312e-05
     4     22 -7.1062847174038274e-03  3.0455839729765263e-03
     4     23  5.0249481379707857e-05  1.2680468821377323e-05
     4     24 -1.9291812994858553e-05 -4.5815115654206116e-06
     4     25 -1.9515098219860141e-05  4.1509729164748395e-09
     4     26  5.3222023431577206e-08 -3.2281669242233697e-07
     4     27  6.8333279229898498e-07 -6.8864977099495910e-06
     5      1 -1.6116901816330134e-09 -9.5327952193081038e-09
     5      2  2.6625911107793405e-05  1.6242174032257107e-03
     5      3  6.3543479697442153e-05  3.2405737603927488e-03
     5      4  1.0512128588791962e-08  2.6541568221755820e-09
     5      5  0.0000000000000000e+00  0.0000000000000000e+00
     5      6 -7.2079672612630943e-02 -1.1638712971490259e-08
     5      7  2.3172598365767742e-07  6.1771646520570697e-06
     5      8  5.1392416588991803e-04 -7.3200412792985087e-05
     5      9  2.4014406627813904e-03 -3.4278718482852358e-04
     5     10 -7.9600242533330405e-06 -5.4245995235187997e-05
     5     11 -7.0341578512228059e-03  2.0710152257520861e-03
     5     12 -4.2647082417245101e-03  1.2556445089408474e-03
     5     13  9.9721997738744722e-08 -3.7577959795328970e-07
     5     14 -2.2371563540386908e-05 -5.4004568955194156e-05
     5     15  4.9682970184374107e-04  1.2486261548446621e-03
     5     16 -1.7107830478989221e-10 -1.0627277103373295e-09
     5     17 -6.1234606686868471e-05  1.8362643875234395e-05
     5     18 -1.3970211785479252e-03  4.1893039310967771e-04
     5     19  7.7184804375621234e-07  5.2634492276480211e-06
     5     20  5.1251025877556108e-04 -7.7356782549505010e-05
     5     21  2.3482728185390150e-03 -3.5430369295838429e-04
     5     22  2.7417014078932673e-05  4.4647131563831865e-05
     5     23 -7.1052885467082834e-04  6.9837284193270425e-03
     5     24  3.6831689496665768e-04 -4.2056097688785805e-03
     5     25 -4.3550974856862992e-08 -3.2107748380200895e-07
     5     26 -2.3404409003923338e-05  9.3505813823413646e-08
     5     27 -7.8498225724067336e-04  3.3515348524849262e-06
     6      1 -2.0445857804041519e-09 -4.8192715260688027e-09
     6      2  5.2641955152118944e-05  3.2111531761963657e-03
     6      3  2.2795565960310109e-03  1.1624973555162713e-01
     6      4  3.9349222050507355e-10  6.0892184943195144e-13
     6      5 -7.2079672612637466e-02  1.1642964899582281e-08
     6      6  0.0000000000000000e+00  0.0000000000000000e+00
     6      7  1.3775317982501425e-06  1.9208667383189819e-05
     6      8  2.4710590708271118e-03 -3.5260644302880824e-04
     6      9  8.7886741052890058e-02 -1.2535616269459662e-02
     6     10 -2.8521008814139127e-06 -1.9430352295145596e-05
     6     11 -4.6334283089399736e-03  1.3641877659700691e-03
     6     12 -1.5105497114937982e-01  4.4474670308501184e-02
     6     13  1.1566866321998497e-06 -4.3583064069068064e-06
     6     14 -6.0943463966459110e-04 -1.4711628818113867e-03
     6     15  1.9283770952564241e-02  4.8463653174185599e-02
     6     16 -1.6908386100718778e-09 -7.6035163620675579e-09
     6     17 -1.3970211785629589e-03  4.1893039311448094e-04
     6     18 -5.3723987601896867e-02  1.6110463449139755e-02
     6     19  1.8931877854451067e-06  1.2911266931507084e-05
     6     20  2.4165101386713788e-03 -3.6474196184291843e-04
     6     21  8.5948619418899266e-02 -1.2967832343315064e-02
     6     22  8.5271913766909802e-06  1.3885667940996402e-05
     6     23 -5.0585663251312906e-04  4.9720419311814843e-03
     6     24  1.3155706284057968e-02 -1.5021827746592431e-01
     6     25 -1.5449985905334453e-06 -7.2279690637086745e-06
     6     26 -8.5372222011853485e-04  3.7096046880847512e-06
     6     27 -3.1359805181330434e-02  1.4946509316193023e-04
     7      1 -8.0501755153281670e-03  1.6820485423410986e-04
     7      2  5.3597157867694986e-05  6.9713937734943310e-06
     7      3  2.0674240035926762e-05  2.6217722050906176e-06
     7      4 -5.9362021797505001e-04  1.7602054136786923e-07
     7      5  2.3172598365766538e-07 -6.1771646520580446e-06
     7      6  1.3775317982500249e-06 -1.9208667383189866e-05
     7      7  0.0000000000000000e+00  0.0000000000000000e+00
     7      8 -1.1784597525890165e-07  2.5263212638042152e-05
     7      9 -1.3854155720931006e-08  3.1249814792469495e-06
     7     10 -1.8069940012122310e-03 -7.3235755796183554e-08
     7     11  4.6663731792212807e-08  3.2899974917011220e-07
     7     12  7.2904103626741904e-08  5.1511216664560240e-07
     7     13 -1.6310692845287434e-03 -6.9945727058905627e-04
     7     14 -2.8276460579149432e-07  7.1543945059249578e-08
     7     15  5.7240973794575546e-07 -1.3607357939256622e-07
     7     16 -6.0039099341415033e-04 -1.3056047888957175e-07
     7     17  7.7184799597985587e-07  5.2634489018536742e-06
     7     18  1.8931879020886692e-06  1.2911267727090442e-05
     7     19 -2.9009336268384178e-04 -3.8468608562491902e-08
     7     20 -2.4229644822777959e-08 -5.9622598898036176e-06
     7     21 -2.2687618643811444e-07 -5.6678386093335121e-05
     7     22 -1.0484378465399408e-04  4.4944087787586400e-05
     7     23  1.7806630638027508e-06  4.4920316481304788e-07
     7     24 -2.2828043528563673e-05 -5.4196067064999173e-06
     7     25 -2.6752775734110690e-05  2.0897086133653881e-08
     7     26 -7.9303909881909536e-08  8.7861202134143933e-07
     7     27 -2.1527709908502368e-06  3.4611939799061433e-05
     8      1 -1.3527029125967758e-06 -5.3880477045392208e-05
     8      2  9.1618844789959682e-04 -7.2828615615306933e-03
     8      3  5.5878239447365520e-04 -4.5601352417501129e-03
     8      4  6.6180169146072033e-07  6.4669911451719668e-06
     8      5  5.1392416588991034e-04  7.3200412793017477e-05
     8      6  2.4710590708271109e-03  3.5260644302880770e-04
     8      7 -1.1784453120331811e-07 -2.5263222669281890e-05
     8      8  0.0000000000000000e+00  0.0000000000000000e+00
     8      9 -7.3283932308984112e-02  4.1991201011901861e-06
     8     10  1.1335246959430926e-09  2.7029150697855258e-07
     8     11  1.6194737205781195e-03 -2.3614814854383393e-04
     8     12  3.3223733299362515e-03 -4.8447514327762311e-04
     8     13 -1.3765260099886061e-07  3.2493990294119105e-07
     8     14  4.0243932217134650e-04  1.5682400119771461e-03
     8     15 -7.7527449972221256e-04 -3.2074566573380664e-03
     8     16 -2.1089105067766872e-08 -5.2854369479745289e-06
     8     17  5.1251025933456607e-04 -7.7356782633846493e-05
     8     18  2.4165101440939457e-03 -3.6474196266153693e-04
     8     19 -2.4229645075276597e-08 -5.9622599521864058e-06
     8     20 -2.5892760475572065e-04  2.1417184089915033e-06
     8     21 -2.1083647425952064e-03  1.7318826704513859e-05
     8     22 -7.2491003988277968e-07 -1.6715819145912839e-06
     8     23  2.5251181119493683e-05 -1.0189282629104333e-04
     8     24 -3.6873860423353589e-04  1.5827573409469560e-03
     8     25 -5.5122038355421742e-08 -8.6550722172189246e-07
     8     26  2.5058895908217083e-05  3.4001336068680923e-06
     8     27  9.1823767101255761e-04  1.2531694888555766e-04
     9      1 -5.3362094363932407e-07 -2.1350995834017170e-05
     9      2  5.5174867177704829e-04 -4.3838719712623328e-03
     9      3  1.9095523217759262e-02 -1.5576165919948484e-01
     9      4  1.3346302940078356e-06  1.9717344897671669e-05
     9      5  2.4014406627813887e-03  3.4278718482852298e-04
     9      6  8.7886741052890044e-02  1.2535616269459671e-02
     9      7 -1.3854225773757153e-08 -3.1249804155081837e-06
     9      8 -7.3283932308999711e-02 -4.1991158617321211e-06
     9      9  0.0000000000000000e+00  0.0000000000000000e+00
     9     10  2.9854697184794812e-09  6.0639222807995917e-07
     9     11  3.4984312680059818e-03 -5.0992974084673791e-04
     9     12  1.1666543505627144e-01 -1.7005519835761949e-02
     9     13 -2.1945295680855798e-07  5.1729201515854408e-07
     9     14  9.3886975112968498e-04  3.6594924716902709e-03
     9     15 -2.7343992625302765e-02 -1.1315573119946422e-01
     9     16 -5.0710412860896714e-08 -1.3025120407685851e-05
     9     17  2.3482728238410308e-03 -3.5430369375837848e-04
     9     18  8.5948619628252815e-02 -1.2967832374902019e-02
     9     19 -2.2687618858629240e-07 -5.6678386622359367e-05
     9     20 -2.1083647426114959e-03  1.7318826704785248e-05
     9     21 -7.5743663095292138e-02  6.1785131933500038e-04
     9     22 -7.2413234715342996e-06 -1.6700296312134869e-05
     9     23  4.4867058468930367e-04 -1.8100191985264513e-03
     9     24 -1.3633799575290588e-02  5.8505945220824453e-02
     9     25 -3.0627829312945343e-06 -3.1919320275896980e-05
     9     26  9.6911022987411759e-04  1.3225980789872174e-04
     9     27  3.4853783473193789e-02  4.7855933126176951e-03
    10      1 -5.9767836489710909e-04  1.2512462481578512e-05
    10      2  5.1953660245382664e-06  6.7560990577599957e-07
    10      3  1.2024835662037839e-05  1.5250214589328919e-06
    10      4 -8.0000378658351776e-03  1.0044926406463063e-06
    10      5 -7.9600242533342924e-06  5.4245995235189277e-05
    10      6 -2.8521008814138043e-06  1.9430352295145698e-05
    10      7 -1.8069940012121076e-03  7.3235755796183554e-08
    10      8  1.1335246955417873e-09 -2.7029150697870224e-07
    10      9  2.9854697185575964e-09 -6.0639222807997431e-07
    10     10  0.0000000000000000e+00  0.0000000000000000e+00
    10     11 -4.0285692465199981e-06 -2.8553093881215748e-05
    10     12 -5.0560231254586106e-07 -3.5768440145605977e-06
    10     13 -6.8007539243360171e-05 -2.9160693949412889e-05
    10     14 -1.0781522419341198e-08  2.7400741535227675e-09
    10     15  5.4630336457606794e-07 -1.2941408275923462e-07
    10     16 -1.9515098076509532e-05  4.1509739567306845e-09
    10     17 -4.3550971933140171e-08 -3.2107745887241879e-07
    10     18 -1.5449985451220733e-06 -7.2279685992406592e-06
    10     19 -2.6752775640418661e-05  2.0897086142520244e-08
    10     20 -5.5122036209394122e-08 -8.6550720685023156e-07
    10     21 -3.0627828716461578e-06 -3.1919319578132082e-05
    10     22 -2.5818058360841756e-04  1.1068840716393161e-04
    10     23  5.4513002844107936e-06  1.3750775080193428e-06
    10     24 -5.0189983081529597e-05 -1.1914731473707497e-05
    10     25 -4.4415350115171231e-05 -2.3128440698121859e-09
    10     26 -7.9164920667023962e-08  5.5889226299331209e-07
    10     27 -1.5994576557201577e-06  1.1290118175586875e-05
    11      1 -6.3250332808980728e-07  5.2586726406885734e-06
    11      2 -1.3799803135491740e-04  4.9873857895474231e-04
    11      3 -6.7530699520016617e-04  2.4715092736058929e-03
    11      4 -7.5820798414727196e-06  5.3609968142520289e-05
    11      5 -7.0341578512228362e-03 -2.0710152257522501e-03
    11      6 -4.6334283089399823e-03 -1.3641877659700695e-03
    11      7  4.6663731792535804e-08 -3.2899974917311229e-07
    11      8  1.6194737205780549e-03  2.3614814854386630e-04
    11      9  3.4984312680059839e-03  5.0992974084673531e-04
    11     10 -4.0285715456418979e-06  2.8553104223425110e-05
    11     11  0.0000000000000000e+00  0.0000000000000000e+00
    11     12 -7.5997699216773226e-02  2.9581480382450998e-07
    11     13 -2.7130171772364677e-10  4.6000134080929018e-10
    11     14 -7.9883884567120660e-06 -7.4795029544504367e-05
    11     15  1.4949334686944492e-04  1.6139352465568176e-03
    11     16  5.3222018940324671e-08 -3.2281666512528777e-07
    11     17 -2.3404408912846886e-05  9.3505814387680644e-08
    11     18 -8.5372221684715309e-04  3.7096046946496132e-06
    11     19 -7.9303908920848630e-08  8.7861200544302997e-07
    11     20  2.5058895751225377e-05  3.4001335856339203e-06
    11     21  9.6911022448721649e-04  1.3225980715969945e-04
    11     22  1.4728653728324677e-06  5.4407180740016936e-06
    11     23 -9.5924338794720982e-05  2.3488027588895732e-04
    11     24  7.6953396697847340e-04 -1.9625414135632257e-03
    11     25 -7.9164921182875312e-08  5.5889226663955324e-07
    11     26 -4.7813513417405755e-05 -1.3817551895696268e-05
    11     27 -1.4042594503168887e-03 -4.0582017264246780e-04
    12      1 -1.5492866851804094e-06  1.2872175667913643e-05
    12      2 -6.2466600673099452e-04  2.2575728619644120e-03
    12      3 -2.2850635073200277e-02  8.3628323968302790e-02
    12      4 -2.9063907316781767e-06  2.0545018466667649e-05
    12      5 -4.2647082417245161e-03 -1.2556445089408471e-03
    12      6 -1.5105497114938002e-01 -4.4474670308501316e-02
    12      7  7.2904103626668874e-08 -5.1511216664554512e-07
    12      8  3.3223733299362524e-03  4.8447514327762040e-04
    12      9  1.1666543505627144e-01  1.7005519835761922e-02
    12     10 -5.0560211617881980e-07  3.5768428846635761e-06
    12     11 -7.5997699216800524e-02 -2.9581043553849155e-07
    12     12  0.0000000000000000e+00  0.0000000000000000e+00
    12     13  1.7672848025499761e-07 -2.9106101012843928e-07
    12     14 -1.8768038290012306e-04 -1.7573021748421768e-03
    12     15  5.3314536426606832e-03  5.7560462359504710e-02
    12     16  6.8333267706487408e-07 -6.8864970367166855e-06
    12     17 -7.8498225429796727e-04  3.3515348600172882e-06
    12     18 -3.1359805065475331e-02  1.4946509283453308e-04
    12     19 -2.1527710346853798e-06  3.4611939761784312e-05
    12     20  9.1823766592013557e-04  1.2531694819902881e-04
    12     21  3.4853783274397497e-02  4.7855932853061722e-03
    12     22  1.1710865818290425e-05  4.3259228981822050e-05
    12     23 -8.6635730041705462e-04  2.1213393312586246e-03
    12     24  2.6428076338559342e-02 -6.7398778450994151e-02
    12     25 -1.5994576952065209e-06  1.1290118454528765e-05
    12     26 -1.4042594503854437e-03 -4.0582017266181653e-04
    12     27 -5.0439495164497972e-02 -1.4576785421780113e-02
    13      1 -5.2861283028609533e-04  2.4002088444395703e-04
    13      2 -5.2022454509010815e-06  2.2276773280275860e-06
    13      3 -1.5814979711729642e-05  7.0638786607542866e-06
    13      4 -5.3682842671255412e-05  2.3026401923998294e-05
    13      5  9.9721997738413439e-08  3.7577959795293765e-07
    13      6  1.1566866321998255e-06  4.3583064069068453e-06
    13      7 -1.6310692845288731e-03  6.9945727058898591e-04
    13      8 -1.3765260100009050e-07 -3.2493990294128152e-07
    13      9 -2.1945295680852712e-07 -5.1729201515841967e-07
    13     10 -6.8007539243333188e-05  2.9160693949393133e-05
    13     11 -2.7130171799667371e-10 -4.6000134001910259e-10
    13     12  1.7672848025510265e-07  2.9106101012839640e-07
    13     13  0.0000000000000000e+00  0.0000000000000000e+00
    13     14  1.4281805798993014e-05 -1.0889177054209529e-05
    13     15 -2.4442324528965660e-06  1.8104618131811420e-06
    13     16 -7.1062846933938476e-03  3.0455839626865795e-03
    13     17  2.7417012072690062e-05  4.4647128296836081e-05
    13     18  8.5271917042326612e-06  1.3885668474494456e-05
    13     19 -1.0484378433255984e-04  4.4944087649794427e-05
    13     20 -7.2491002577756246e-07 -1.6715818820647789e-06
    13     21 -7.2413229812815197e-06 -1.6700295181519834e-05
    13     22 -9.6705092146860515e-06  1.0329939979123945e-05
    13     23  2.5925707796074521e-07 -2.5732433062965773e-07
    13     24 -6.1590569486777527e-06  3.0151968828682988e-06
    13     25 -2.5818058311467980e-04  1.1068840695226864e-04
    13     26  1.4728653517898382e-06  5.4407179962763766e-06
    13     27  1.1710865361253192e-05  4.3259227294026449e-05
    14      1 -6.2162729630231718e-06 -7.4999939625153072e-07
    14      2  4.7139936425938080e-04  1.8622850530659256e-04
    14      3  2.5753136671255597e-03  1.0088452790296013e-03
    14      4  3.7514866615277822e-07  9.4540167925671614e-08
    14      5 -2.2371563540379681e-05  5.4004568955177195e-05
    14      6 -6.0943463966459089e-04  1.4711628818113874e-03
    14      7 -2.8276460579150544e-07 -7.1543945057578846e-08
    14      8  4.0243932217135572e-04 -1.5682400119771708e-03
    14      9  9.3886975112968465e-04 -3.6594924716902687e-03
    14     10 -1.0781522418796727e-08 -2.7400741525329628e-09
    14     11 -7.9883884567240176e-06  7.4795029544507457e-05
    14     12 -1.8768038290012279e-04  1.7573021748421768e-03
    14     13  1.4281814884941998e-05  1.0889183496939271e-05
    14     14  0.0000000000000000e+00  0.0000000000000000e+00
    14     15  8.1424838989022016e-02  1.1430248591124061e-03
    14     16  5.0249479185719953e-05  1.2680468267676744e-05
    14     17 -7.1052885281983980e-04  6.9837284011339687e-03
    14     18 -5.0585662952667564e-04  4.9720419018286161e-03
    14     19  1.7806630572771969e-06  4.4920316316636162e-07
    14     20  2.5251181001611898e-05 -1.0189282581540683e-04
    14     21  4.4867058147067844e-04 -1.8100191855414103e-03
    14     22  2.5925707918483921e-07 -2.5732433149861719e-07
    14     23  2.0996195486366268e-05  1.1253413887651230e-05
    14     24 -5.8292929781721050e-04 -3.0289772348813219e-04
    14     25  5.4513003371285818e-06  1.3750775213178776e-06
    14     26 -9.5924338668735347e-05  2.3488027558052194e-04
    14     27 -8.6635729914833620e-04  2.1213393281517994e-03
    15      1  1.9545174823098997e-05  2.5610273275181121e-06
    15      2 -2.1758144868313655e-03 -8.2523162278391933e-04
    15      3 -8.0898297614458312e-02 -3.0374911401448136e-02
    15      4 -5.7123480660435917e-06 -1.3552304685200174e-06
    15      5  4.9682970184374139e-04 -1.2486261548446628e-03
    15      6  1.9283770952564231e-02 -4.8463653174185564e-02
    15      7  5.7240973794575906e-07  1.3607357939270741e-07
    15      8 -7.7527449972221235e-04  3.2074566573380638e-03
    15      9 -2.7343992625302786e-02  1.1315573119946422e-01
    15     10  5.4630336457603597e-07  1.2941408275928460e-07
    15     11  1.4949334686944454e-04 -1.6139352465568183e-03
    15     12  5.3314536426606806e-03 -5.7560462359504710e-02
    15     13 -2.4442313952624395e-06 -1.8104610887410327e-06
    15     14  8.1424838989007542e-02 -1.1430248638455767e-03
    15     15  0.0000000000000000e+00  0.0000000000000000e+00
    15     16 -1.9291814409587666e-05 -4.5815119014406087e-06
    15     17  3.6831689279089161e-04 -4.2056097440274481e-03
    15     18  1.3155706201806448e-02 -1.5021827652673619e-01
    15     19 -2.2828043209177385e-05 -5.4196066306671243e-06
    15     20 -3.6873860160756321e-04  1.5827573296757960e-03
    15     21 -1.3633799473828249e-02  5.8505944785425007e-02
    15     22 -6.1590570930968829e-06  3.0151969055424552e-06
    15     23 -5.8292929783910835e-04 -3.0289772350462432e-04
    15     24  1.9985665305248815e-02  1.0045872913635588e-02
    15     25 -5.0189982875704880e-05 -1.1914731424822435e-05
    15     26  7.6953396588130666e-04 -1.9625414107639389e-03
    15     27  2.6428076299645206e-02 -6.7398778351752578e-02
    16      1 -1.8233884639364570e-03  3.8495571463975950e-05
    16      2  8.9228944048560921e-09  1.1671626746548036e-09
    16      3  4.5565611033573844e-09  1.0460757026315521e-09
    16      4 -6.8047710391454084e-05  2.0566560950427722e-08
    16      5 -1.7107830250120919e-10  1.0627277102392970e-09
    16      6 -1.6908386100742777e-09  7.6035163620332299e-09
    16      7 -6.0039099341408560e-04  1.3056047881478589e-07
    16      8 -2.1089105067393427e-08  5.2854369479736209e-06
    16      9 -5.0710412860884663e-08  1.3025120407685878e-05
    16     10 -1.9515098076516084e-05 -4.1509739571161788e-09
    16     11  5.3222018939941434e-08  3.2281666512564410e-07
    16     12  6.8333267706491432e-07  6.8864970367167007e-06
    16     13 -7.1062846933939586e-03 -3.0455839626865075e-03
    16     14  5.0249479185717208e-05 -1.2680468267674887e-05
    16     15 -1.9291814409587832e-05  4.5815119014407773e-06
    16     16  0.0000000000000000e+00  0.0000000000000000e+00
    16     17  1.0512128293228120e-08  2.6541578805711073e-09
    16     18  3.9349219749965871e-10  6.0894317998031789e-13
    16     19 -5.9362021975937270e-04  1.7602056600788148e-07
    16     20  6.6180168527727436e-07  6.4669910213025132e-06
    16     21  1.3346302198274908e-06  1.9717346195348801e-05
    16     22 -5.3682843489553003e-05  2.3026402274990773e-05
    16     23  3.7514867796732929e-07  9.4540170899755632e-08
    16     24 -5.7123481323167717e-06 -1.3552304842036659e-06
    16     25 -8.0000378935990799e-03  1.0044926440725779e-06
    16     26 -7.5820802036544550e-06  5.3609970703196312e-05
    16     27 -2.9063905461026515e-06  2.0545017154907253e-05
    17      1 -1.2094715238945308e-09  9.5603998956038090e-09
    17      2 -4.4103157703348186e-04  1.5634200593816513e-03
    17      3 -8.6994680958550695e-04  3.1222666041916536e-03
    17      4 -1.7107830322159892e-10  1.0627277116996231e-09
    17      5 -6.1234606686868471e-05 -1.8362643875236468e-05
    17      6 -1.3970211785629581e-03 -4.1893039311448153e-04
    17      7  7.7184799598226514e-07 -5.2634489018536387e-06
    17      8  5.1251025933456000e-04  7.7356782633834160e-05
    17      9  2.3482728238410308e-03  3.5430369375837956e-04
    17     10 -4.3550971933339693e-08  3.2107745887269625e-07
    17     11 -2.3404408912841875e-05 -9.3505814390764599e-08
    17     12 -7.8498225429796716e-04 -3.3515348600174089e-06
    17     13  2.7417012072688425e-05 -4.4647128296834759e-05
    17     14 -7.1052885282002324e-04 -6.9837284011340242e-03
    17     15  3.6831689279088933e-04  4.2056097440274489e-03
    17     16  1.0512106551323767e-08 -2.6446782356864103e-09
    17     17  0.0000000000000000e+00  0.0000000000000000e+00
    17     18 -7.2079673088840418e-02  1.1642952117898776e-08
    17     19  2.3172595676421120e-07 -6.1771644317938894e-06
    17     20  5.1392416755796644e-04  7.3200413019799802e-05
    17     21  2.4014406837145866e-03  3.4278718784564518e-04
    17     22  9.9722002068469966e-08  3.7577961425624194e-07
    17     23 -2.2371563945609540e-05  5.4004569933434018e-05
    17     24  4.9682971328857530e-04 -1.2486261836081175e-03
    17     25 -7.9600248565697088e-06  5.4245999346263090e-05
    17     26 -7.0341578750849620e-03 -2.0710152327777938e-03
    17     27 -4.2647082796330085e-03 -1.2556445201028683e-03
    18      1 -1.7590259597331278e-09  4.1896099858311277e-09
    18      2 -8.7194078295576292e-04  3.0909532915741247e-03
    18      3 -3.1207818696292192e-02  1.1200566783967869e-01
    18      4 -1.6908385818802684e-09  7.6035163437373183e-09
    18      5 -1.3970211785479250e-03 -4.1893039310967803e-04
    18      6 -5.3723987601896853e-02 -1.6110463449139766e-02
    18      7  1.8931879020884854e-06 -1.2911267727090464e-05
    18      8  2.4165101440939449e-03  3.6474196266153802e-04
    18      9  8.5948619628252815e-02  1.2967832374902013e-02
    18     10 -1.5449985451221063e-06  7.2279685992406304e-06
    18     11 -8.5372221684715287e-04 -3.7096046946498423e-06
    18     12 -3.1359805065475331e-02 -1.4946509283453882e-04
    18     13  8.5271917042325832e-06 -1.3885668474494420e-05
    18     14 -5.0585662952667585e-04 -4.9720419018286161e-03
    18     15  1.3155706201806582e-02  1.5021827652673631e-01
    18     16  3.9357268340454012e-10 -1.6228282736866643e-12
    18     17 -7.2079673088833895e-02 -1.1638700182723300e-08
    18     18  0.0000000000000000e+00  0.0000000000000000e+00
    18     19  1.3775319971155680e-06 -1.9208668155782925e-05
    18     20  2.4710590924322423e-03  3.5260644613797828e-04
    18     21  8.7886741872526777e-02  1.2535616386848560e-02
    18     22  1.1566867533637070e-06  4.3583068632107692e-06
    18     23 -6.0943465375571586e-04  1.4711629158269944e-03
    18     24  1.9283771407924099e-02 -4.8463654318588428e-02
    18     25 -2.8521007854765970e-06  1.9430351641159562e-05
    18     26 -4.6334283503079304e-03 -1.3641877781488108e-03
    18     27 -1.5105497262747347e-01 -4.4474670743692005e-02
    19      1 -8.0501531728016350e-03  1.6927107345712171e-04
    19      2 -5.3598089793626816e-05 -6.9644115269628735e-06
    19      3 -2.0674627235751581e-05 -2.6186406701429111e-06
    19      4 -6.0039099369988780e-04  1.3056047896744155e-07
    19      5  7.7184804375832050e-07 -5.2634492276469987e-06
    19      6  1.8931877854450313e-06 -1.2911266931507221e-05
    19      7 -2.9009336268387263e-04  3.8468608532423357e-08
    19      8 -2.4229645075710278e-08  5.9622599521870715e-06
    19      9 -2.2687618858624420e-07  5.6678386622359068e-05
    19     10 -2.6752775640420203e-05 -2.0897086129027949e-08
    19     11 -7.9303908921167869e-08 -8.7861200544253752e-07
    19     12 -2.1527710346854941e-06 -3.4611939761784258e-05
    19     13 -1.0484378433254056e-04 -4.4944087649803772e-05
    19     14  1.7806630572776382e-06 -4.4920316316580750e-07
    19     15 -2.2828043209177358e-05  5.4196066306673174e-06
    19     16 -5.9362021975939731e-04 -1.7602056599940062e-07
    19     17  2.3172595676572908e-07  6.1771644317933321e-06
    19     18  1.3775319971155529e-06  1.9208668155782851e-05
    19     19  0.0000000000000000e+00  0.0000000000000000e+00
    19     20 -1.1784464394179215e-07 -2.5263249501417931e-05
    19     21 -1.3854239542822070e-08 -3.1249837351878597e-06
    19     22 -1.6310692905680791e-03  6.9945727317885205e-04
    19     23 -2.8276492166458346e-07 -7.1544024704313510e-08
    19     24  5.7241044351289867e-07  1.3607374681139071e-07
    19     25 -1.8069940060798340e-03  7.3235755919541660e-08
    19     26  4.6663777946693638e-08 -3.2900007529172625e-07
    19     27  7.2904180825375539e-08 -5.1511271217430456e-07
    20      1  9.0625883112872027e-07  5.3889904770176896e-05
    20      2  9.7639645593221454e-04 -7.2750342840087467e-03
    20      3  5.9648207466088735e-04 -4.5553573401459777e-03
    20      4 -2.1089105950656796e-08  5.2854371691711852e-06
    20      5  5.1251025877559653e-04  7.7356782549545871e-05
    20      6  2.4165101386713771e-03  3.6474196184291708e-04
    20      7 -2.4229644822055158e-08  5.9622598898030060e-06
    20      8 -2.5892760475573295e-04 -2.1417184090092360e-06
    20      9 -2.1083647426114955e-03 -1.7318826704786234e-05
    20     10 -5.5122036208586999e-08  8.6550720684975415e-07
    20     11  2.5058895751230774e-05 -3.4001335856292947e-06
    20     12  9.1823766592013471e-04 -1.2531694819902862e-04
    20     13 -7.2491002577640595e-07  1.6715818820648060e-06
    20     14  2.5251181001625393e-05  1.0189282581538215e-04
    20     15 -3.6873860160756153e-04 -1.5827573296757977e-03
    20     16  6.6180168527712984e-07 -6.4669910213021252e-06
    20     17  5.1392416755793868e-04 -7.3200413019796333e-05
    20     18  2.4710590924322444e-03 -3.5260644613797806e-04
    20     19 -1.1784608800090236e-07  2.5263239470165782e-05
    20     20  0.0000000000000000e+00  0.0000000000000000e+00
    20     21 -7.3283932625945736e-02 -4.1991158855678993e-06
    20     22 -1.3765275436484870e-07 -3.2494026478274357e-07
    20     23  4.0243932430151136e-04 -1.5682400202781666e-03
    20     24 -7.7527450910201993e-04  3.2074566961423447e-03
    20     25  1.1335258856678767e-09 -2.7029179349521825e-07
    20     26  1.6194737266422964e-03  2.3614814942816975e-04
    20     27  3.3223733616685363e-03  4.8447514790509616e-04
    21      1  3.6194976603191449e-07  2.1355743552232797e-05
    21      2  5.8748884385766208e-04 -4.3792260177919536e-03
    21      3  2.0365415308224444e-02 -1.5560071837259756e-01
    21      4 -5.0710407632991291e-08  1.3025119076499239e-05
    21      5  2.3482728185390128e-03  3.5430369295838294e-04
    21      6  8.5948619418899211e-02  1.2967832343315047e-02
    21      7 -2.2687618643786147e-07  5.6678386093335256e-05
    21      8 -2.1083647425952060e-03 -1.7318826704514679e-05
    21      9 -7.5743663095292110e-02 -6.1785131933500385e-04
    21     10 -3.0627828716461459e-06  3.1919319578132184e-05
    21     11  9.6911022448721584e-04 -1.3225980715969937e-04
    21     12  3.4853783274397497e-02 -4.7855932853061644e-03
    21     13 -7.2413229812815926e-06  1.6700295181519770e-05
    21     14  4.4867058147067692e-04  1.8100191855414118e-03
    21     15 -1.3633799473828239e-02 -5.8505944785425021e-02
    21     16  1.3346302198274668e-06 -1.9717346195348777e-05
    21     17  2.4014406837145896e-03 -3.4278718784564496e-04
    21     18  8.7886741872526819e-02 -1.2535616386848577e-02
    21     19 -1.3854169490166836e-08  3.1249847989271414e-06
    21     20 -7.3283932625930137e-02  4.1991201249718084e-06
    21     21  0.0000000000000000e+00  0.0000000000000000e+00
    21     22 -2.1945319474735878e-07 -5.1729257636877292e-07
    21     23  9.3886976254185599e-04 -3.6594925161729719e-03
    21     24 -2.7343992981429182e-02  1.1315573267319709e-01
    21     25  2.9854725359149162e-09 -6.0639291494845440e-07
    21     26  3.4984313015445864e-03  5.0992974573518801e-04
    21     27  1.1666543626750088e-01  1.7005520012314573e-02
    22      1 -5.3820616766585901e-04 -2.1765947313109107e-04
    22      2  4.4597303772447343e-06  3.4837470511970452e-06
    22      3  1.3552775564095698e-05  1.0785848318655799e-05
    22      4 -7.1062847174039045e-03 -3.0455839729766308e-03
    22      5  2.7417014078928939e-05 -4.4647131563829073e-05
    22      6  8.5271913766912461e-06 -1.3885667940996445e-05
    22      7 -1.0484378465392777e-04 -4.4944087787577828e-05
    22      8 -7.2491003988184011e-07  1.6715819145911183e-06
    22      9 -7.2413234715342454e-06  1.6700296312134923e-05
    22     10 -2.5818058360848082e-04 -1.1068840716394683e-04
    22     11  1.4728653728325159e-06 -5.4407180740024238e-06
    22     12  1.1710865818290100e-05 -4.3259228981822266e-05
    22     13 -9.6705092146868240e-06 -1.0329939979127221e-05
    22     14  2.5925707918502519e-07  2.5732433149868193e-07
    22     15 -6.1590570930968694e-06 -3.0151969055424717e-06
    22     16 -5.3682843489552231e-05 -2.3026402274993474e-05
    22     17  9.9722002069650532e-08 -3.7577961425627514e-07
    22     18  1.1566867533635700e-06 -4.3583068632107810e-06
    22     19 -1.6310692905680269e-03 -6.9945727317882733e-04
    22     20 -1.3765275436470714e-07  3.2494026478126539e-07
    22     21 -2.1945319474733242e-07  5.1729257636886154e-07
    22     22  0.0000000000000000e+00  0.0000000000000000e+00
    22     23  1.4281827587942174e-05  1.0889193198928163e-05
    22     24 -2.4442339043167319e-06 -1.8104629495751896e-06
    22     25 -6.8007540161308750e-05 -2.9160694343043235e-05
    22     26 -2.7130396116127596e-10  4.6000504098895814e-10
    22     27  1.7672858994045799e-07 -2.9106119060427091e-07
    23      1 -6.1793543207202372e-06  1.0098359004428884e-06
    23      2 -5.0334605315104390e-04  5.9507687087016444e-05
    23      3 -2.7455639671470620e-03  3.3449654119566136e-04
    23      4  5.0249481379707749e-05 -1.2680468821380094e-05
    23      5 -7.1052885467084526e-04 -6.9837284193269905e-03
    23      6 -5.0585663251313015e-04 -4.9720419311814921e-03
    23      7  1.7806630638031773e-06 -4.4920316481413208e-07
    23      8  2.5251181119507175e-05  1.0189282629108188e-04
    23      9  4.4867058468930291e-04  1.8100191985264513e-03
    23     10  5.4513002844103133e-06 -1.3750775080184513e-06
    23     11 -9.5924338794668167e-05 -2.3488027588893881e-04
    23     12 -8.6635730041705462e-04 -2.1213393312586254e-03
    23     13  2.5925707796092552e-07  2.5732433062986404e-07
    23     14  2.0996195486365882e-05 -1.1253413887653398e-05
    23     15 -5.8292929783910856e-04  3.0289772350462454e-04
    23     16  3.7514867796670228e-07 -9.4540170899713466e-08
    23     17 -2.2371563945599711e-05 -5.4004569933450213e-05
    23     18 -6.0943465375571531e-04 -1.4711629158269948e-03
    23     19 -2.8276492166488019e-07  7.1544024703320404e-08
    23     20  4.0243932430158037e-04  1.5682400202780740e-03
    23     21  9.3886976254185307e-04  3.6594925161729771e-03
    23     22  1.4281818501992694e-05 -1.0889186756199945e-05
    23     23  0.0000000000000000e+00  0.0000000000000000e+00
    23     24  8.1424840487517691e-02 -1.1430248848751251e-03
    23     25 -1.0781536960019962e-08  2.7400778228438020e-09
    23     26 -7.9883885960138305e-06 -7.4795030848876098e-05
    23     27 -1.8768038725828310e-04 -1.7573022156493600e-03
    24      1  1.9419658181000808e-05 -3.3779361499209082e-06
    24      2  2.3144907969563397e-03 -2.4147403730314740e-04
    24      3  8.5918087871558954e-02 -9.2332079723618996e-03
    24      4 -1.9291812994858560e-05  4.5815115654205633e-06
    24      5  3.6831689496665893e-04  4.2056097688785866e-03
    24      6  1.3155706284057966e-02  1.5021827746592445e-01
    24      7 -2.2828043528563697e-05  5.4196067064999529e-06
    24      8 -3.6873860423353502e-04 -1.5827573409469553e-03
    24      9 -1.3633799575290595e-02 -5.8505945220824473e-02
    24     10 -5.0189983081529665e-05  1.1914731473707978e-05
    24     11  7.6953396697847405e-04  1.9625414135632266e-03
    24     12  2.6428076338559300e-02  6.7398778450994165e-02
    24     13 -6.1590569486777781e-06 -3.0151968828682641e-06
    24     14 -5.8292929781721061e-04  3.0289772348813230e-04
    24     15  1.9985665305248815e-02 -1.0045872913635593e-02
    24     16 -5.7123481323167658e-06  1.3552304842036297e-06
    24     17  4.9682971328857497e-04  1.2486261836081171e-03
    24     18  1.9283771407924092e-02  4.8463654318588442e-02
    24     19  5.7241044351285557e-07 -1.3607374681152039e-07
    24     20 -7.7527450910201668e-04 -3.2074566961423495e-03
    24     21 -2.7343992981429133e-02 -1.1315573267319709e-01
    24     22 -2.4442349619509884e-06  1.8104636740158685e-06
    24     23  8.1424840487532194e-02  1.1430248801419778e-03
    24     24  0.0000000000000000e+00  0.0000000000000000e+00
    24     25  5.4630392475412170e-07 -1.2941421569953988e-07
    24     26  1.4949335033281457e-04  1.6139352839503514e-03
    24     27  5.3314537702456337e-03  5.7560463736961651e-02
    25      1 -5.9767771467396206e-04  1.2543192152090426e-05
    25      2 -5.1954380108517389e-06 -6.7522850500024942e-07
    25      3 -1.2025086979642902e-05 -1.5229821118408817e-06
    25      4 -1.9515098219859368e-05 -4.1509729124271519e-09
    25      5 -4.3550974856877299e-08  3.2107748380214040e-07
    25      6 -1.5449985905334419e-06  7.2279690637086635e-06
    25      7 -2.6752775734112231e-05 -2.0897086128256964e-08
    25      8 -5.5122038354933851e-08  8.6550722172195715e-07
    25      9 -3.0627829312943776e-06  3.1919320275897095e-05
    25     10 -4.4415350115172769e-05  2.3128440713541623e-09
    25     11 -7.9164921182772914e-08 -5.5889226663968877e-07
    25     12 -1.5994576952065751e-06 -1.1290118454528770e-05
    25     13 -2.5818058311469368e-04 -1.1068840695225969e-04
    25     14  5.4513003371296643e-06 -1.3750775213170343e-06
    25     15 -5.0189982875704772e-05  1.1914731424822749e-05
    25     16 -8.0000378935992343e-03 -1.0044926440324865e-06
    25     17 -7.9600248565757312e-06 -5.4245999346267739e-05
    25     18 -2.8521007854763319e-06 -1.9430351641159460e-05
    25     19 -1.8069940060798958e-03 -7.3235755990472583e-08
    25     20  1.1335258859223631e-09  2.7029179349206686e-07
    25     21  2.9854725360097839e-09  6.0639291494851771e-07
    25     22 -6.8007540161355018e-05  2.9160694343040341e-05
    25     23 -1.0781536960110571e-08 -2.7400778224422141e-09
    25     24  5.4630392475410666e-07  1.2941421569959737e-07
    25     25  0.0000000000000000e+00  0.0000000000000000e+00
    25     26 -4.0285763937297274e-06  2.8553138470620586e-05
    25     27 -5.0560270824047070e-07  3.5768470668810520e-06
    26      1 -8.5231533744355560e-07 -5.2275798104746688e-06
    26      2  5.8901449956596765e-06  5.1744461245199454e-04
    26      3  3.7399175830437692e-05  2.5618350967068848e-03
    26      4  5.3222023431318576e-08  3.2281669242230796e-07
    26      5 -2.3404409003916400e-05 -9.3505813824955616e-08
    26      6 -8.5372222011853528e-04 -3.7096046880847631e-06
    26      7 -7.9303909881674617e-08 -8.7861202134156734e-07
    26      8  2.5058895908212454e-05 -3.4001336068667430e-06
    26      9  9.6911022987411781e-04 -1.3225980789872163e-04
    26     10 -7.9164920666487883e-08 -5.5889226299328340e-07
    26     11 -4.7813513417417316e-05  1.3817551895680125e-05
    26     12 -1.4042594503854448e-03  4.0582017266181647e-04
    26     13  1.4728653517890913e-06 -5.4407179962759344e-06
    26     14 -9.5924338668734087e-05 -2.3488027558046489e-04
    26     15  7.6953396588130786e-04  1.9625414107639432e-03
    26     16 -7.5820802036543347e-06 -5.3609970703199321e-05
    26     17 -7.0341578750849525e-03  2.0710152327778853e-03
    26     18 -4.6334283503079252e-03  1.3641877781488062e-03
    26     19  4.6663777946432752e-08  3.2900007529053934e-07
    26     20  1.6194737266423983e-03 -2.3614814942813197e-04
    26     21  3.4984313015445846e-03 -5.0992974573518834e-04
    26     22 -2.7130396118499288e-10 -4.6000504123911519e-10
    26     23 -7.9883885960165292e-06  7.4795030848846038e-05
    26     24  1.4949335033281514e-04 -1.6139352839503525e-03
    26     25 -4.0285740946112013e-06 -2.8553128128400765e-05
    26     26  0.0000000000000000e+00  0.0000000000000000e+00
    26     27 -7.5997699913075756e-02 -2.9581045540782154e-07
    27      1 -2.0877034362826355e-06 -1.2796840670543572e-05
    27      2  2.6670897616290494e-05  2.3422491501711531e-03
    27      3  1.2657737942902360e-03  8.6684751096373497e-02
    27      4  6.8333279229901918e-07  6.8864977099495969e-06
    27      5 -7.8498225724067357e-04 -3.3515348524848118e-06
    27      6 -3.1359805181330427e-02 -1.4946509316192942e-04
    27      7 -2.1527709908501703e-06 -3.4611939799061453e-05
    27      8  9.1823767101255793e-04 -1.2531694888555749e-04
    27      9  3.4853783473193796e-02 -4.7855933126176907e-03
    27     10 -1.5994576557202346e-06 -1.1290118175586843e-05
    27     11 -1.4042594503168894e-03  4.0582017264246796e-04
    27     12 -5.0439495164497992e-02  1.4576785421780116e-02
    27     13  1.1710865361252709e-05 -4.3259227294026496e-05
    27     14 -8.6635729914833707e-04 -2.1213393281518025e-03
    27     15  2.6428076299645224e-02  6.7398778351752592e-02
    27     16 -2.9063905461027718e-06 -2.0545017154907121e-05
    27     17 -4.2647082796330050e-03  1.2556445201028640e-03
    27     18 -1.5105497262747339e-01  4.4474670743691970e-02
    27     19  7.2904180825292715e-08  5.1511271217432658e-07
    27     20  3.3223733616685345e-03 -4.8447514790509626e-04
    27     21  1.1666543626750095e-01 -1.7005520012314528e-02
    27     22  1.7672858994049103e-07  2.9106119060421469e-07
    27     23 -1.8768038725828411e-04  1.7573022156493613e-03
    27     24  5.3314537702456363e-03 -5.7560463736961665e-02
    27     25 -5.0560290460750148e-07 -3.5768481967788766e-06
    27     26 -7.5997699913048444e-02  2.9581482368786479e-07
    27     27  0.0000000000000000e+00  0.0000000000000000e+00
