                27                27
     1BSE eigenvalue    0.64922448      IP-eigenvalue:    1.53335004
  0.00000  0.00000  0.00000    -6.0785256    -2.3708546     0.0000003     9    11     -0.000000+i*     0.000000
  0.00000  0.00000  0.00000    -4.1241113    -2.3708546     0.7107783    10    11     -0.011461+i*    -0.078139
  0.00000  0.00000  0.00000    -4.1241113     0.4107230     0.8442696    10    12     -0.013316+i*    -0.092858
  0.33333  0.00000  0.00000    -4.5946561    -0.8328566     0.0000507     9    11     -0.000000+i*     0.000006
  0.33333  0.00000  0.00000    -2.8335705    -0.8328566     0.1075269    10    11     -0.011791+i*     0.001928
  0.33333  0.00000  0.00000    -2.8335705     1.9685811     0.4410665    10    12     -0.048365+i*     0.007907
  0.00000  0.33333  0.00000    -5.1496778    -1.5869842     0.0000101     9    11      0.000000+i*     0.000001
  0.00000  0.33333  0.00000    -3.1203342    -1.5869842     6.1445801    10    11      0.682588+i*    -0.013991
  0.00000  0.33333  0.00000    -3.1203342     1.1932086     1.3519601    10    12      0.150186+i*    -0.003070
  0.33333  0.33333  0.00000    -4.2052738    -0.0464668     0.0000339     9    11      0.000000+i*     0.000004
  0.33333  0.33333  0.00000    -2.8912559    -0.0464668     0.0306933    10    11     -0.003384+i*    -0.000423
  0.33333  0.33333  0.00000    -2.8912559     2.6619915     0.2317290    10    12     -0.025549+i*    -0.003192
 -0.33333  0.33333  0.00000    -4.4620760    -0.0451223     0.0000159     9    11      0.000001+i*     0.000002
 -0.33333  0.33333  0.00000    -3.2688503    -0.0451223     0.0252730    10    11     -0.000642+i*     0.002734
 -0.33333  0.33333  0.00000    -3.2688503     2.6226298     0.2143632    10    12      0.005121+i*    -0.023261
 -0.33333  0.00000  0.00000    -4.5946561    -0.8328566     0.0000507     9    11     -0.000000+i*    -0.000006
 -0.33333  0.00000  0.00000    -2.8335705    -0.8328566     0.1075269    10    11     -0.011848+i*    -0.001541
 -0.33333  0.00000  0.00000    -2.8335705     1.9685811     0.4410665    10    12     -0.048598+i*    -0.006321
  0.00000 -0.33333  0.00000    -5.1496778    -1.5869842     0.0000101     9    11     -0.000000+i*    -0.000001
  0.00000 -0.33333  0.00000    -3.1203342    -1.5869842     6.1445814    10    11      0.682680+i*    -0.008349
  0.00000 -0.33333  0.00000    -3.1203342     1.1932086     1.3519603    10    12      0.150206+i*    -0.001846
  0.33333 -0.33333  0.00000    -4.4620760    -0.0451223     0.0000159     9    11      0.000001+i*    -0.000002
  0.33333 -0.33333  0.00000    -3.2688503    -0.0451223     0.0252730    10    11     -0.000731+i*    -0.002711
  0.33333 -0.33333  0.00000    -3.2688503     2.6226298     0.2143632    10    12      0.005879+i*     0.023081
 -0.33333 -0.33333  0.00000    -4.2052738    -0.0464668     0.0000339     9    11      0.000000+i*    -0.000004
 -0.33333 -0.33333  0.00000    -2.8912559    -0.0464668     0.0306933    10    11     -0.003368+i*     0.000533
 -0.33333 -0.33333  0.00000    -2.8912559     2.6619915     0.2317291    10    12     -0.025431+i*     0.004026
     2BSE eigenvalue    0.66114590      IP-eigenvalue:    1.53335004
  0.00000  0.00000  0.00000    -6.0785256    -2.3708546     0.0003294     9    11      0.000037+i*     0.000000
  0.00000  0.00000  0.00000    -4.1241113    -2.3708546     0.0000009    10    11      0.000000+i*     0.000000
  0.00000  0.00000  0.00000    -4.1241113     0.4107230     0.0000008    10    12     -0.000000+i*    -0.000000
  0.33333  0.00000  0.00000    -4.5946561    -0.8328566     0.0000046     9    11     -0.000000+i*    -0.000000
  0.33333  0.00000  0.00000    -2.8335705    -0.8328566     0.0008390    10    11     -0.000016+i*    -0.000092
  0.33333  0.00000  0.00000    -2.8335705     1.9685811     0.0036073    10    12     -0.000067+i*    -0.000395
  0.00000  0.33333  0.00000    -5.1496778    -1.5869842     0.0001196     9    11      0.000013+i*    -0.000000
  0.00000  0.33333  0.00000    -3.1203342    -1.5869842     6.3300319    10    11      0.017645+i*     0.703115
  0.00000  0.33333  0.00000    -3.1203342     1.1932086     0.6547530    10    12      0.001821+i*     0.072728
  0.33333  0.33333  0.00000    -4.2052738    -0.0464668     0.0000102     9    11      0.000001+i*    -0.000000
  0.33333  0.33333  0.00000    -2.8912559    -0.0464668     0.0110745    10    11      0.000147+i*    -0.001222
  0.33333  0.33333  0.00000    -2.8912559     2.6619915     0.0368064    10    12      0.000489+i*    -0.004060
 -0.33333  0.33333  0.00000    -4.4620760    -0.0451223     0.0000081     9    11      0.000001+i*    -0.000000
 -0.33333  0.33333  0.00000    -3.2688503    -0.0451223     0.0073901    10    11     -0.000800+i*    -0.000184
 -0.33333  0.33333  0.00000    -3.2688503     2.6226298     0.0213852    10    12      0.002323+i*     0.000500
 -0.33333  0.00000  0.00000    -4.5946561    -0.8328566     0.0000046     9    11     -0.000000+i*     0.000000
 -0.33333  0.00000  0.00000    -2.8335705    -0.8328566     0.0008389    10    11     -0.000012+i*     0.000092
 -0.33333  0.00000  0.00000    -2.8335705     1.9685811     0.0036073    10    12     -0.000051+i*     0.000398
  0.00000 -0.33333  0.00000    -5.1496778    -1.5869842     0.0001196     9    11      0.000013+i*    -0.000000
  0.00000 -0.33333  0.00000    -3.1203342    -1.5869842     6.3300306    10    11     -0.011833+i*    -0.703237
  0.00000 -0.33333  0.00000    -3.1203342     1.1932086     0.6547527    10    12     -0.001228+i*    -0.072740
  0.33333 -0.33333  0.00000    -4.4620760    -0.0451223     0.0000081     9    11      0.000001+i*     0.000000
  0.33333 -0.33333  0.00000    -3.2688503    -0.0451223     0.0073901    10    11     -0.000792+i*     0.000217
  0.33333 -0.33333  0.00000    -3.2688503     2.6226298     0.0213851    10    12      0.002300+i*    -0.000597
 -0.33333 -0.33333  0.00000    -4.2052738    -0.0464668     0.0000102     9    11      0.000001+i*     0.000000
 -0.33333 -0.33333  0.00000    -2.8912559    -0.0464668     0.0110745    10    11      0.000198+i*     0.001214
 -0.33333 -0.33333  0.00000    -2.8912559     2.6619915     0.0368063    10    12      0.000659+i*     0.004036
     3BSE eigenvalue    0.86133750      IP-eigenvalue:    1.75325663
  0.00000  0.00000  0.00000    -6.0785256    -2.3708546     0.0000007     9    11     -0.000000+i*     0.000000
  0.00000  0.00000  0.00000    -4.1241113    -2.3708546     7.8381755    10    11     -0.126267+i*    -0.861707
  0.00000  0.00000  0.00000    -4.1241113     0.4107230     2.4652312    10    12     -0.038841+i*    -0.271147
  0.33333  0.00000  0.00000    -4.5946561    -0.8328566     0.0000209     9    11     -0.000000+i*     0.000002
  0.33333  0.00000  0.00000    -2.8335705    -0.8328566     0.4031814    10    11     -0.044212+i*     0.007221
  0.33333  0.00000  0.00000    -2.8335705     1.9685811     1.0194136    10    12     -0.111787+i*     0.018258
  0.00000  0.33333  0.00000    -5.1496778    -1.5869842     0.0003424     9    11      0.000001+i*     0.000038
  0.00000  0.33333  0.00000    -3.1203342    -1.5869842     1.1634697    10    11     -0.129248+i*     0.002630
  0.00000  0.33333  0.00000    -3.1203342     1.1932086     1.9397972    10    12      0.215489+i*    -0.004373
  0.33333  0.33333  0.00000    -4.2052738    -0.0464668     0.0000799     9    11      0.000000+i*     0.000009
  0.33333  0.33333  0.00000    -2.8912559    -0.0464668     0.0580619    10    11     -0.006401+i*    -0.000801
  0.33333  0.33333  0.00000    -2.8912559     2.6619915     0.4838752    10    12     -0.053348+i*    -0.006674
 -0.33333  0.33333  0.00000    -4.4620760    -0.0451223     0.0000065     9    11     -0.000000+i*     0.000001
 -0.33333  0.33333  0.00000    -3.2688503    -0.0451223     0.0445633    10    11     -0.001133+i*     0.004820
 -0.33333  0.33333  0.00000    -3.2688503     2.6226298     0.4302246    10    12      0.010284+i*    -0.046683
 -0.33333  0.00000  0.00000    -4.5946561    -0.8328566     0.0000209     9    11     -0.000000+i*    -0.000002
 -0.33333  0.00000  0.00000    -2.8335705    -0.8328566     0.4031814    10    11     -0.044423+i*    -0.005784
 -0.33333  0.00000  0.00000    -2.8335705     1.9685811     1.0194137    10    12     -0.112320+i*    -0.014624
  0.00000 -0.33333  0.00000    -5.1496778    -1.5869842     0.0003424     9    11     -0.000001+i*    -0.000038
  0.00000 -0.33333  0.00000    -3.1203342    -1.5869842     1.1634697    10    11     -0.129265+i*     0.001562
  0.00000 -0.33333  0.00000    -3.1203342     1.1932086     1.9397973    10    12      0.215517+i*    -0.002617
  0.33333 -0.33333  0.00000    -4.4620760    -0.0451223     0.0000065     9    11     -0.000000+i*    -0.000001
  0.33333 -0.33333  0.00000    -3.2688503    -0.0451223     0.0445633    10    11     -0.001289+i*    -0.004781
  0.33333 -0.33333  0.00000    -3.2688503     2.6226298     0.4302246    10    12      0.011793+i*     0.046325
 -0.33333 -0.33333  0.00000    -4.2052738    -0.0464668     0.0000799     9    11      0.000000+i*    -0.000009
 -0.33333 -0.33333  0.00000    -2.8912559    -0.0464668     0.0580619    10    11     -0.006372+i*     0.001008
 -0.33333 -0.33333  0.00000    -2.8912559     2.6619915     0.4838752    10    12     -0.053104+i*     0.008400
     4BSE eigenvalue    0.95086813      IP-eigenvalue:    2.00071389
  0.00000  0.00000  0.00000    -6.0785256    -2.3708546     0.0000015     9    11     -0.000000+i*     0.000000
  0.00000  0.00000  0.00000    -4.1241113    -2.3708546     4.3036493    10    11      0.070185+i*     0.473004
  0.00000  0.00000  0.00000    -4.1241113     0.4107230     3.3036147    10    12     -0.052709+i*    -0.363264
  0.33333  0.00000  0.00000    -4.5946561    -0.8328566     0.0000566     9    11     -0.000000+i*     0.000006
  0.33333  0.00000  0.00000    -2.8335705    -0.8328566     1.0078974    10    11     -0.110491+i*     0.018253
  0.33333  0.00000  0.00000    -2.8335705     1.9685811     2.0349350    10    12     -0.223081+i*     0.036851
  0.00000  0.33333  0.00000    -5.1496778    -1.5869842     0.0000717     9    11      0.000000+i*     0.000008
  0.00000  0.33333  0.00000    -3.1203342    -1.5869842     1.1339883    10    11     -0.125968+i*     0.002792
  0.00000  0.33333  0.00000    -3.1203342     1.1932086     4.2127567    10    12      0.467970+i*    -0.010344
  0.33333  0.33333  0.00000    -4.2052738    -0.0464668     0.0001213     9    11      0.000001+i*     0.000013
  0.33333  0.33333  0.00000    -2.8912559    -0.0464668     0.1144505    10    11     -0.012621+i*    -0.001555
  0.33333  0.33333  0.00000    -2.8912559     2.6619915     0.9359699    10    12     -0.103216+i*    -0.012722
 -0.33333  0.33333  0.00000    -4.4620760    -0.0451223     0.0000711     9    11      0.000003+i*     0.000007
 -0.33333  0.33333  0.00000    -3.2688503    -0.0451223     0.0865611    10    11     -0.002184+i*     0.009367
 -0.33333  0.33333  0.00000    -3.2688503     2.6226298     0.8340668    10    12      0.019773+i*    -0.090540
 -0.33333  0.00000  0.00000    -4.5946561    -0.8328566     0.0000566     9    11     -0.000000+i*    -0.000006
 -0.33333  0.00000  0.00000    -2.8335705    -0.8328566     1.0078974    10    11     -0.111077+i*    -0.014258
 -0.33333  0.00000  0.00000    -2.8335705     1.9685811     2.0349351    10    12     -0.224264+i*    -0.028786
  0.00000 -0.33333  0.00000    -5.1496778    -1.5869842     0.0000717     9    11     -0.000000+i*    -0.000008
  0.00000 -0.33333  0.00000    -3.1203342    -1.5869842     1.1339884    10    11     -0.125987+i*     0.001751
  0.00000 -0.33333  0.00000    -3.1203342     1.1932086     4.2127569    10    12      0.468039+i*    -0.006532
  0.33333 -0.33333  0.00000    -4.4620760    -0.0451223     0.0000711     9    11      0.000003+i*    -0.000007
  0.33333 -0.33333  0.00000    -3.2688503    -0.0451223     0.0865611    10    11     -0.002520+i*    -0.009282
  0.33333 -0.33333  0.00000    -3.2688503     2.6226298     0.8340669    10    12      0.023024+i*     0.089769
 -0.33333 -0.33333  0.00000    -4.2052738    -0.0464668     0.0001213     9    11      0.000000+i*    -0.000013
 -0.33333 -0.33333  0.00000    -2.8912559    -0.0464668     0.1144505    10    11     -0.012557+i*     0.002009
 -0.33333 -0.33333  0.00000    -2.8912559     2.6619915     0.9359700    10    12     -0.102690+i*     0.016434
     5BSE eigenvalue    1.12527114      IP-eigenvalue:    2.00071389
  0.00000  0.00000  0.00000    -6.0785256    -2.3708546     0.0000039     9    11      0.000000+i*     0.000000
  0.00000  0.00000  0.00000    -4.1241113    -2.3708546     0.0000016    10    11      0.000000+i*     0.000000
  0.00000  0.00000  0.00000    -4.1241113     0.4107230     0.0000044    10    12      0.000000+i*     0.000000
  0.33333  0.00000  0.00000    -4.5946561    -0.8328566     0.0000005     9    11      0.000000+i*     0.000000
  0.33333  0.00000  0.00000    -2.8335705    -0.8328566     6.3271745    10    11     -0.116634+i*    -0.693277
  0.33333  0.00000  0.00000    -2.8335705     1.9685811     0.6720894    10    12     -0.012389+i*    -0.073642
  0.00000  0.33333  0.00000    -5.1496778    -1.5869842     0.0000625     9    11      0.000007+i*    -0.000001
  0.00000  0.33333  0.00000    -3.1203342    -1.5869842     0.0038700    10    11     -0.000010+i*    -0.000430
  0.00000  0.33333  0.00000    -3.1203342     1.1932086     0.0221638    10    12      0.000058+i*     0.002462
  0.33333  0.33333  0.00000    -4.2052738    -0.0464668     0.0001702     9    11     -0.000019+i*     0.000000
  0.33333  0.33333  0.00000    -2.8912559    -0.0464668     0.0641160    10    11      0.000850+i*    -0.007073
  0.33333  0.33333  0.00000    -2.8912559     2.6619915     0.0794083    10    12      0.001053+i*    -0.008760
 -0.33333  0.33333  0.00000    -4.4620760    -0.0451223     0.0001413     9    11      0.000014+i*    -0.000006
 -0.33333  0.33333  0.00000    -3.2688503    -0.0451223     0.0409682    10    11      0.004436+i*     0.001021
 -0.33333  0.33333  0.00000    -3.2688503     2.6226298     0.0503672    10    12     -0.005471+i*    -0.001178
 -0.33333  0.00000  0.00000    -4.5946561    -0.8328566     0.0000005     9    11      0.000000+i*    -0.000000
 -0.33333  0.00000  0.00000    -2.8335705    -0.8328566     6.3271777    10    11     -0.087466+i*     0.697557
 -0.33333  0.00000  0.00000    -2.8335705     1.9685811     0.6720895    10    12     -0.009291+i*     0.074096
  0.00000 -0.33333  0.00000    -5.1496778    -1.5869842     0.0000625     9    11      0.000007+i*     0.000000
  0.00000 -0.33333  0.00000    -3.1203342    -1.5869842     0.0038699    10    11      0.000008+i*     0.000430
  0.00000 -0.33333  0.00000    -3.1203342     1.1932086     0.0221631    10    12     -0.000045+i*    -0.002462
  0.33333 -0.33333  0.00000    -4.4620760    -0.0451223     0.0001413     9    11      0.000015+i*     0.000006
  0.33333 -0.33333  0.00000    -3.2688503    -0.0451223     0.0409682    10    11      0.004389+i*    -0.001206
  0.33333 -0.33333  0.00000    -3.2688503     2.6226298     0.0503673    10    12     -0.005417+i*     0.001406
 -0.33333 -0.33333  0.00000    -4.2052738    -0.0464668     0.0001702     9    11     -0.000019+i*     0.000000
 -0.33333 -0.33333  0.00000    -2.8912559    -0.0464668     0.0641160    10    11      0.001146+i*     0.007031
 -0.33333 -0.33333  0.00000    -2.8912559     2.6619915     0.0794082    10    12      0.001419+i*     0.008708
     6BSE eigenvalue    1.13154260      IP-eigenvalue:    2.84478904
  0.00000  0.00000  0.00000    -6.0785256    -2.3708546     0.0000002     9    11      0.000000+i*     0.000000
  0.00000  0.00000  0.00000    -4.1241113    -2.3708546     0.1736874    10    11     -0.002797+i*    -0.019095
  0.00000  0.00000  0.00000    -4.1241113     0.4107230     0.7838037    10    12      0.012346+i*     0.086210
  0.33333  0.00000  0.00000    -4.5946561    -0.8328566     0.0000189     9    11      0.000000+i*    -0.000002
  0.33333  0.00000  0.00000    -2.8335705    -0.8328566     6.2324861    10    11     -0.683444+i*     0.111616
  0.33333  0.00000  0.00000    -2.8335705     1.9685811     0.2222078    10    12     -0.024367+i*     0.003980
  0.00000  0.33333  0.00000    -5.1496778    -1.5869842     0.0000536     9    11     -0.000000+i*    -0.000006
  0.00000  0.33333  0.00000    -3.1203342    -1.5869842     0.1708141    10    11      0.018975+i*    -0.000386
  0.00000  0.33333  0.00000    -3.1203342     1.1932086     1.1059871    10    12     -0.122862+i*     0.002492
  0.33333  0.33333  0.00000    -4.2052738    -0.0464668     0.0001352     9    11      0.000000+i*     0.000015
  0.33333  0.33333  0.00000    -2.8912559    -0.0464668     0.0352955    10    11     -0.003891+i*    -0.000487
  0.33333  0.33333  0.00000    -2.8912559     2.6619915     0.1297239    10    12      0.014302+i*     0.001789
 -0.33333  0.33333  0.00000    -4.4620760    -0.0451223     0.0001329     9    11      0.000006+i*     0.000013
 -0.33333  0.33333  0.00000    -3.2688503    -0.0451223     0.0224490    10    11     -0.000571+i*     0.002428
 -0.33333  0.33333  0.00000    -3.2688503     2.6226298     0.1163632    10    12     -0.002782+i*     0.012626
 -0.33333  0.00000  0.00000    -4.5946561    -0.8328566     0.0000189     9    11      0.000000+i*     0.000002
 -0.33333  0.00000  0.00000    -2.8335705    -0.8328566     6.2324828    10    11     -0.686697+i*    -0.089448
 -0.33333  0.00000  0.00000    -2.8335705     1.9685811     0.2222074    10    12     -0.024483+i*    -0.003189
  0.00000 -0.33333  0.00000    -5.1496778    -1.5869842     0.0000536     9    11     -0.000000+i*     0.000006
  0.00000 -0.33333  0.00000    -3.1203342    -1.5869842     0.1708141    10    11      0.018978+i*    -0.000228
  0.00000 -0.33333  0.00000    -3.1203342     1.1932086     1.1059871    10    12     -0.122878+i*     0.001484
  0.33333 -0.33333  0.00000    -4.4620760    -0.0451223     0.0001329     9    11      0.000006+i*    -0.000014
  0.33333 -0.33333  0.00000    -3.2688503    -0.0451223     0.0224491    10    11     -0.000649+i*    -0.002408
  0.33333 -0.33333  0.00000    -3.2688503     2.6226298     0.1163632    10    12     -0.003189+i*    -0.012530
 -0.33333 -0.33333  0.00000    -4.2052738    -0.0464668     0.0001352     9    11     -0.000000+i*    -0.000015
 -0.33333 -0.33333  0.00000    -2.8912559    -0.0464668     0.0352954    10    11     -0.003874+i*     0.000613
 -0.33333 -0.33333  0.00000    -2.8912559     2.6619915     0.1297240    10    12      0.014237+i*    -0.002251
     7BSE eigenvalue    1.35540999      IP-eigenvalue:    2.84478904
  0.00000  0.00000  0.00000    -6.0785256    -2.3708546     0.0001406     9    11     -0.000016+i*     0.000000
  0.00000  0.00000  0.00000    -4.1241113    -2.3708546     0.0000001    10    11      0.000000+i*     0.000000
  0.00000  0.00000  0.00000    -4.1241113     0.4107230     0.0000018    10    12     -0.000000+i*    -0.000000
  0.33333  0.00000  0.00000    -4.5946561    -0.8328566     0.0000153     9    11      0.000002+i*     0.000001
  0.33333  0.00000  0.00000    -2.8335705    -0.8328566     0.0365663    10    11     -0.000679+i*    -0.004006
  0.33333  0.00000  0.00000    -2.8335705     1.9685811     0.0921516    10    12      0.001708+i*     0.010096
  0.00000  0.33333  0.00000    -5.1496778    -1.5869842     0.0002879     9    11     -0.000032+i*     0.000001
  0.00000  0.33333  0.00000    -3.1203342    -1.5869842     0.6561575    10    11      0.001829+i*     0.072883
  0.00000  0.33333  0.00000    -3.1203342     1.1932086     6.3095827    10    12     -0.017551+i*    -0.700845
  0.33333  0.33333  0.00000    -4.2052738    -0.0464668     0.0001138     9    11     -0.000013+i*     0.000001
  0.33333  0.33333  0.00000    -2.8912559    -0.0464668     0.0760738    10    11     -0.001011+i*     0.008392
  0.33333  0.33333  0.00000    -2.8912559     2.6619915     0.4372886    10    12     -0.005804+i*     0.048240
 -0.33333  0.33333  0.00000    -4.4620760    -0.0451223     0.0000609     9    11     -0.000006+i*     0.000003
 -0.33333  0.33333  0.00000    -3.2688503    -0.0451223     0.0289922    10    11      0.003139+i*     0.000722
 -0.33333  0.33333  0.00000    -3.2688503     2.6226298     0.2257117    10    12     -0.024517+i*    -0.005278
 -0.33333  0.00000  0.00000    -4.5946561    -0.8328566     0.0000153     9    11      0.000002+i*    -0.000001
 -0.33333  0.00000  0.00000    -2.8335705    -0.8328566     0.0365662    10    11     -0.000510+i*     0.004031
 -0.33333  0.00000  0.00000    -2.8335705     1.9685811     0.0921514    10    12      0.001284+i*    -0.010158
  0.00000 -0.33333  0.00000    -5.1496778    -1.5869842     0.0002879     9    11     -0.000032+i*     0.000001
  0.00000 -0.33333  0.00000    -3.1203342    -1.5869842     0.6561575    10    11     -0.001228+i*    -0.072896
  0.00000 -0.33333  0.00000    -3.1203342     1.1932086     6.3095826    10    12      0.011849+i*     0.700965
  0.33333 -0.33333  0.00000    -4.4620760    -0.0451223     0.0000609     9    11     -0.000006+i*    -0.000003
  0.33333 -0.33333  0.00000    -3.2688503    -0.0451223     0.0289922    10    11      0.003106+i*    -0.000853
  0.33333 -0.33333  0.00000    -3.2688503     2.6226298     0.2257117    10    12     -0.024274+i*     0.006302
 -0.33333 -0.33333  0.00000    -4.2052738    -0.0464668     0.0001138     9    11     -0.000013+i*    -0.000001
 -0.33333 -0.33333  0.00000    -2.8912559    -0.0464668     0.0760738    10    11     -0.001362+i*    -0.008342
 -0.33333 -0.33333  0.00000    -2.8912559     2.6619915     0.4372885    10    12     -0.007822+i*    -0.047954
     8BSE eigenvalue    1.59577741      IP-eigenvalue:    3.22372795
  0.00000  0.00000  0.00000    -6.0785256    -2.3708546     0.0000008     9    11     -0.000000+i*     0.000000
  0.00000  0.00000  0.00000    -4.1241113    -2.3708546     0.6374526    10    11      0.010571+i*     0.070035
  0.00000  0.00000  0.00000    -4.1241113     0.4107230     6.5392981    10    12     -0.106133+i*    -0.718795
  0.33333  0.00000  0.00000    -4.5946561    -0.8328566     0.0001049     9    11      0.000000+i*    -0.000012
  0.33333  0.00000  0.00000    -2.8335705    -0.8328566     0.3230071    10    11      0.035396+i*    -0.005934
  0.33333  0.00000  0.00000    -2.8335705     1.9685811     1.9377137    10    12     -0.212338+i*     0.035602
  0.00000  0.33333  0.00000    -5.1496778    -1.5869842     0.0000904     9    11     -0.000000+i*    -0.000010
  0.00000  0.33333  0.00000    -3.1203342    -1.5869842     0.2703988    10    11      0.030035+i*    -0.000740
  0.00000  0.33333  0.00000    -3.1203342     1.1932086     3.8332926    10    12     -0.425793+i*     0.010472
  0.33333  0.33333  0.00000    -4.2052738    -0.0464668     0.0000183     9    11     -0.000001+i*    -0.000002
  0.33333  0.33333  0.00000    -2.8912559    -0.0464668     0.1131312    10    11     -0.012479+i*    -0.001509
  0.33333  0.33333  0.00000    -2.8912559     2.6619915     0.4441625    10    12     -0.048995+i*    -0.005920
 -0.33333  0.33333  0.00000    -4.4620760    -0.0451223     0.0000701     9    11     -0.000004+i*    -0.000007
 -0.33333  0.33333  0.00000    -3.2688503    -0.0451223     0.0417978    10    11     -0.001044+i*     0.004525
 -0.33333  0.33333  0.00000    -3.2688503     2.6226298     0.2783453    10    12      0.006525+i*    -0.030231
 -0.33333  0.00000  0.00000    -4.5946561    -0.8328566     0.0001049     9    11      0.000001+i*     0.000012
 -0.33333  0.00000  0.00000    -2.8335705    -0.8328566     0.3230071    10    11      0.035609+i*     0.004476
 -0.33333  0.00000  0.00000    -2.8335705     1.9685811     1.9377139    10    12     -0.213620+i*    -0.026855
  0.00000 -0.33333  0.00000    -5.1496778    -1.5869842     0.0000904     9    11      0.000000+i*     0.000010
  0.00000 -0.33333  0.00000    -3.1203342    -1.5869842     0.2703988    10    11      0.030040+i*    -0.000493
  0.00000 -0.33333  0.00000    -3.1203342     1.1932086     3.8332924    10    12     -0.425864+i*     0.007016
  0.33333 -0.33333  0.00000    -4.4620760    -0.0451223     0.0000701     9    11     -0.000004+i*     0.000007
  0.33333 -0.33333  0.00000    -3.2688503    -0.0451223     0.0417978    10    11     -0.001229+i*    -0.004479
  0.33333 -0.33333  0.00000    -3.2688503     2.6226298     0.2783453    10    12      0.007761+i*     0.029938
 -0.33333 -0.33333  0.00000    -4.2052738    -0.0464668     0.0000183     9    11     -0.000001+i*     0.000002
 -0.33333 -0.33333  0.00000    -2.8912559    -0.0464668     0.1131312    10    11     -0.012407+i*     0.002020
 -0.33333 -0.33333  0.00000    -2.8912559     2.6619915     0.4441626    10    12     -0.048711+i*     0.007926
     9BSE eigenvalue    1.77754687      IP-eigenvalue:    3.22372795
  0.00000  0.00000  0.00000    -6.0785256    -2.3708546     0.0000022     9    11      0.000000+i*     0.000000
  0.00000  0.00000  0.00000    -4.1241113    -2.3708546     0.3153816    10    11      0.005208+i*     0.034653
  0.00000  0.00000  0.00000    -4.1241113     0.4107230     4.3923426    10    12     -0.070983+i*    -0.482848
  0.33333  0.00000  0.00000    -4.5946561    -0.8328566     0.0000538     9    11      0.000000+i*     0.000006
  0.33333  0.00000  0.00000    -2.8335705    -0.8328566     0.5981241    10    11     -0.065553+i*     0.010931
  0.33333  0.00000  0.00000    -2.8335705     1.9685811     5.3246629    10    12      0.583571+i*    -0.097312
  0.00000  0.33333  0.00000    -5.1496778    -1.5869842     0.0001190     9    11      0.000001+i*     0.000013
  0.00000  0.33333  0.00000    -3.1203342    -1.5869842     0.0448856    10    11     -0.004986+i*     0.000119
  0.00000  0.33333  0.00000    -3.1203342     1.1932086     0.8671361    10    12      0.096321+i*    -0.002295
  0.33333  0.33333  0.00000    -4.2052738    -0.0464668     0.0000125     9    11      0.000000+i*     0.000001
  0.33333  0.33333  0.00000    -2.8912559    -0.0464668     0.3955849    10    11      0.043631+i*     0.005314
  0.33333  0.33333  0.00000    -2.8912559     2.6619915     0.8703287    10    12      0.095994+i*     0.011688
 -0.33333  0.33333  0.00000    -4.4620760    -0.0451223     0.0001019     9    11     -0.000005+i*    -0.000010
 -0.33333  0.33333  0.00000    -3.2688503    -0.0451223     0.1216653    10    11      0.003040+i*    -0.013172
 -0.33333  0.33333  0.00000    -3.2688503     2.6226298     0.6414027    10    12     -0.015051+i*     0.069660
 -0.33333  0.00000  0.00000    -4.5946561    -0.8328566     0.0000538     9    11     -0.000000+i*    -0.000006
 -0.33333  0.00000  0.00000    -2.8335705    -0.8328566     0.5981249    10    11     -0.065936+i*    -0.008314
 -0.33333  0.00000  0.00000    -2.8335705     1.9685811     5.3246709    10    12      0.586982+i*     0.074015
  0.00000 -0.33333  0.00000    -5.1496778    -1.5869842     0.0001190     9    11      0.000000+i*    -0.000013
  0.00000 -0.33333  0.00000    -3.1203342    -1.5869842     0.0448856    10    11     -0.004987+i*     0.000079
  0.00000 -0.33333  0.00000    -3.1203342     1.1932086     0.8671363    10    12      0.096336+i*    -0.001539
  0.33333 -0.33333  0.00000    -4.4620760    -0.0451223     0.0001019     9    11     -0.000005+i*     0.000010
  0.33333 -0.33333  0.00000    -3.2688503    -0.0451223     0.1216652    10    11      0.003561+i*     0.013041
  0.33333 -0.33333  0.00000    -3.2688503     2.6226298     0.6414020    10    12     -0.017811+i*    -0.069005
 -0.33333 -0.33333  0.00000    -4.2052738    -0.0464668     0.0000125     9    11      0.000000+i*    -0.000001
 -0.33333 -0.33333  0.00000    -2.8912559    -0.0464668     0.3955855    10    11      0.043386+i*    -0.007046
 -0.33333 -0.33333  0.00000    -2.8912559     2.6619915     0.8703300    10    12      0.095453+i*    -0.015498
    10BSE eigenvalue    1.78996658      IP-eigenvalue:    3.56269363
  0.00000  0.00000  0.00000    -6.0785256    -2.3708546     0.0000532     9    11      0.000006+i*     0.000000
  0.00000  0.00000  0.00000    -4.1241113    -2.3708546     0.0000798    10    11      0.000001+i*     0.000009
  0.00000  0.00000  0.00000    -4.1241113     0.4107230     0.0011374    10    12     -0.000019+i*    -0.000125
  0.33333  0.00000  0.00000    -4.5946561    -0.8328566     0.0000193     9    11      0.000002+i*     0.000000
  0.33333  0.00000  0.00000    -2.8335705    -0.8328566     0.6806338    10    11      0.012525+i*     0.074582
  0.33333  0.00000  0.00000    -2.8335705     1.9685811     6.1910157    10    12     -0.113921+i*    -0.678392
  0.00000  0.33333  0.00000    -5.1496778    -1.5869842     0.0002312     9    11      0.000026+i*    -0.000002
  0.00000  0.33333  0.00000    -3.1203342    -1.5869842     0.0072775    10    11      0.000018+i*     0.000808
  0.00000  0.33333  0.00000    -3.1203342     1.1932086     0.1493585    10    12     -0.000374+i*    -0.016591
  0.33333  0.33333  0.00000    -4.2052738    -0.0464668     0.0000906     9    11     -0.000010+i*     0.000000
  0.33333  0.33333  0.00000    -2.8912559    -0.0464668     0.5028978    10    11      0.006681+i*    -0.055477
  0.33333  0.33333  0.00000    -2.8912559     2.6619915     1.0319441    10    12      0.013713+i*    -0.113837
 -0.33333  0.33333  0.00000    -4.4620760    -0.0451223     0.0000439     9    11      0.000004+i*    -0.000002
 -0.33333  0.33333  0.00000    -3.2688503    -0.0451223     0.1154609    10    11      0.012503+i*     0.002872
 -0.33333  0.33333  0.00000    -3.2688503     2.6226298     0.5954826    10    12     -0.064687+i*    -0.013906
 -0.33333  0.00000  0.00000    -4.5946561    -0.8328566     0.0000193     9    11      0.000002+i*    -0.000000
 -0.33333  0.00000  0.00000    -2.8335705    -0.8328566     0.6806330    10    11      0.009387+i*    -0.075041
 -0.33333  0.00000  0.00000    -2.8335705     1.9685811     6.1910087    10    12     -0.085382+i*     0.682570
  0.00000 -0.33333  0.00000    -5.1496778    -1.5869842     0.0002312     9    11      0.000026+i*     0.000001
  0.00000 -0.33333  0.00000    -3.1203342    -1.5869842     0.0072775    10    11     -0.000016+i*    -0.000808
  0.00000 -0.33333  0.00000    -3.1203342     1.1932086     0.1493573    10    12      0.000322+i*     0.016592
  0.33333 -0.33333  0.00000    -4.4620760    -0.0451223     0.0000439     9    11      0.000005+i*     0.000002
  0.33333 -0.33333  0.00000    -3.2688503    -0.0451223     0.1154610    10    11      0.012372+i*    -0.003394
  0.33333 -0.33333  0.00000    -3.2688503     2.6226298     0.5954834    10    12     -0.064047+i*     0.016606
 -0.33333 -0.33333  0.00000    -4.2052738    -0.0464668     0.0000906     9    11     -0.000010+i*    -0.000000
 -0.33333 -0.33333  0.00000    -2.8912559    -0.0464668     0.5028973    10    11      0.009001+i*     0.055148
 -0.33333 -0.33333  0.00000    -2.8912559     2.6619915     1.0319430    10    12      0.018473+i*     0.113162
    11BSE eigenvalue    1.97331693      IP-eigenvalue:    3.56269363
  0.00000  0.00000  0.00000    -6.0785256    -2.3708546     0.0000001     9    11     -0.000000+i*     0.000000
  0.00000  0.00000  0.00000    -4.1241113    -2.3708546     0.0044348    10    11     -0.000076+i*    -0.000487
  0.00000  0.00000  0.00000    -4.1241113     0.4107230     0.0106490    10    12     -0.000179+i*    -0.001170
  0.33333  0.00000  0.00000    -4.5946561    -0.8328566     0.0004049     9    11      0.000001+i*     0.000045
  0.33333  0.00000  0.00000    -2.8335705    -0.8328566     0.0069832    10    11     -0.000764+i*     0.000133
  0.33333  0.00000  0.00000    -2.8335705     1.9685811     0.5975595    10    12     -0.065419+i*     0.011346
  0.00000  0.33333  0.00000    -5.1496778    -1.5869842     0.0000484     9    11     -0.000001+i*    -0.000005
  0.00000  0.33333  0.00000    -3.1203342    -1.5869842     0.0056875    10    11      0.000632+i*    -0.000019
  0.00000  0.33333  0.00000    -3.1203342     1.1932086     0.0407772    10    12      0.004529+i*    -0.000141
  0.33333  0.33333  0.00000    -4.2052738    -0.0464668     0.0001422     9    11      0.000000+i*     0.000016
  0.33333  0.33333  0.00000    -2.8912559    -0.0464668     6.2930720    10    11      0.694650+i*     0.079906
  0.33333  0.33333  0.00000    -2.8912559     2.6619915     0.7335446    10    12      0.080971+i*     0.009315
 -0.33333  0.33333  0.00000    -4.4620760    -0.0451223     0.0000375     9    11     -0.000002+i*    -0.000004
 -0.33333  0.33333  0.00000    -3.2688503    -0.0451223     0.0006030    10    11     -0.000015+i*     0.000065
 -0.33333  0.33333  0.00000    -3.2688503     2.6226298     0.0124124    10    12      0.000284+i*    -0.001350
 -0.33333  0.00000  0.00000    -4.5946561    -0.8328566     0.0004049     9    11     -0.000001+i*    -0.000045
 -0.33333  0.00000  0.00000    -2.8335705    -0.8328566     0.0069832    10    11     -0.000770+i*    -0.000093
 -0.33333  0.00000  0.00000    -2.8335705     1.9685811     0.5975613    10    12     -0.065920+i*    -0.007933
  0.00000 -0.33333  0.00000    -5.1496778    -1.5869842     0.0000484     9    11     -0.000000+i*     0.000005
  0.00000 -0.33333  0.00000    -3.1203342    -1.5869842     0.0056876    10    11      0.000632+i*    -0.000014
  0.00000 -0.33333  0.00000    -3.1203342     1.1932086     0.0407775    10    12      0.004530+i*    -0.000095
  0.33333 -0.33333  0.00000    -4.4620760    -0.0451223     0.0000375     9    11     -0.000002+i*     0.000004
  0.33333 -0.33333  0.00000    -3.2688503    -0.0451223     0.0006030    10    11     -0.000018+i*    -0.000065
  0.33333 -0.33333  0.00000    -3.2688503     2.6226298     0.0124123    10    12      0.000353+i*     0.001333
 -0.33333 -0.33333  0.00000    -4.2052738    -0.0464668     0.0001422     9    11     -0.000000+i*    -0.000016
 -0.33333 -0.33333  0.00000    -2.8912559    -0.0464668     6.2930899    10    11      0.689562+i*    -0.115885
 -0.33333 -0.33333  0.00000    -2.8912559     2.6619915     0.7335464    10    12      0.080378+i*    -0.013509
    12BSE eigenvalue    1.97479856      IP-eigenvalue:    3.70767091
  0.00000  0.00000  0.00000    -6.0785256    -2.3708546     0.0000915     9    11     -0.000010+i*     0.000000
  0.00000  0.00000  0.00000    -4.1241113    -2.3708546     0.0000012    10    11     -0.000000+i*    -0.000000
  0.00000  0.00000  0.00000    -4.1241113     0.4107230     0.0000076    10    12      0.000000+i*     0.000001
  0.33333  0.00000  0.00000    -4.5946561    -0.8328566     0.0003902     9    11     -0.000043+i*     0.000001
  0.33333  0.00000  0.00000    -2.8335705    -0.8328566     0.0055227    10    11     -0.000102+i*    -0.000605
  0.33333  0.00000  0.00000    -2.8335705     1.9685811     0.6160304    10    12     -0.011365+i*    -0.067498
  0.00000  0.33333  0.00000    -5.1496778    -1.5869842     0.0000021     9    11     -0.000000+i*     0.000000
  0.00000  0.33333  0.00000    -3.1203342    -1.5869842     0.0028442    10    11      0.000008+i*     0.000316
  0.00000  0.33333  0.00000    -3.1203342     1.1932086     0.1130301    10    12      0.000314+i*     0.012555
  0.33333  0.33333  0.00000    -4.2052738    -0.0464668     0.0001644     9    11     -0.000018+i*     0.000000
  0.33333  0.33333  0.00000    -2.8912559    -0.0464668     6.3010439    10    11     -0.083503+i*     0.695118
  0.33333  0.33333  0.00000    -2.8912559     2.6619915     0.6341946    10    12     -0.008405+i*     0.069963
 -0.33333  0.33333  0.00000    -4.4620760    -0.0451223     0.0000372     9    11     -0.000004+i*     0.000002
 -0.33333  0.33333  0.00000    -3.2688503    -0.0451223     0.0114110    10    11      0.001236+i*     0.000284
 -0.33333  0.33333  0.00000    -3.2688503     2.6226298     0.0481683    10    12     -0.005232+i*    -0.001127
 -0.33333  0.00000  0.00000    -4.5946561    -0.8328566     0.0003902     9    11     -0.000043+i*     0.000001
 -0.33333  0.00000  0.00000    -2.8335705    -0.8328566     0.0055226    10    11     -0.000076+i*     0.000609
 -0.33333  0.00000  0.00000    -2.8335705     1.9685811     0.6160287    10    12     -0.008527+i*     0.067914
  0.00000 -0.33333  0.00000    -5.1496778    -1.5869842     0.0000021     9    11     -0.000000+i*    -0.000000
  0.00000 -0.33333  0.00000    -3.1203342    -1.5869842     0.0028442    10    11     -0.000005+i*    -0.000316
  0.00000 -0.33333  0.00000    -3.1203342     1.1932086     0.1130300    10    12     -0.000213+i*    -0.012557
  0.33333 -0.33333  0.00000    -4.4620760    -0.0451223     0.0000372     9    11     -0.000004+i*    -0.000002
  0.33333 -0.33333  0.00000    -3.2688503    -0.0451223     0.0114110    10    11      0.001223+i*    -0.000336
  0.33333 -0.33333  0.00000    -3.2688503     2.6226298     0.0481684    10    12     -0.005180+i*     0.001346
 -0.33333 -0.33333  0.00000    -4.2052738    -0.0464668     0.0001644     9    11     -0.000018+i*     0.000000
 -0.33333 -0.33333  0.00000    -2.8912559    -0.0464668     6.3010260    10    11     -0.112560+i*    -0.691006
 -0.33333 -0.33333  0.00000    -2.8912559     2.6619915     0.6341926    10    12     -0.011329+i*    -0.069549
    13BSE eigenvalue    2.34425182      IP-eigenvalue:    3.76179942
  0.00000  0.00000  0.00000    -6.0785256    -2.3708546     0.0002358     9    11      0.000026+i*     0.000000
  0.00000  0.00000  0.00000    -4.1241113    -2.3708546     0.0000094    10    11     -0.000000+i*    -0.000001
  0.00000  0.00000  0.00000    -4.1241113     0.4107230     0.0015491    10    12      0.000022+i*     0.000171
  0.33333  0.00000  0.00000    -4.5946561    -0.8328566     0.0006643     9    11     -0.000074+i*     0.000002
  0.33333  0.00000  0.00000    -2.8335705    -0.8328566     0.0263670    10    11      0.000509+i*     0.002885
  0.33333  0.00000  0.00000    -2.8335705     1.9685811     0.2052376    10    12      0.004269+i*     0.022401
  0.00000  0.33333  0.00000    -5.1496778    -1.5869842     0.0001002     9    11     -0.000011+i*     0.000000
  0.00000  0.33333  0.00000    -3.1203342    -1.5869842     0.0038211    10    11      0.000008+i*     0.000424
  0.00000  0.33333  0.00000    -3.1203342     1.1932086     0.0662859    10    12      0.000005+i*     0.007365
  0.33333  0.33333  0.00000    -4.2052738    -0.0464668     0.0000849     9    11     -0.000009+i*     0.000000
  0.33333  0.33333  0.00000    -2.8912559    -0.0464668     0.0013789    10    11      0.000103+i*    -0.000113
  0.33333  0.33333  0.00000    -2.8912559     2.6619915     0.0157745    10    12     -0.000580+i*     0.001654
 -0.33333  0.33333  0.00000    -4.4620760    -0.0451223     0.0001113     9    11     -0.000011+i*     0.000005
 -0.33333  0.33333  0.00000    -3.2688503    -0.0451223     6.2914289    10    11      0.679356+i*     0.164753
 -0.33333  0.33333  0.00000    -3.2688503     2.6226298     0.9246692    10    12     -0.100177+i*    -0.022810
 -0.33333  0.00000  0.00000    -4.5946561    -0.8328566     0.0006641     9    11     -0.000074+i*     0.000001
 -0.33333  0.00000  0.00000    -2.8335705    -0.8328566     0.0263601    10    11      0.000388+i*    -0.002903
 -0.33333  0.00000  0.00000    -2.8335705     1.9685811     0.2050938    10    12      0.003325+i*    -0.022544
  0.00000 -0.33333  0.00000    -5.1496778    -1.5869842     0.0001001     9    11     -0.000011+i*    -0.000000
  0.00000 -0.33333  0.00000    -3.1203342    -1.5869842     0.0038220    10    11     -0.000010+i*    -0.000425
  0.00000 -0.33333  0.00000    -3.1203342     1.1932086     0.0663378    10    12     -0.000303+i*    -0.007365
  0.33333 -0.33333  0.00000    -4.4620760    -0.0451223     0.0001113     9    11     -0.000011+i*    -0.000005
  0.33333 -0.33333  0.00000    -3.2688503    -0.0451223     6.2938331    10    11      0.672118+i*    -0.193127
  0.33333 -0.33333  0.00000    -3.2688503     2.6226298     0.9250220    10    12     -0.099172+i*     0.026995
 -0.33333 -0.33333  0.00000    -4.2052738    -0.0464668     0.0000848     9    11     -0.000009+i*     0.000000
 -0.33333 -0.33333  0.00000    -2.8912559    -0.0464668     0.0014001    10    11      0.000108+i*     0.000111
 -0.33333 -0.33333  0.00000    -2.8912559     2.6619915     0.0158823    10    12     -0.000651+i*    -0.001640
    14BSE eigenvalue    2.34428242      IP-eigenvalue:    3.76179942
  0.00000  0.00000  0.00000    -6.0785256    -2.3708546     0.0000262     9    11      0.000003+i*     0.000000
  0.00000  0.00000  0.00000    -4.1241113    -2.3708546     0.0009011    10    11      0.000015+i*     0.000099
  0.00000  0.00000  0.00000    -4.1241113     0.4107230     0.1333613    10    12     -0.002144+i*    -0.014662
  0.33333  0.00000  0.00000    -4.5946561    -0.8328566     0.0006156     9    11     -0.000002+i*    -0.000068
  0.33333  0.00000  0.00000    -2.8335705    -0.8328566     0.0180412    10    11     -0.001971+i*     0.000363
  0.33333  0.00000  0.00000    -2.8335705     1.9685811     0.3754780    10    12     -0.041109+i*     0.007111
  0.00000  0.33333  0.00000    -5.1496778    -1.5869842     0.0001133     9    11     -0.000001+i*    -0.000013
  0.00000  0.33333  0.00000    -3.1203342    -1.5869842     0.0022527    10    11      0.000250+i*    -0.000001
  0.00000  0.33333  0.00000    -3.1203342     1.1932086     0.1356142    10    12      0.015066+i*    -0.000264
  0.33333  0.33333  0.00000    -4.2052738    -0.0464668     0.0000870     9    11     -0.000000+i*    -0.000010
  0.33333  0.33333  0.00000    -2.8912559    -0.0464668     0.0678397    10    11     -0.007482+i*    -0.000915
  0.33333  0.33333  0.00000    -2.8912559     2.6619915     0.2881492    10    12      0.031778+i*     0.003900
 -0.33333  0.33333  0.00000    -4.4620760    -0.0451223     0.0000915     9    11      0.000004+i*     0.000009
 -0.33333  0.33333  0.00000    -3.2688503    -0.0451223     6.2778031    10    11      0.165641+i*    -0.677581
 -0.33333  0.33333  0.00000    -3.2688503     2.6226298     0.9210796    10    12     -0.022905+i*     0.099746
 -0.33333  0.00000  0.00000    -4.5946561    -0.8328566     0.0006159     9    11      0.000000+i*     0.000068
 -0.33333  0.00000  0.00000    -2.8335705    -0.8328566     0.0180513    10    11     -0.001985+i*    -0.000287
 -0.33333  0.00000  0.00000    -2.8335705     1.9685811     0.3755565    10    12     -0.041360+i*    -0.005531
  0.00000 -0.33333  0.00000    -5.1496778    -1.5869842     0.0001133     9    11     -0.000000+i*     0.000013
  0.00000 -0.33333  0.00000    -3.1203342    -1.5869842     0.0022513    10    11      0.000250+i*    -0.000009
  0.00000 -0.33333  0.00000    -3.1203342     1.1932086     0.1355888    10    12      0.015062+i*    -0.000314
  0.33333 -0.33333  0.00000    -4.4620760    -0.0451223     0.0000914     9    11      0.000003+i*    -0.000010
  0.33333 -0.33333  0.00000    -3.2688503    -0.0451223     6.2753928    10    11      0.191413+i*     0.670478
  0.33333 -0.33333  0.00000    -3.2688503     2.6226298     0.9207255    10    12     -0.026701+i*    -0.098757
 -0.33333 -0.33333  0.00000    -4.2052738    -0.0464668     0.0000870     9    11      0.000000+i*     0.000010
 -0.33333 -0.33333  0.00000    -2.8912559    -0.0464668     0.0678393    10    11     -0.007441+i*     0.001201
 -0.33333 -0.33333  0.00000    -2.8912559     2.6619915     0.2881433    10    12      0.031605+i*    -0.005114
    15BSE eigenvalue    2.52923388      IP-eigenvalue:    4.15880699
  0.00000  0.00000  0.00000    -6.0785256    -2.3708546     0.0000019     9    11      0.000000+i*     0.000000
  0.00000  0.00000  0.00000    -4.1241113    -2.3708546     0.0189221    10    11      0.000298+i*     0.002081
  0.00000  0.00000  0.00000    -4.1241113     0.4107230     0.6846141    10    12     -0.010525+i*    -0.075337
  0.33333  0.00000  0.00000    -4.5946561    -0.8328566     0.0004401     9    11      0.000001+i*     0.000049
  0.33333  0.00000  0.00000    -2.8335705    -0.8328566     0.0575520    10    11      0.006315+i*    -0.001009
  0.33333  0.00000  0.00000    -2.8335705     1.9685811     1.3948184    10    12     -0.153040+i*     0.024443
  0.00000  0.33333  0.00000    -5.1496778    -1.5869842     0.0013288     9    11     -0.000015+i*    -0.000147
  0.00000  0.33333  0.00000    -3.1203342    -1.5869842     0.0126112    10    11     -0.001401+i*     0.000023
  0.00000  0.33333  0.00000    -3.1203342     1.1932086     0.5567927    10    12      0.061857+i*    -0.001045
  0.33333  0.33333  0.00000    -4.2052738    -0.0464668     0.0001046     9    11     -0.000000+i*    -0.000012
  0.33333  0.33333  0.00000    -2.8912559    -0.0464668     0.8342016    10    11     -0.091932+i*    -0.011822
  0.33333  0.33333  0.00000    -2.8912559     2.6619915     6.0016688    10    12      0.661405+i*     0.085059
 -0.33333  0.33333  0.00000    -4.4620760    -0.0451223     0.0002592     9    11     -0.000012+i*    -0.000026
 -0.33333  0.33333  0.00000    -3.2688503    -0.0451223     0.5342441    10    11     -0.013782+i*     0.057738
 -0.33333  0.33333  0.00000    -3.2688503     2.6226298     1.0025532    10    12     -0.024340+i*     0.108703
 -0.33333  0.00000  0.00000    -4.5946561    -0.8328566     0.0004401     9    11     -0.000000+i*    -0.000049
 -0.33333  0.00000  0.00000    -2.8335705    -0.8328566     0.0575521    10    11      0.006338+i*     0.000848
 -0.33333  0.00000  0.00000    -2.8335705     1.9685811     1.3948187    10    12     -0.153613+i*    -0.020537
  0.00000 -0.33333  0.00000    -5.1496778    -1.5869842     0.0013288     9    11     -0.000012+i*     0.000147
  0.00000 -0.33333  0.00000    -3.1203342    -1.5869842     0.0126112    10    11     -0.001401+i*     0.000012
  0.00000 -0.33333  0.00000    -3.1203342     1.1932086     0.5567928    10    12      0.061864+i*    -0.000531
  0.33333 -0.33333  0.00000    -4.4620760    -0.0451223     0.0002592     9    11     -0.000011+i*     0.000026
  0.33333 -0.33333  0.00000    -3.2688503    -0.0451223     0.5342442    10    11     -0.015248+i*    -0.057369
  0.33333 -0.33333  0.00000    -3.2688503     2.6226298     1.0025533    10    12     -0.027101+i*    -0.108048
 -0.33333 -0.33333  0.00000    -4.2052738    -0.0464668     0.0001046     9    11      0.000000+i*     0.000012
 -0.33333 -0.33333  0.00000    -2.8912559    -0.0464668     0.8342018    10    11     -0.091601+i*     0.014160
 -0.33333 -0.33333  0.00000    -2.8912559     2.6619915     6.0016707    10    12      0.659024+i*    -0.101879
    16BSE eigenvalue    2.61096786      IP-eigenvalue:    4.15880699
  0.00000  0.00000  0.00000    -6.0785256    -2.3708546     0.0008413     9    11      0.000093+i*     0.000000
  0.00000  0.00000  0.00000    -4.1241113    -2.3708546     0.0000002    10    11     -0.000000+i*    -0.000000
  0.00000  0.00000  0.00000    -4.1241113     0.4107230     0.0000089    10    12      0.000000+i*     0.000001
  0.33333  0.00000  0.00000    -4.5946561    -0.8328566     0.0002138     9    11      0.000024+i*     0.000000
  0.33333  0.00000  0.00000    -2.8335705    -0.8328566     0.0354872    10    11     -0.000654+i*    -0.003888
  0.33333  0.00000  0.00000    -2.8335705     1.9685811     0.9899595    10    12      0.018253+i*     0.108470
  0.00000  0.33333  0.00000    -5.1496778    -1.5869842     0.0024170     9    11      0.000267+i*    -0.000031
  0.00000  0.33333  0.00000    -3.1203342    -1.5869842     0.0077311    10    11      0.000022+i*     0.000859
  0.00000  0.33333  0.00000    -3.1203342     1.1932086     0.4056350    10    12     -0.001128+i*    -0.045056
  0.33333  0.33333  0.00000    -4.2052738    -0.0464668     0.0001326     9    11      0.000015+i*    -0.000000
  0.33333  0.33333  0.00000    -2.8912559    -0.0464668     0.7307164    10    11     -0.009693+i*     0.080610
  0.33333  0.33333  0.00000    -2.8912559     2.6619915     6.2303057    10    12      0.082650+i*    -0.687305
 -0.33333  0.33333  0.00000    -4.4620760    -0.0451223     0.0002849     9    11      0.000029+i*    -0.000013
 -0.33333  0.33333  0.00000    -3.2688503    -0.0451223     0.0205337    10    11     -0.002223+i*    -0.000512
 -0.33333  0.33333  0.00000    -3.2688503     2.6226298     0.0552254    10    12     -0.005998+i*    -0.001293
 -0.33333  0.00000  0.00000    -4.5946561    -0.8328566     0.0002138     9    11      0.000024+i*    -0.000001
 -0.33333  0.00000  0.00000    -2.8335705    -0.8328566     0.0354872    10    11     -0.000491+i*     0.003912
 -0.33333  0.00000  0.00000    -2.8335705     1.9685811     0.9899591    10    12      0.013690+i*    -0.109140
  0.00000 -0.33333  0.00000    -5.1496778    -1.5869842     0.0024170     9    11      0.000268+i*     0.000020
  0.00000 -0.33333  0.00000    -3.1203342    -1.5869842     0.0077311    10    11     -0.000014+i*    -0.000859
  0.00000 -0.33333  0.00000    -3.1203342     1.1932086     0.4056348    10    12      0.000762+i*     0.045064
  0.33333 -0.33333  0.00000    -4.4620760    -0.0451223     0.0002849     9    11      0.000029+i*     0.000012
  0.33333 -0.33333  0.00000    -3.2688503    -0.0451223     0.0205339    10    11     -0.002200+i*     0.000605
  0.33333 -0.33333  0.00000    -3.2688503     2.6226298     0.0552259    10    12     -0.005939+i*     0.001543
 -0.33333 -0.33333  0.00000    -4.2052738    -0.0464668     0.0001326     9    11      0.000015+i*    -0.000000
 -0.33333 -0.33333  0.00000    -2.8912559    -0.0464668     0.7307162    10    11     -0.013064+i*    -0.080133
 -0.33333 -0.33333  0.00000    -2.8912559     2.6619915     6.2303039    10    12      0.111388+i*     0.683236
    17BSE eigenvalue    2.67771284      IP-eigenvalue:    4.31354279
  0.00000  0.00000  0.00000    -6.0785256    -2.3708546     0.6995713     9    11     -0.077730+i*     0.000000
  0.00000  0.00000  0.00000    -4.1241113    -2.3708546     0.0000003    10    11     -0.000000+i*    -0.000000
  0.00000  0.00000  0.00000    -4.1241113     0.4107230     0.0000117    10    12      0.000000+i*     0.000001
  0.33333  0.00000  0.00000    -4.5946561    -0.8328566     0.0457318     9    11     -0.005080+i*     0.000105
  0.33333  0.00000  0.00000    -2.8335705    -0.8328566     0.0000509    10    11     -0.000001+i*    -0.000006
  0.33333  0.00000  0.00000    -2.8335705     1.9685811     0.0002008    10    12      0.000007+i*     0.000021
  0.00000  0.33333  0.00000    -5.1496778    -1.5869842     6.3444853     9    11     -0.704789+i*     0.014727
  0.00000  0.33333  0.00000    -3.1203342    -1.5869842     0.0001090    10    11      0.000000+i*     0.000012
  0.00000  0.33333  0.00000    -3.1203342     1.1932086     0.0001688    10    12     -0.000001+i*     0.000019
  0.33333  0.33333  0.00000    -4.2052738    -0.0464668     0.0207737     9    11     -0.002308+i*     0.000048
  0.33333  0.33333  0.00000    -2.8912559    -0.0464668     0.0002479    10    11     -0.000002+i*     0.000027
  0.33333  0.33333  0.00000    -2.8912559     2.6619915     0.0024464    10    12      0.000020+i*    -0.000271
 -0.33333  0.33333  0.00000    -4.4620760    -0.0451223     0.0149144     9    11     -0.001509+i*     0.000685
 -0.33333  0.33333  0.00000    -3.2688503    -0.0451223     0.0001921    10    11     -0.000021+i*    -0.000006
 -0.33333  0.33333  0.00000    -3.2688503     2.6226298     0.0006579    10    12     -0.000071+i*    -0.000019
 -0.33333  0.00000  0.00000    -4.5946561    -0.8328566     0.0457318     9    11     -0.005080+i*     0.000108
 -0.33333  0.00000  0.00000    -2.8335705    -0.8328566     0.0000509    10    11     -0.000001+i*     0.000006
 -0.33333  0.00000  0.00000    -2.8335705     1.9685811     0.0002008    10    12      0.000007+i*    -0.000021
  0.00000 -0.33333  0.00000    -5.1496778    -1.5869842     6.3444938     9    11     -0.704788+i*     0.014819
  0.00000 -0.33333  0.00000    -3.1203342    -1.5869842     0.0001090    10    11     -0.000000+i*    -0.000012
  0.00000 -0.33333  0.00000    -3.1203342     1.1932086     0.0001688    10    12     -0.000001+i*    -0.000019
  0.33333 -0.33333  0.00000    -4.4620760    -0.0451223     0.0149144     9    11     -0.001536+i*    -0.000621
  0.33333 -0.33333  0.00000    -3.2688503    -0.0451223     0.0001921    10    11     -0.000020+i*     0.000007
  0.33333 -0.33333  0.00000    -3.2688503     2.6226298     0.0006579    10    12     -0.000070+i*     0.000022
 -0.33333 -0.33333  0.00000    -4.2052738    -0.0464668     0.0207737     9    11     -0.002308+i*     0.000048
 -0.33333 -0.33333  0.00000    -2.8912559    -0.0464668     0.0002479    10    11     -0.000003+i*    -0.000027
 -0.33333 -0.33333  0.00000    -2.8912559     2.6619915     0.0024464    10    12      0.000031+i*     0.000270
    18BSE eigenvalue    2.67919138      IP-eigenvalue:    4.31354279
  0.00000  0.00000  0.00000    -6.0785256    -2.3708546     0.0000005     9    11      0.000000+i*     0.000000
  0.00000  0.00000  0.00000    -4.1241113    -2.3708546     0.0003796    10    11      0.000040+i*     0.000013
  0.00000  0.00000  0.00000    -4.1241113     0.4107230     0.0000416    10    12      0.000004+i*     0.000001
  0.33333  0.00000  0.00000    -4.5946561    -0.8328566     0.0000681     9    11      0.000007+i*     0.000004
  0.33333  0.00000  0.00000    -2.8335705    -0.8328566     0.0000086    10    11     -0.000000+i*    -0.000001
  0.33333  0.00000  0.00000    -2.8335705     1.9685811     0.0003144    10    12     -0.000008+i*     0.000034
  0.00000  0.33333  0.00000    -5.1496778    -1.5869842     6.3639248     9    11      0.635924+i*     0.309184
  0.00000  0.33333  0.00000    -3.1203342    -1.5869842     0.0000695    10    11      0.000003+i*    -0.000007
  0.00000  0.33333  0.00000    -3.1203342     1.1932086     0.0001376    10    12     -0.000008+i*     0.000013
  0.33333  0.33333  0.00000    -4.2052738    -0.0464668     0.0189834     9    11      0.001897+i*     0.000922
  0.33333  0.33333  0.00000    -2.8912559    -0.0464668     0.0001391    10    11     -0.000006+i*     0.000014
  0.33333  0.33333  0.00000    -2.8912559     2.6619915     0.0013623    10    12      0.000063+i*    -0.000138
 -0.33333  0.33333  0.00000    -4.4620760    -0.0451223     0.0123750     9    11      0.001373+i*     0.000065
 -0.33333  0.33333  0.00000    -3.2688503    -0.0451223     0.0000476    10    11     -0.000004+i*    -0.000003
 -0.33333  0.33333  0.00000    -3.2688503     2.6226298     0.0000773    10    12     -0.000007+i*    -0.000005
 -0.33333  0.00000  0.00000    -4.5946561    -0.8328566     0.0000680     9    11     -0.000007+i*    -0.000003
 -0.33333  0.00000  0.00000    -2.8335705    -0.8328566     0.0000086    10    11      0.000001+i*    -0.000001
 -0.33333  0.00000  0.00000    -2.8335705     1.9685811     0.0003144    10    12     -0.000022+i*     0.000027
  0.00000 -0.33333  0.00000    -5.1496778    -1.5869842     6.3639163     9    11     -0.635964+i*    -0.309100
  0.00000 -0.33333  0.00000    -3.1203342    -1.5869842     0.0000695    10    11      0.000003+i*    -0.000007
  0.00000 -0.33333  0.00000    -3.1203342     1.1932086     0.0001376    10    12     -0.000005+i*     0.000014
  0.33333 -0.33333  0.00000    -4.4620760    -0.0451223     0.0123750     9    11     -0.000900+i*    -0.001040
  0.33333 -0.33333  0.00000    -3.2688503    -0.0451223     0.0000476    10    11      0.000005+i*     0.000001
  0.33333 -0.33333  0.00000    -3.2688503     2.6226298     0.0000773    10    12      0.000008+i*     0.000003
 -0.33333 -0.33333  0.00000    -4.2052738    -0.0464668     0.0189833     9    11     -0.001897+i*    -0.000922
 -0.33333 -0.33333  0.00000    -2.8912559    -0.0464668     0.0001391    10    11     -0.000007+i*     0.000014
 -0.33333 -0.33333  0.00000    -2.8912559     2.6619915     0.0013623    10    12      0.000070+i*    -0.000134
    19BSE eigenvalue    2.82482442      IP-eigenvalue:    4.41695368
  0.00000  0.00000  0.00000    -6.0785256    -2.3708546     8.9623021     9    11      0.995811+i*     0.000000
  0.00000  0.00000  0.00000    -4.1241113    -2.3708546     0.0000002    10    11      0.000000+i*     0.000000
  0.00000  0.00000  0.00000    -4.1241113     0.4107230     0.0000084    10    12     -0.000000+i*    -0.000001
  0.33333  0.00000  0.00000    -4.5946561    -0.8328566     0.3030871     9    11      0.033669+i*    -0.000701
  0.33333  0.00000  0.00000    -2.8335705    -0.8328566     0.0000099    10    11     -0.000000+i*    -0.000001
  0.33333  0.00000  0.00000    -2.8335705     1.9685811     0.0001756    10    12      0.000001+i*     0.000019
  0.00000  0.33333  0.00000    -5.1496778    -1.5869842     0.4963680     9    11     -0.055140+i*     0.001152
  0.00000  0.33333  0.00000    -3.1203342    -1.5869842     0.0002154    10    11     -0.000001+i*    -0.000024
  0.00000  0.33333  0.00000    -3.1203342     1.1932086     0.0000286    10    12      0.000001+i*     0.000003
  0.33333  0.33333  0.00000    -4.2052738    -0.0464668     0.0152589     9    11      0.001695+i*    -0.000035
  0.33333  0.33333  0.00000    -2.8912559    -0.0464668     0.0000341    10    11     -0.000000+i*     0.000004
  0.33333  0.33333  0.00000    -2.8912559     2.6619915     0.0004810    10    12     -0.000011+i*     0.000052
 -0.33333  0.33333  0.00000    -4.4620760    -0.0451223     0.0093675     9    11      0.000948+i*    -0.000430
 -0.33333  0.33333  0.00000    -3.2688503    -0.0451223     0.0005318    10    11     -0.000058+i*    -0.000009
 -0.33333  0.33333  0.00000    -3.2688503     2.6226298     0.0025884    10    12     -0.000284+i*    -0.000044
 -0.33333  0.00000  0.00000    -4.5946561    -0.8328566     0.3030872     9    11      0.033669+i*    -0.000711
 -0.33333  0.00000  0.00000    -2.8335705    -0.8328566     0.0000099    10    11     -0.000000+i*     0.000001
 -0.33333  0.00000  0.00000    -2.8335705     1.9685811     0.0001756    10    12      0.000001+i*    -0.000020
  0.00000 -0.33333  0.00000    -5.1496778    -1.5869842     0.4963680     9    11     -0.055140+i*     0.001159
  0.00000 -0.33333  0.00000    -3.1203342    -1.5869842     0.0002154    10    11      0.000000+i*     0.000024
  0.00000 -0.33333  0.00000    -3.1203342     1.1932086     0.0000286    10    12      0.000001+i*    -0.000003
  0.33333 -0.33333  0.00000    -4.4620760    -0.0451223     0.0093675     9    11      0.000965+i*     0.000390
  0.33333 -0.33333  0.00000    -3.2688503    -0.0451223     0.0005318    10    11     -0.000058+i*     0.000012
  0.33333 -0.33333  0.00000    -3.2688503     2.6226298     0.0025884    10    12     -0.000282+i*     0.000056
 -0.33333 -0.33333  0.00000    -4.2052738    -0.0464668     0.0152589     9    11      0.001695+i*    -0.000036
 -0.33333 -0.33333  0.00000    -2.8912559    -0.0464668     0.0000341    10    11     -0.000000+i*    -0.000004
 -0.33333 -0.33333  0.00000    -2.8912559     2.6619915     0.0004811    10    12     -0.000013+i*    -0.000052
    20BSE eigenvalue    2.87731884      IP-eigenvalue:    4.41695368
  0.00000  0.00000  0.00000    -6.0785256    -2.3708546     0.4328961     9    11     -0.048100+i*     0.000000
  0.00000  0.00000  0.00000    -4.1241113    -2.3708546     0.0000001    10    11     -0.000000+i*    -0.000000
  0.00000  0.00000  0.00000    -4.1241113     0.4107230     0.0000046    10    12      0.000000+i*     0.000001
  0.33333  0.00000  0.00000    -4.5946561    -0.8328566     6.3542053     9    11      0.705869+i*    -0.014732
  0.33333  0.00000  0.00000    -2.8335705    -0.8328566     0.0000242    10    11      0.000000+i*     0.000003
  0.33333  0.00000  0.00000    -2.8335705     1.9685811     0.0008566    10    12     -0.000015+i*    -0.000094
  0.00000  0.33333  0.00000    -5.1496778    -1.5869842     0.0225340     9    11     -0.002503+i*     0.000053
  0.00000  0.33333  0.00000    -3.1203342    -1.5869842     0.0000189    10    11      0.000000+i*     0.000002
  0.00000  0.33333  0.00000    -3.1203342     1.1932086     0.0003068    10    12     -0.000001+i*    -0.000034
  0.33333  0.33333  0.00000    -4.2052738    -0.0464668     0.1271958     9    11      0.014130+i*    -0.000297
  0.33333  0.33333  0.00000    -2.8912559    -0.0464668     0.0003800    10    11     -0.000005+i*     0.000042
  0.33333  0.33333  0.00000    -2.8912559     2.6619915     0.0000277    10    12      0.000001+i*     0.000003
 -0.33333  0.33333  0.00000    -4.4620760    -0.0451223     0.0751498     9    11      0.007604+i*    -0.003450
 -0.33333  0.33333  0.00000    -3.2688503    -0.0451223     0.0020662    10    11      0.000224+i*     0.000050
 -0.33333  0.33333  0.00000    -3.2688503     2.6226298     0.0092091    10    12      0.001002+i*     0.000209
 -0.33333  0.00000  0.00000    -4.5946561    -0.8328566     6.3554563     9    11      0.706005+i*    -0.014862
 -0.33333  0.00000  0.00000    -2.8335705    -0.8328566     0.0000242    10    11      0.000000+i*    -0.000003
 -0.33333  0.00000  0.00000    -2.8335705     1.9685811     0.0008567    10    12     -0.000011+i*     0.000095
  0.00000 -0.33333  0.00000    -5.1496778    -1.5869842     0.0225341     9    11     -0.002503+i*     0.000052
  0.00000 -0.33333  0.00000    -3.1203342    -1.5869842     0.0000189    10    11      0.000000+i*    -0.000002
  0.00000 -0.33333  0.00000    -3.1203342     1.1932086     0.0003068    10    12      0.000001+i*     0.000034
  0.33333 -0.33333  0.00000    -4.4620760    -0.0451223     0.0751352     9    11      0.007740+i*     0.003128
  0.33333 -0.33333  0.00000    -3.2688503    -0.0451223     0.0020660    10    11      0.000222+i*    -0.000060
  0.33333 -0.33333  0.00000    -3.2688503     2.6226298     0.0092087    10    12      0.000992+i*    -0.000251
 -0.33333 -0.33333  0.00000    -4.2052738    -0.0464668     0.1272209     9    11      0.014133+i*    -0.000296
 -0.33333 -0.33333  0.00000    -2.8912559    -0.0464668     0.0003800    10    11     -0.000007+i*    -0.000042
 -0.33333 -0.33333  0.00000    -2.8912559     2.6619915     0.0000277    10    12      0.000001+i*    -0.000003
    21BSE eigenvalue    2.87732941      IP-eigenvalue:    4.53483427
  0.00000  0.00000  0.00000    -6.0785256    -2.3708546     0.0000496     9    11      0.000006+i*     0.000000
  0.00000  0.00000  0.00000    -4.1241113    -2.3708546     0.0000022    10    11      0.000000+i*     0.000000
  0.00000  0.00000  0.00000    -4.1241113     0.4107230     0.0001543    10    12     -0.000016+i*    -0.000007
  0.33333  0.00000  0.00000    -4.5946561    -0.8328566     6.3628729     9    11     -0.614268+i*    -0.350006
  0.33333  0.00000  0.00000    -2.8335705    -0.8328566     0.0000081    10    11      0.000000+i*    -0.000001
  0.33333  0.00000  0.00000    -2.8335705     1.9685811     0.0003179    10    12     -0.000012+i*     0.000033
  0.00000  0.33333  0.00000    -5.1496778    -1.5869842     0.0003055     9    11      0.000030+i*     0.000016
  0.00000  0.33333  0.00000    -3.1203342    -1.5869842     0.0000268    10    11      0.000001+i*    -0.000003
  0.00000  0.33333  0.00000    -3.1203342     1.1932086     0.0003091    10    12      0.000016+i*    -0.000030
  0.33333  0.33333  0.00000    -4.2052738    -0.0464668     0.1274447     9    11     -0.012304+i*    -0.007009
  0.33333  0.33333  0.00000    -2.8912559    -0.0464668     0.0003912    10    11      0.000027+i*    -0.000034
  0.33333  0.33333  0.00000    -2.8912559     2.6619915     0.0000562    10    12     -0.000004+i*     0.000004
 -0.33333  0.33333  0.00000    -4.4620760    -0.0451223     0.0745077     9    11      0.008226+i*     0.000932
 -0.33333  0.33333  0.00000    -3.2688503    -0.0451223     0.0009802    10    11      0.000078+i*     0.000076
 -0.33333  0.33333  0.00000    -3.2688503     2.6226298     0.0022682    10    12      0.000182+i*     0.000175
 -0.33333  0.00000  0.00000    -4.5946561    -0.8328566     6.3616234     9    11      0.614210+i*     0.349827
 -0.33333  0.00000  0.00000    -2.8335705    -0.8328566     0.0000081    10    11      0.000001+i*    -0.000001
 -0.33333  0.00000  0.00000    -2.8335705     1.9685811     0.0003178    10    12     -0.000022+i*     0.000028
  0.00000 -0.33333  0.00000    -5.1496778    -1.5869842     0.0003010     9    11     -0.000029+i*    -0.000017
  0.00000 -0.33333  0.00000    -3.1203342    -1.5869842     0.0000268    10    11      0.000002+i*    -0.000002
  0.00000 -0.33333  0.00000    -3.1203342     1.1932086     0.0003092    10    12      0.000018+i*    -0.000030
  0.33333 -0.33333  0.00000    -4.4620760    -0.0451223     0.0745225     9    11     -0.004998+i*    -0.006602
  0.33333 -0.33333  0.00000    -3.2688503    -0.0451223     0.0009806    10    11     -0.000105+i*    -0.000029
  0.33333 -0.33333  0.00000    -3.2688503     2.6226298     0.0022700    10    12     -0.000243+i*    -0.000067
 -0.33333 -0.33333  0.00000    -4.2052738    -0.0464668     0.1274196     9    11      0.012301+i*     0.007008
 -0.33333 -0.33333  0.00000    -2.8912559    -0.0464668     0.0003911    10    11      0.000016+i*    -0.000040
 -0.33333 -0.33333  0.00000    -2.8912559     2.6619915     0.0000562    10    12     -0.000001+i*     0.000006
    22BSE eigenvalue    2.89092786      IP-eigenvalue:    4.80215164
  0.00000  0.00000  0.00000    -6.0785256    -2.3708546     0.0042990     9    11      0.000478+i*     0.000000
  0.00000  0.00000  0.00000    -4.1241113    -2.3708546     0.0000038    10    11      0.000000+i*     0.000000
  0.00000  0.00000  0.00000    -4.1241113     0.4107230     0.0001087    10    12     -0.000002+i*    -0.000012
  0.33333  0.00000  0.00000    -4.5946561    -0.8328566     0.0093365     9    11     -0.001037+i*     0.000018
  0.33333  0.00000  0.00000    -2.8335705    -0.8328566     0.0160527    10    11      0.000297+i*     0.001759
  0.33333  0.00000  0.00000    -2.8335705     1.9685811     0.5563885    10    12     -0.010294+i*    -0.060958
  0.00000  0.33333  0.00000    -5.1496778    -1.5869842     0.0008216     9    11     -0.000091+i*     0.000003
  0.00000  0.33333  0.00000    -3.1203342    -1.5869842     0.0033480    10    11      0.000009+i*     0.000372
  0.00000  0.33333  0.00000    -3.1203342     1.1932086     0.2365486    10    12     -0.000635+i*    -0.026275
  0.33333  0.33333  0.00000    -4.2052738    -0.0464668     0.0005732     9    11      0.000064+i*    -0.000001
  0.33333  0.33333  0.00000    -2.8912559    -0.0464668     0.0091843    10    11     -0.000117+i*     0.001014
  0.33333  0.33333  0.00000    -2.8912559     2.6619915     0.1306426    10    12      0.001660+i*    -0.014421
 -0.33333  0.33333  0.00000    -4.4620760    -0.0451223     0.0000375     9    11     -0.000004+i*    -0.000000
 -0.33333  0.33333  0.00000    -3.2688503    -0.0451223     0.9414350    10    11      0.101930+i*     0.023499
 -0.33333  0.33333  0.00000    -3.2688503     2.6226298     6.2634263    10    12      0.680277+i*     0.146801
 -0.33333  0.00000  0.00000    -4.5946561    -0.8328566     0.0093365     9    11     -0.001037+i*     0.000026
 -0.33333  0.00000  0.00000    -2.8335705    -0.8328566     0.0160526    10    11      0.000223+i*    -0.001770
 -0.33333  0.00000  0.00000    -2.8335705     1.9685811     0.5563856    10    12     -0.007729+i*     0.061336
  0.00000 -0.33333  0.00000    -5.1496778    -1.5869842     0.0008216     9    11     -0.000091+i*     0.000001
  0.00000 -0.33333  0.00000    -3.1203342    -1.5869842     0.0033480    10    11     -0.000007+i*    -0.000372
  0.00000 -0.33333  0.00000    -3.1203342     1.1932086     0.2365501    10    12      0.000467+i*     0.026279
  0.33333 -0.33333  0.00000    -4.4620760    -0.0451223     0.0000375     9    11     -0.000004+i*     0.000000
  0.33333 -0.33333  0.00000    -3.2688503    -0.0451223     0.9414386    10    11      0.100856+i*    -0.027751
  0.33333 -0.33333  0.00000    -3.2688503     2.6226298     6.2634500    10    12      0.673527+i*    -0.175191
 -0.33333 -0.33333  0.00000    -4.2052738    -0.0464668     0.0005732     9    11      0.000064+i*    -0.000002
 -0.33333 -0.33333  0.00000    -2.8912559    -0.0464668     0.0091840    10    11     -0.000159+i*    -0.001008
 -0.33333 -0.33333  0.00000    -2.8912559     2.6619915     0.1306373    10    12      0.002263+i*     0.014338
    23BSE eigenvalue    2.90385848      IP-eigenvalue:    4.80215164
  0.00000  0.00000  0.00000    -6.0785256    -2.3708546     0.0002346     9    11      0.000026+i*     0.000000
  0.00000  0.00000  0.00000    -4.1241113    -2.3708546     0.0066373    10    11     -0.000110+i*    -0.000729
  0.00000  0.00000  0.00000    -4.1241113     0.4107230     0.3740764    10    12      0.006080+i*     0.041117
  0.33333  0.00000  0.00000    -4.5946561    -0.8328566     0.0024050     9    11     -0.000012+i*    -0.000267
  0.33333  0.00000  0.00000    -2.8335705    -0.8328566     0.0197435    10    11     -0.002163+i*     0.000364
  0.33333  0.00000  0.00000    -2.8335705     1.9685811     0.7249012    10    12      0.079427+i*    -0.013372
  0.00000  0.33333  0.00000    -5.1496778    -1.5869842     0.0003354     9    11     -0.000000+i*    -0.000037
  0.00000  0.33333  0.00000    -3.1203342    -1.5869842     0.0056364    10    11      0.000626+i*    -0.000015
  0.00000  0.33333  0.00000    -3.1203342     1.1932086     0.4034058    10    12     -0.044809+i*     0.001099
  0.33333  0.33333  0.00000    -4.2052738    -0.0464668     0.0006855     9    11      0.000001+i*     0.000076
  0.33333  0.33333  0.00000    -2.8912559    -0.0464668     0.0932349    10    11     -0.010285+i*    -0.001239
  0.33333  0.33333  0.00000    -2.8912559     2.6619915     1.3127730    10    12      0.144817+i*     0.017443
 -0.33333  0.33333  0.00000    -4.4620760    -0.0451223     0.0000357     9    11      0.000001+i*    -0.000004
 -0.33333  0.33333  0.00000    -3.2688503    -0.0451223     0.8898092    10    11      0.022233+i*    -0.096335
 -0.33333  0.33333  0.00000    -3.2688503     2.6226298     6.1006303    10    12      0.143152+i*    -0.662559
 -0.33333  0.00000  0.00000    -4.5946561    -0.8328566     0.0024050     9    11     -0.000001+i*     0.000267
 -0.33333  0.00000  0.00000    -2.8335705    -0.8328566     0.0197435    10    11     -0.002177+i*    -0.000274
 -0.33333  0.00000  0.00000    -2.8335705     1.9685811     0.7249034    10    12      0.079913+i*     0.010067
  0.00000 -0.33333  0.00000    -5.1496778    -1.5869842     0.0003355     9    11      0.000001+i*     0.000037
  0.00000 -0.33333  0.00000    -3.1203342    -1.5869842     0.0056364    10    11      0.000626+i*    -0.000011
  0.00000 -0.33333  0.00000    -3.1203342     1.1932086     0.4034049    10    12     -0.044816+i*     0.000760
  0.33333 -0.33333  0.00000    -4.4620760    -0.0451223     0.0000357     9    11      0.000001+i*     0.000004
  0.33333 -0.33333  0.00000    -3.2688503    -0.0451223     0.8898056    10    11      0.026210+i*     0.095330
  0.33333 -0.33333  0.00000    -3.2688503     2.6226298     6.1006058    10    12      0.170507+i*     0.656050
 -0.33333 -0.33333  0.00000    -4.2052738    -0.0464668     0.0006855     9    11     -0.000002+i*    -0.000076
 -0.33333 -0.33333  0.00000    -2.8912559    -0.0464668     0.0932349    10    11     -0.010225+i*     0.001664
 -0.33333 -0.33333  0.00000    -2.8912559     2.6619915     1.3127734    10    12      0.143969+i*    -0.023434
    24BSE eigenvalue    3.27596604      IP-eigenvalue:    5.55324738
  0.00000  0.00000  0.00000    -6.0785256    -2.3708546     0.0151326     9    11     -0.001681+i*     0.000000
  0.00000  0.00000  0.00000    -4.1241113    -2.3708546     0.0000000    10    11      0.000000+i*     0.000000
  0.00000  0.00000  0.00000    -4.1241113     0.4107230     0.0000011    10    12     -0.000000+i*    -0.000000
  0.33333  0.00000  0.00000    -4.5946561    -0.8328566     0.1279998     9    11     -0.014219+i*     0.000296
  0.33333  0.00000  0.00000    -2.8335705    -0.8328566     0.0001612    10    11     -0.000003+i*    -0.000018
  0.33333  0.00000  0.00000    -2.8335705     1.9685811     0.0000708    10    12     -0.000002+i*    -0.000008
  0.00000  0.33333  0.00000    -5.1496778    -1.5869842     0.0190868     9    11     -0.002120+i*     0.000044
  0.00000  0.33333  0.00000    -3.1203342    -1.5869842     0.0000018    10    11      0.000000+i*     0.000000
  0.00000  0.33333  0.00000    -3.1203342     1.1932086     0.0000755    10    12     -0.000001+i*    -0.000008
  0.33333  0.33333  0.00000    -4.2052738    -0.0464668     6.3624994     9    11      0.706790+i*    -0.014793
  0.33333  0.33333  0.00000    -2.8912559    -0.0464668     0.0001324    10    11     -0.000002+i*     0.000015
  0.33333  0.33333  0.00000    -2.8912559     2.6619915     0.0001399    10    12     -0.000002+i*     0.000015
 -0.33333  0.33333  0.00000    -4.4620760    -0.0451223     0.0047353     9    11      0.000479+i*    -0.000217
 -0.33333  0.33333  0.00000    -3.2688503    -0.0451223     0.0000375    10    11     -0.000004+i*    -0.000001
 -0.33333  0.33333  0.00000    -3.2688503     2.6226298     0.0007707    10    12     -0.000084+i*    -0.000018
 -0.33333  0.00000  0.00000    -4.5946561    -0.8328566     0.1280052     9    11     -0.014220+i*     0.000300
 -0.33333  0.00000  0.00000    -2.8335705    -0.8328566     0.0001612    10    11     -0.000002+i*     0.000018
 -0.33333  0.00000  0.00000    -2.8335705     1.9685811     0.0000708    10    12     -0.000001+i*     0.000008
  0.00000 -0.33333  0.00000    -5.1496778    -1.5869842     0.0190877     9    11     -0.002120+i*     0.000045
  0.00000 -0.33333  0.00000    -3.1203342    -1.5869842     0.0000018    10    11      0.000000+i*    -0.000000
  0.00000 -0.33333  0.00000    -3.1203342     1.1932086     0.0000755    10    12     -0.000001+i*     0.000008
  0.33333 -0.33333  0.00000    -4.4620760    -0.0451223     0.0047352     9    11      0.000488+i*     0.000197
  0.33333 -0.33333  0.00000    -3.2688503    -0.0451223     0.0000375    10    11     -0.000004+i*     0.000001
  0.33333 -0.33333  0.00000    -3.2688503     2.6226298     0.0007707    10    12     -0.000083+i*     0.000022
 -0.33333 -0.33333  0.00000    -4.2052738    -0.0464668     6.3627689     9    11      0.706819+i*    -0.014838
 -0.33333 -0.33333  0.00000    -2.8912559    -0.0464668     0.0001324    10    11     -0.000002+i*    -0.000015
 -0.33333 -0.33333  0.00000    -2.8912559     2.6619915     0.0001399    10    12     -0.000003+i*    -0.000015
    25BSE eigenvalue    3.27605200      IP-eigenvalue:    5.55324738
  0.00000  0.00000  0.00000    -6.0785256    -2.3708546     0.0000003     9    11     -0.000000+i*     0.000000
  0.00000  0.00000  0.00000    -4.1241113    -2.3708546     0.0000250    10    11      0.000003+i*    -0.000001
  0.00000  0.00000  0.00000    -4.1241113     0.4107230     0.0000164    10    12      0.000002+i*    -0.000001
  0.33333  0.00000  0.00000    -4.5946561    -0.8328566     0.1274605     9    11     -0.013786+i*     0.003243
  0.33333  0.00000  0.00000    -2.8335705    -0.8328566     0.0001623    10    11     -0.000007+i*    -0.000017
  0.33333  0.00000  0.00000    -2.8335705     1.9685811     0.0000549    10    12      0.000002+i*     0.000006
  0.00000  0.33333  0.00000    -5.1496778    -1.5869842     0.0189758     9    11     -0.002052+i*     0.000483
  0.00000  0.33333  0.00000    -3.1203342    -1.5869842     0.0000002    10    11     -0.000000+i*    -0.000000
  0.00000  0.33333  0.00000    -3.1203342     1.1932086     0.0000411    10    12      0.000002+i*     0.000004
  0.33333  0.33333  0.00000    -4.2052738    -0.0464668     6.3627908     9    11      0.688166+i*    -0.161997
  0.33333  0.33333  0.00000    -2.8912559    -0.0464668     0.0001342    10    11      0.000001+i*     0.000015
  0.33333  0.33333  0.00000    -2.8912559     2.6619915     0.0000409    10    12      0.000001+i*     0.000005
 -0.33333  0.33333  0.00000    -4.4620760    -0.0451223     0.0014410     9    11     -0.000129+i*     0.000095
 -0.33333  0.33333  0.00000    -3.2688503    -0.0451223     0.0000361    10    11      0.000004+i*     0.000000
 -0.33333  0.33333  0.00000    -3.2688503     2.6226298     0.0007503    10    12      0.000083+i*     0.000000
 -0.33333  0.00000  0.00000    -4.5946561    -0.8328566     0.1274551     9    11      0.013784+i*    -0.003248
 -0.33333  0.00000  0.00000    -2.8335705    -0.8328566     0.0001623    10    11     -0.000002+i*    -0.000018
 -0.33333  0.00000  0.00000    -2.8335705     1.9685811     0.0000549    10    12      0.000000+i*     0.000006
  0.00000 -0.33333  0.00000    -5.1496778    -1.5869842     0.0189750     9    11      0.002052+i*    -0.000483
  0.00000 -0.33333  0.00000    -3.1203342    -1.5869842     0.0000002    10    11      0.000000+i*    -0.000000
  0.00000 -0.33333  0.00000    -3.1203342     1.1932086     0.0000411    10    12     -0.000000+i*     0.000005
  0.33333 -0.33333  0.00000    -4.4620760    -0.0451223     0.0014412     9    11      0.000158+i*     0.000028
  0.33333 -0.33333  0.00000    -3.2688503    -0.0451223     0.0000361    10    11     -0.000004+i*     0.000002
  0.33333 -0.33333  0.00000    -3.2688503     2.6226298     0.0007504    10    12     -0.000074+i*     0.000038
 -0.33333 -0.33333  0.00000    -4.2052738    -0.0464668     6.3625212     9    11     -0.688127+i*     0.162033
 -0.33333 -0.33333  0.00000    -2.8912559    -0.0464668     0.0001342    10    11      0.000005+i*     0.000014
 -0.33333 -0.33333  0.00000    -2.8912559     2.6619915     0.0000409    10    12      0.000002+i*     0.000004
    26BSE eigenvalue    3.53289619      IP-eigenvalue:    5.89148012
  0.00000  0.00000  0.00000    -6.0785256    -2.3708546     0.0097096     9    11     -0.001079+i*     0.000000
  0.00000  0.00000  0.00000    -4.1241113    -2.3708546     0.0000030    10    11     -0.000000+i*    -0.000000
  0.00000  0.00000  0.00000    -4.1241113     0.4107230     0.0000159    10    12     -0.000000+i*    -0.000002
  0.33333  0.00000  0.00000    -4.5946561    -0.8328566     0.0755104     9    11     -0.008389+i*     0.000134
  0.33333  0.00000  0.00000    -2.8335705    -0.8328566     0.0001373    10    11      0.000002+i*     0.000015
  0.33333  0.00000  0.00000    -2.8335705     1.9685811     0.0000217    10    12      0.000000+i*     0.000002
  0.00000  0.33333  0.00000    -5.1496778    -1.5869842     0.0138569     9    11     -0.001539+i*     0.000039
  0.00000  0.33333  0.00000    -3.1203342    -1.5869842     0.0000017    10    11     -0.000000+i*    -0.000000
  0.00000  0.33333  0.00000    -3.1203342     1.1932086     0.0000379    10    12     -0.000000+i*    -0.000004
  0.33333  0.33333  0.00000    -4.2052738    -0.0464668     0.0063083     9    11     -0.000701+i*     0.000013
  0.33333  0.33333  0.00000    -2.8912559    -0.0464668     0.0000058    10    11     -0.000000+i*     0.000001
  0.33333  0.33333  0.00000    -2.8912559     2.6619915     0.0002885    10    12     -0.000004+i*     0.000032
 -0.33333  0.33333  0.00000    -4.4620760    -0.0451223     6.3624626     9    11      0.642307+i*    -0.295308
 -0.33333  0.33333  0.00000    -3.2688503    -0.0451223     0.0000905    10    11      0.000010+i*     0.000002
 -0.33333  0.33333  0.00000    -3.2688503     2.6226298     0.0000868    10    12     -0.000010+i*     0.000000
 -0.33333  0.00000  0.00000    -4.5946561    -0.8328566     0.0754864     9    11     -0.008385+i*     0.000218
 -0.33333  0.00000  0.00000    -2.8335705    -0.8328566     0.0001372    10    11      0.000002+i*    -0.000015
 -0.33333  0.00000  0.00000    -2.8335705     1.9685811     0.0000217    10    12      0.000000+i*    -0.000002
  0.00000 -0.33333  0.00000    -5.1496778    -1.5869842     0.0138609     9    11     -0.001540+i*     0.000026
  0.00000 -0.33333  0.00000    -3.1203342    -1.5869842     0.0000017    10    11      0.000000+i*     0.000000
  0.00000 -0.33333  0.00000    -3.1203342     1.1932086     0.0000379    10    12      0.000000+i*     0.000004
  0.33333 -0.33333  0.00000    -4.4620760    -0.0451223     6.3645198     9    11      0.654329+i*     0.268219
  0.33333 -0.33333  0.00000    -3.2688503    -0.0451223     0.0000905    10    11      0.000010+i*    -0.000003
  0.33333 -0.33333  0.00000    -3.2688503     2.6226298     0.0000868    10    12     -0.000010+i*     0.000000
 -0.33333 -0.33333  0.00000    -4.2052738    -0.0464668     0.0063073     9    11     -0.000701+i*     0.000016
 -0.33333 -0.33333  0.00000    -2.8912559    -0.0464668     0.0000058    10    11     -0.000000+i*    -0.000001
 -0.33333 -0.33333  0.00000    -2.8912559     2.6619915     0.0002884    10    12     -0.000005+i*    -0.000032
    27BSE eigenvalue    3.53291984      IP-eigenvalue:    5.89148012
  0.00000  0.00000  0.00000    -6.0785256    -2.3708546     0.0000457     9    11      0.000005+i*     0.000000
  0.00000  0.00000  0.00000    -4.1241113    -2.3708546     0.0000246    10    11      0.000001+i*     0.000003
  0.00000  0.00000  0.00000    -4.1241113     0.4107230     0.0001398    10    12      0.000003+i*     0.000015
  0.33333  0.00000  0.00000    -4.5946561    -0.8328566     0.0744591     9    11     -0.000415+i*    -0.008263
  0.33333  0.00000  0.00000    -2.8335705    -0.8328566     0.0001384    10    11     -0.000015+i*     0.000003
  0.33333  0.00000  0.00000    -2.8335705     1.9685811     0.0000459    10    12     -0.000005+i*     0.000001
  0.00000  0.33333  0.00000    -5.1496778    -1.5869842     0.0123860     9    11      0.000084+i*     0.001374
  0.00000  0.33333  0.00000    -3.1203342    -1.5869842     0.0000040    10    11      0.000000+i*    -0.000000
  0.00000  0.33333  0.00000    -3.1203342     1.1932086     0.0000413    10    12      0.000005+i*    -0.000000
  0.33333  0.33333  0.00000    -4.2052738    -0.0464668     0.0028953     9    11     -0.000014+i*    -0.000321
  0.33333  0.33333  0.00000    -2.8912559    -0.0464668     0.0000065    10    11     -0.000001+i*    -0.000000
  0.33333  0.33333  0.00000    -2.8912559     2.6619915     0.0002665    10    12     -0.000029+i*    -0.000003
 -0.33333  0.33333  0.00000    -4.4620760    -0.0451223     6.3645411     9    11     -0.317311+i*    -0.631985
 -0.33333  0.33333  0.00000    -3.2688503    -0.0451223     0.0000933    10    11      0.000002+i*    -0.000010
 -0.33333  0.33333  0.00000    -3.2688503     2.6226298     0.0000220    10    12     -0.000002+i*     0.000001
 -0.33333  0.00000  0.00000    -4.5946561    -0.8328566     0.0744835     9    11      0.000500+i*     0.008261
 -0.33333  0.00000  0.00000    -2.8335705    -0.8328566     0.0001385    10    11     -0.000015+i*    -0.000001
 -0.33333  0.00000  0.00000    -2.8335705     1.9685811     0.0000459    10    12     -0.000005+i*    -0.000001
  0.00000 -0.33333  0.00000    -5.1496778    -1.5869842     0.0123815     9    11     -0.000069+i*    -0.001374
  0.00000 -0.33333  0.00000    -3.1203342    -1.5869842     0.0000040    10    11      0.000000+i*    -0.000000
  0.00000 -0.33333  0.00000    -3.1203342     1.1932086     0.0000413    10    12      0.000005+i*    -0.000000
  0.33333 -0.33333  0.00000    -4.4620760    -0.0451223     6.3624839     9    11     -0.245495+i*     0.662948
  0.33333 -0.33333  0.00000    -3.2688503    -0.0451223     0.0000932    10    11      0.000003+i*     0.000010
  0.33333 -0.33333  0.00000    -3.2688503     2.6226298     0.0000220    10    12     -0.000002+i*    -0.000001
 -0.33333 -0.33333  0.00000    -4.2052738    -0.0464668     0.0028974     9    11      0.000021+i*     0.000321
 -0.33333 -0.33333  0.00000    -2.8912559    -0.0464668     0.0000065    10    11     -0.000001+i*     0.000000
 -0.33333 -0.33333  0.00000    -2.8912559     2.6619915     0.0002666    10    12     -0.000029+i*     0.000006
