                27                10
     1BSE eigenvalue    0.47646457      IP-eigenvalue:    1.53335004
  0.00000  0.00000  0.00000    -6.0785256    -2.3708546     0.0000019     9    11     -0.000000+i*     0.000000
  0.00000  0.00000  0.00000    -4.1241113    -2.3708546     1.1176634    10    11     -0.018617+i*    -0.122781
  0.00000  0.00000  0.00000    -4.1241113     0.4107230     3.6552486    10    12     -0.059595+i*    -0.401743
  0.33333  0.00000  0.00000    -4.5946561    -0.8328566     0.0000756     9    11     -0.000000+i*     0.000008
  0.33333  0.00000  0.00000    -2.8335705    -0.8328566     0.3578567    10    11     -0.039209+i*     0.006605
  0.33333  0.00000  0.00000    -2.8335705     1.9685811     2.0034021    10    12     -0.219507+i*     0.036978
  0.00000  0.33333  0.00000    -5.1496778    -1.5869842     0.0002652     9    11      0.000001+i*     0.000029
  0.00000  0.33333  0.00000    -3.1203342    -1.5869842     2.9329341    10    11      0.325777+i*    -0.008255
  0.00000  0.33333  0.00000    -3.1203342     1.1932086     4.3088797    10    12      0.478611+i*    -0.012099
  0.33333  0.33333  0.00000    -4.2052738    -0.0464668     0.0001472     9    11      0.000001+i*     0.000016
  0.33333  0.33333  0.00000    -2.8912559    -0.0464668     0.1001898    10    11     -0.011053+i*    -0.001326
  0.33333  0.33333  0.00000    -2.8912559     2.6619915     1.0203959    10    12     -0.112569+i*    -0.013512
 -0.33333  0.33333  0.00000    -4.4620760    -0.0451223     0.0000710     9    11      0.000003+i*     0.000007
 -0.33333  0.33333  0.00000    -3.2688503    -0.0451223     0.0815145    10    11     -0.002029+i*     0.008827
 -0.33333  0.33333  0.00000    -3.2688503     2.6226298     0.9093263    10    12      0.021244+i*    -0.098778
 -0.33333  0.00000  0.00000    -4.5946561    -0.8328566     0.0000756     9    11     -0.000001+i*    -0.000008
 -0.33333  0.00000  0.00000    -2.8335705    -0.8328566     0.3578567    10    11     -0.039454+i*    -0.004937
 -0.33333  0.00000  0.00000    -2.8335705     1.9685811     2.0034021    10    12     -0.220878+i*    -0.027639
  0.00000 -0.33333  0.00000    -5.1496778    -1.5869842     0.0002652     9    11     -0.000001+i*    -0.000029
  0.00000 -0.33333  0.00000    -3.1203342    -1.5869842     2.9329341    10    11      0.325834+i*    -0.005563
  0.00000 -0.33333  0.00000    -3.1203342     1.1932086     4.3088797    10    12      0.478694+i*    -0.008201
  0.33333 -0.33333  0.00000    -4.4620760    -0.0451223     0.0000710     9    11      0.000003+i*    -0.000007
  0.33333 -0.33333  0.00000    -3.2688503    -0.0451223     0.0815145    10    11     -0.002401+i*    -0.008733
  0.33333 -0.33333  0.00000    -3.2688503     2.6226298     0.9093263    10    12      0.025412+i*     0.097788
 -0.33333 -0.33333  0.00000    -4.2052738    -0.0464668     0.0001472     9    11      0.000000+i*    -0.000016
 -0.33333 -0.33333  0.00000    -2.8912559    -0.0464668     0.1001898    10    11     -0.010987+i*     0.001794
 -0.33333 -0.33333  0.00000    -2.8912559     2.6619915     1.0203959    10    12     -0.111895+i*     0.018272
     2BSE eigenvalue    0.60189693      IP-eigenvalue:    1.53335004
  0.00000  0.00000  0.00000    -6.0785256    -2.3708546     0.0003096     9    11      0.000034+i*     0.000000
  0.00000  0.00000  0.00000    -4.1241113    -2.3708546     0.0000022    10    11      0.000000+i*     0.000000
  0.00000  0.00000  0.00000    -4.1241113     0.4107230     0.0000013    10    12     -0.000000+i*    -0.000000
  0.33333  0.00000  0.00000    -4.5946561    -0.8328566     0.0000049     9    11     -0.000000+i*    -0.000000
  0.33333  0.00000  0.00000    -2.8335705    -0.8328566     0.0022414    10    11     -0.000042+i*    -0.000246
  0.33333  0.00000  0.00000    -2.8335705     1.9685811     0.0100815    10    12     -0.000188+i*    -0.001104
  0.00000  0.33333  0.00000    -5.1496778    -1.5869842     0.0000671     9    11      0.000007+i*    -0.000000
  0.00000  0.33333  0.00000    -3.1203342    -1.5869842     6.2498167    10    11      0.017419+i*     0.694206
  0.00000  0.33333  0.00000    -3.1203342     1.1932086     1.1963912    10    12      0.003327+i*     0.132891
  0.33333  0.33333  0.00000    -4.2052738    -0.0464668     0.0000253     9    11      0.000003+i*    -0.000000
  0.33333  0.33333  0.00000    -2.8912559    -0.0464668     0.0153639    10    11      0.000204+i*    -0.001695
  0.33333  0.33333  0.00000    -2.8912559     2.6619915     0.0780414    10    12      0.001036+i*    -0.008609
 -0.33333  0.33333  0.00000    -4.4620760    -0.0451223     0.0000183     9    11      0.000002+i*    -0.000001
 -0.33333  0.33333  0.00000    -3.2688503    -0.0451223     0.0095046    10    11     -0.001029+i*    -0.000237
 -0.33333  0.33333  0.00000    -3.2688503     2.6226298     0.0437703    10    12      0.004754+i*     0.001024
 -0.33333  0.00000  0.00000    -4.5946561    -0.8328566     0.0000049     9    11     -0.000000+i*     0.000000
 -0.33333  0.00000  0.00000    -2.8335705    -0.8328566     0.0022414    10    11     -0.000031+i*     0.000247
 -0.33333  0.00000  0.00000    -2.8335705     1.9685811     0.0100815    10    12     -0.000141+i*     0.001111
  0.00000 -0.33333  0.00000    -5.1496778    -1.5869842     0.0000671     9    11      0.000007+i*    -0.000000
  0.00000 -0.33333  0.00000    -3.1203342    -1.5869842     6.2498167    10    11     -0.011687+i*    -0.694326
  0.00000 -0.33333  0.00000    -3.1203342     1.1932086     1.1963912    10    12     -0.002245+i*    -0.132913
  0.33333 -0.33333  0.00000    -4.4620760    -0.0451223     0.0000183     9    11      0.000002+i*     0.000001
  0.33333 -0.33333  0.00000    -3.2688503    -0.0451223     0.0095046    10    11     -0.001018+i*     0.000280
  0.33333 -0.33333  0.00000    -3.2688503     2.6226298     0.0437703    10    12      0.004707+i*    -0.001222
 -0.33333 -0.33333  0.00000    -4.2052738    -0.0464668     0.0000253     9    11      0.000003+i*     0.000000
 -0.33333 -0.33333  0.00000    -2.8912559    -0.0464668     0.0153639    10    11      0.000275+i*     0.001685
 -0.33333 -0.33333  0.00000    -2.8912559     2.6619915     0.0780414    10    12      0.001396+i*     0.008558
     3BSE eigenvalue    0.65018958      IP-eigenvalue:    1.75325663
  0.00000  0.00000  0.00000    -6.0785256    -2.3708546     0.0000012     9    11     -0.000000+i*     0.000000
  0.00000  0.00000  0.00000    -4.1241113    -2.3708546     0.7139925    10    11     -0.011903+i*    -0.078435
  0.00000  0.00000  0.00000    -4.1241113     0.4107230     2.3340520    10    12     -0.038085+i*    -0.256527
  0.33333  0.00000  0.00000    -4.5946561    -0.8328566     0.0000035     9    11      0.000000+i*    -0.000000
  0.33333  0.00000  0.00000    -2.8335705    -0.8328566     0.2856760    10    11     -0.031300+i*     0.005277
  0.33333  0.00000  0.00000    -2.8335705     1.9685811     1.2636389    10    12     -0.138451+i*     0.023339
  0.00000  0.33333  0.00000    -5.1496778    -1.5869842     0.0001256     9    11      0.000000+i*     0.000014
  0.00000  0.33333  0.00000    -3.1203342    -1.5869842     5.6273202    10    11     -0.625055+i*     0.015913
  0.00000  0.33333  0.00000    -3.1203342     1.1932086     1.8853821    10    12      0.209419+i*    -0.005319
  0.33333  0.33333  0.00000    -4.2052738    -0.0464668     0.0000798     9    11      0.000000+i*     0.000009
  0.33333  0.33333  0.00000    -2.8912559    -0.0464668     0.0551983    10    11     -0.006090+i*    -0.000730
  0.33333  0.33333  0.00000    -2.8912559     2.6619915     0.5937585    10    12     -0.065504+i*    -0.007855
 -0.33333  0.33333  0.00000    -4.4620760    -0.0451223     0.0000333     9    11      0.000001+i*     0.000003
 -0.33333  0.33333  0.00000    -3.2688503    -0.0451223     0.0424285    10    11     -0.001055+i*     0.004595
 -0.33333  0.33333  0.00000    -3.2688503     2.6226298     0.5138284    10    12      0.011998+i*    -0.055817
 -0.33333  0.00000  0.00000    -4.5946561    -0.8328566     0.0000035     9    11      0.000000+i*     0.000000
 -0.33333  0.00000  0.00000    -2.8335705    -0.8328566     0.2856760    10    11     -0.031497+i*    -0.003937
 -0.33333  0.00000  0.00000    -2.8335705     1.9685811     1.2636389    10    12     -0.139320+i*    -0.017415
  0.00000 -0.33333  0.00000    -5.1496778    -1.5869842     0.0001256     9    11     -0.000000+i*    -0.000014
  0.00000 -0.33333  0.00000    -3.1203342    -1.5869842     5.6273202    10    11     -0.625165+i*     0.010752
  0.00000 -0.33333  0.00000    -3.1203342     1.1932086     1.8853821    10    12      0.209456+i*    -0.003614
  0.33333 -0.33333  0.00000    -4.4620760    -0.0451223     0.0000333     9    11      0.000001+i*    -0.000004
  0.33333 -0.33333  0.00000    -3.2688503    -0.0451223     0.0424285    10    11     -0.001250+i*    -0.004545
  0.33333 -0.33333  0.00000    -3.2688503     2.6226298     0.5138284    10    12      0.014367+i*     0.055255
 -0.33333 -0.33333  0.00000    -4.2052738    -0.0464668     0.0000798     9    11      0.000000+i*    -0.000009
 -0.33333 -0.33333  0.00000    -2.8912559    -0.0464668     0.0551983    10    11     -0.006053+i*     0.000989
 -0.33333 -0.33333  0.00000    -2.8912559     2.6619915     0.5937585    10    12     -0.065109+i*     0.010641
     4BSE eigenvalue    0.83513060      IP-eigenvalue:    2.00071389
  0.00000  0.00000  0.00000    -6.0785256    -2.3708546     0.0000004     9    11     -0.000000+i*     0.000000
  0.00000  0.00000  0.00000    -4.1241113    -2.3708546     8.8195296    10    11      0.149414+i*     0.968490
  0.00000  0.00000  0.00000    -4.1241113     0.4107230     0.4047864    10    12      0.006715+i*     0.044472
  0.33333  0.00000  0.00000    -4.5946561    -0.8328566     0.0000184     9    11     -0.000000+i*     0.000002
  0.33333  0.00000  0.00000    -2.8335705    -0.8328566     0.1042262    10    11     -0.011415+i*     0.001954
  0.33333  0.00000  0.00000    -2.8335705     1.9685811     0.4175360    10    12     -0.045728+i*     0.007826
  0.00000  0.33333  0.00000    -5.1496778    -1.5869842     0.0001832     9    11     -0.000001+i*    -0.000020
  0.00000  0.33333  0.00000    -3.1203342    -1.5869842     0.1327591    10    11     -0.014745+i*     0.000411
  0.00000  0.33333  0.00000    -3.1203342     1.1932086     1.1212522    10    12      0.124535+i*    -0.003470
  0.33333  0.33333  0.00000    -4.2052738    -0.0464668     0.0000122     9    11      0.000000+i*     0.000001
  0.33333  0.33333  0.00000    -2.8912559    -0.0464668     0.0184690    10    11     -0.002038+i*    -0.000239
  0.33333  0.33333  0.00000    -2.8912559     2.6619915     0.1907117    10    12     -0.021046+i*    -0.002471
 -0.33333  0.33333  0.00000    -4.4620760    -0.0451223     0.0000469     9    11      0.000003+i*     0.000005
 -0.33333  0.33333  0.00000    -3.2688503    -0.0451223     0.0143777    10    11     -0.000354+i*     0.001558
 -0.33333  0.33333  0.00000    -3.2688503     2.6226298     0.1705094    10    12      0.003935+i*    -0.018532
 -0.33333  0.00000  0.00000    -4.5946561    -0.8328566     0.0000184     9    11     -0.000000+i*    -0.000002
 -0.33333  0.00000  0.00000    -2.8335705    -0.8328566     0.1042262    10    11     -0.011495+i*    -0.001409
 -0.33333  0.00000  0.00000    -2.8335705     1.9685811     0.4175360    10    12     -0.046049+i*    -0.005642
  0.00000 -0.33333  0.00000    -5.1496778    -1.5869842     0.0001832     9    11      0.000000+i*     0.000020
  0.00000 -0.33333  0.00000    -3.1203342    -1.5869842     0.1327591    10    11     -0.014748+i*     0.000290
  0.00000 -0.33333  0.00000    -3.1203342     1.1932086     1.1212522    10    12      0.124559+i*    -0.002457
  0.33333 -0.33333  0.00000    -4.4620760    -0.0451223     0.0000469     9    11      0.000002+i*    -0.000005
  0.33333 -0.33333  0.00000    -3.2688503    -0.0451223     0.0143777    10    11     -0.000427+i*    -0.001539
  0.33333 -0.33333  0.00000    -3.2688503     2.6226298     0.1705094    10    12      0.004812+i*     0.018324
 -0.33333 -0.33333  0.00000    -4.2052738    -0.0464668     0.0000122     9    11      0.000000+i*    -0.000001
 -0.33333 -0.33333  0.00000    -2.8912559    -0.0464668     0.0184690    10    11     -0.002024+i*     0.000336
 -0.33333 -0.33333  0.00000    -2.8912559     2.6619915     0.1907117    10    12     -0.020904+i*     0.003469
     5BSE eigenvalue    1.03095473      IP-eigenvalue:    2.00071389
  0.00000  0.00000  0.00000    -6.0785256    -2.3708546     0.0001450     9    11      0.000016+i*     0.000000
  0.00000  0.00000  0.00000    -4.1241113    -2.3708546     0.0000013    10    11     -0.000000+i*    -0.000000
  0.00000  0.00000  0.00000    -4.1241113     0.4107230     0.0000212    10    12      0.000000+i*     0.000002
  0.33333  0.00000  0.00000    -4.5946561    -0.8328566     0.0000151     9    11      0.000002+i*    -0.000001
  0.33333  0.00000  0.00000    -2.8335705    -0.8328566     0.2736090    10    11     -0.005076+i*    -0.029974
  0.33333  0.00000  0.00000    -2.8335705     1.9685811     0.1632412    10    12     -0.003026+i*    -0.017884
  0.00000  0.33333  0.00000    -5.1496778    -1.5869842     0.0003141     9    11      0.000035+i*    -0.000001
  0.00000  0.33333  0.00000    -3.1203342    -1.5869842     1.1985983    10    11     -0.003340+i*    -0.133136
  0.00000  0.33333  0.00000    -3.1203342     1.1932086     6.2178115    10    12      0.017288+i*     0.690652
  0.33333  0.33333  0.00000    -4.2052738    -0.0464668     0.0001287     9    11      0.000014+i*    -0.000001
  0.33333  0.33333  0.00000    -2.8912559    -0.0464668     0.0655231    10    11      0.000870+i*    -0.007228
  0.33333  0.33333  0.00000    -2.8912559     2.6619915     0.4881081    10    12      0.006478+i*    -0.053846
 -0.33333  0.33333  0.00000    -4.4620760    -0.0451223     0.0000908     9    11      0.000009+i*    -0.000004
 -0.33333  0.33333  0.00000    -3.2688503    -0.0451223     0.0234631    10    11     -0.002541+i*    -0.000584
 -0.33333  0.33333  0.00000    -3.2688503     2.6226298     0.2399568    10    12      0.026065+i*     0.005611
 -0.33333  0.00000  0.00000    -4.5946561    -0.8328566     0.0000151     9    11      0.000002+i*     0.000001
 -0.33333  0.00000  0.00000    -2.8335705    -0.8328566     0.2736090    10    11     -0.003815+i*     0.030161
 -0.33333  0.00000  0.00000    -2.8335705     1.9685811     0.1632412    10    12     -0.002274+i*     0.017995
  0.00000 -0.33333  0.00000    -5.1496778    -1.5869842     0.0003141     9    11      0.000035+i*    -0.000001
  0.00000 -0.33333  0.00000    -3.1203342    -1.5869842     1.1985983    10    11      0.002245+i*     0.133159
  0.00000 -0.33333  0.00000    -3.1203342     1.1932086     6.2178115    10    12     -0.011684+i*    -0.690769
  0.33333 -0.33333  0.00000    -4.4620760    -0.0451223     0.0000908     9    11      0.000009+i*     0.000004
  0.33333 -0.33333  0.00000    -3.2688503    -0.0451223     0.0234631    10    11     -0.002514+i*     0.000690
  0.33333 -0.33333  0.00000    -3.2688503     2.6226298     0.2399568    10    12      0.025807+i*    -0.006699
 -0.33333 -0.33333  0.00000    -4.2052738    -0.0464668     0.0001287     9    11      0.000014+i*     0.000001
 -0.33333 -0.33333  0.00000    -2.8912559    -0.0464668     0.0655231    10    11      0.001172+i*     0.007185
 -0.33333 -0.33333  0.00000    -2.8912559     2.6619915     0.4881081    10    12      0.008730+i*     0.053527
     6BSE eigenvalue    1.06874978      IP-eigenvalue:    2.84478904
  0.00000  0.00000  0.00000    -6.0785256    -2.3708546     0.0000002     9    11      0.000000+i*     0.000000
  0.00000  0.00000  0.00000    -4.1241113    -2.3708546     0.0000158    10    11      0.000000+i*     0.000002
  0.00000  0.00000  0.00000    -4.1241113     0.4107230     0.0000111    10    12     -0.000000+i*    -0.000001
  0.33333  0.00000  0.00000    -4.5946561    -0.8328566     0.0000004     9    11     -0.000000+i*     0.000000
  0.33333  0.00000  0.00000    -2.8335705    -0.8328566     6.2322879    10    11     -0.115177+i*    -0.682831
  0.33333  0.00000  0.00000    -2.8335705     1.9685811     1.2316858    10    12     -0.022762+i*    -0.134948
  0.00000  0.33333  0.00000    -5.1496778    -1.5869842     0.0000630     9    11      0.000007+i*    -0.000001
  0.00000  0.33333  0.00000    -3.1203342    -1.5869842     0.0528601    10    11      0.000152+i*     0.005871
  0.00000  0.33333  0.00000    -3.1203342     1.1932086     0.3041470    10    12     -0.000874+i*    -0.033783
  0.33333  0.33333  0.00000    -4.2052738    -0.0464668     0.0001673     9    11     -0.000019+i*     0.000000
  0.33333  0.33333  0.00000    -2.8912559    -0.0464668     0.0755086    10    11      0.000998+i*    -0.008330
  0.33333  0.33333  0.00000    -2.8912559     2.6619915     0.1514691    10    12      0.002000+i*    -0.016711
 -0.33333  0.33333  0.00000    -4.4620760    -0.0451223     0.0001249     9    11      0.000013+i*    -0.000006
 -0.33333  0.33333  0.00000    -3.2688503    -0.0451223     0.0498281    10    11      0.005396+i*     0.001240
 -0.33333  0.33333  0.00000    -3.2688503     2.6226298     0.1229231    10    12     -0.013353+i*    -0.002872
 -0.33333  0.00000  0.00000    -4.5946561    -0.8328566     0.0000004     9    11     -0.000000+i*    -0.000000
 -0.33333  0.00000  0.00000    -2.8335705    -0.8328566     6.2322879    10    11     -0.085981+i*     0.687118
 -0.33333  0.00000  0.00000    -2.8335705     1.9685811     1.2316858    10    12     -0.016992+i*     0.135795
  0.00000 -0.33333  0.00000    -5.1496778    -1.5869842     0.0000630     9    11      0.000007+i*     0.000000
  0.00000 -0.33333  0.00000    -3.1203342    -1.5869842     0.0528601    10    11     -0.000098+i*    -0.005873
  0.00000 -0.33333  0.00000    -3.1203342     1.1932086     0.3041470    10    12      0.000566+i*     0.033789
  0.33333 -0.33333  0.00000    -4.4620760    -0.0451223     0.0001249     9    11      0.000013+i*     0.000005
  0.33333 -0.33333  0.00000    -3.2688503    -0.0451223     0.0498281    10    11      0.005338+i*    -0.001469
  0.33333 -0.33333  0.00000    -3.2688503     2.6226298     0.1229231    10    12     -0.013218+i*     0.003438
 -0.33333 -0.33333  0.00000    -4.2052738    -0.0464668     0.0001673     9    11     -0.000019+i*     0.000000
 -0.33333 -0.33333  0.00000    -2.8912559    -0.0464668     0.0755086    10    11      0.001352+i*     0.008280
 -0.33333 -0.33333  0.00000    -2.8912559     2.6619915     0.1514691    10    12      0.002710+i*     0.016610
     7BSE eigenvalue    1.07194033      IP-eigenvalue:    2.84478904
  0.00000  0.00000  0.00000    -6.0785256    -2.3708546     0.0000002     9    11      0.000000+i*     0.000000
  0.00000  0.00000  0.00000    -4.1241113    -2.3708546     0.0018094    10    11     -0.000030+i*    -0.000199
  0.00000  0.00000  0.00000    -4.1241113     0.4107230     0.2632588    10    12     -0.004316+i*    -0.028931
  0.33333  0.00000  0.00000    -4.5946561    -0.8328566     0.0000218     9    11     -0.000000+i*     0.000002
  0.33333  0.00000  0.00000    -2.8335705    -0.8328566     6.1976776    10    11      0.678954+i*    -0.115039
  0.33333  0.00000  0.00000    -2.8335705     1.9685811     1.0052329    10    12      0.110123+i*    -0.018659
  0.00000  0.33333  0.00000    -5.1496778    -1.5869842     0.0000579     9    11      0.000001+i*     0.000006
  0.00000  0.33333  0.00000    -3.1203342    -1.5869842     0.1601103    10    11     -0.017784+i*     0.000460
  0.00000  0.33333  0.00000    -3.1203342     1.1932086     1.0036850    10    12      0.111483+i*    -0.002879
  0.33333  0.33333  0.00000    -4.2052738    -0.0464668     0.0001252     9    11     -0.000000+i*    -0.000014
  0.33333  0.33333  0.00000    -2.8912559    -0.0464668     0.0627827    10    11      0.006927+i*     0.000825
  0.33333  0.33333  0.00000    -2.8912559     2.6619915     0.0590332    10    12      0.006513+i*     0.000774
 -0.33333  0.33333  0.00000    -4.4620760    -0.0451223     0.0001240     9    11     -0.000006+i*    -0.000013
 -0.33333  0.33333  0.00000    -3.2688503    -0.0451223     0.0407140    10    11      0.001010+i*    -0.004410
 -0.33333  0.33333  0.00000    -3.2688503     2.6226298     0.0392615    10    12     -0.000913+i*     0.004266
 -0.33333  0.00000  0.00000    -4.5946561    -0.8328566     0.0000218     9    11     -0.000000+i*    -0.000002
 -0.33333  0.00000  0.00000    -2.8335705    -0.8328566     6.1976776    10    11      0.683364+i*     0.085006
 -0.33333  0.00000  0.00000    -2.8335705     1.9685811     1.0052329    10    12      0.110838+i*     0.013788
  0.00000 -0.33333  0.00000    -5.1496778    -1.5869842     0.0000579     9    11      0.000000+i*    -0.000006
  0.00000 -0.33333  0.00000    -3.1203342    -1.5869842     0.1601103    10    11     -0.017787+i*     0.000324
  0.00000 -0.33333  0.00000    -3.1203342     1.1932086     1.0036850    10    12      0.111502+i*    -0.002037
  0.33333 -0.33333  0.00000    -4.4620760    -0.0451223     0.0001240     9    11     -0.000005+i*     0.000013
  0.33333 -0.33333  0.00000    -3.2688503    -0.0451223     0.0407140    10    11      0.001203+i*     0.004361
  0.33333 -0.33333  0.00000    -3.2688503     2.6226298     0.0392615    10    12     -0.001100+i*    -0.004221
 -0.33333 -0.33333  0.00000    -4.2052738    -0.0464668     0.0001252     9    11      0.000001+i*     0.000014
 -0.33333 -0.33333  0.00000    -2.8912559    -0.0464668     0.0627827    10    11      0.006884+i*    -0.001129
 -0.33333 -0.33333  0.00000    -2.8912559     2.6619915     0.0590332    10    12      0.006473+i*    -0.001060
     8BSE eigenvalue    1.28610280      IP-eigenvalue:    3.22372795
  0.00000  0.00000  0.00000    -6.0785256    -2.3708546     0.0000010     9    11      0.000000+i*     0.000000
  0.00000  0.00000  0.00000    -4.1241113    -2.3708546     1.0833414    10    11     -0.018144+i*    -0.118996
  0.00000  0.00000  0.00000    -4.1241113     0.4107230     6.3121064    10    12      0.103487+i*     0.693668
  0.33333  0.00000  0.00000    -4.5946561    -0.8328566     0.0000991     9    11     -0.000000+i*     0.000011
  0.33333  0.00000  0.00000    -2.8335705    -0.8328566     0.8295540    10    11     -0.090881+i*     0.015375
  0.33333  0.00000  0.00000    -2.8335705     1.9685811     1.9721237    10    12      0.216054+i*    -0.036555
  0.00000  0.33333  0.00000    -5.1496778    -1.5869842     0.0000994     9    11      0.000000+i*     0.000011
  0.00000  0.33333  0.00000    -3.1203342    -1.5869842     0.4285325    10    11     -0.047598+i*     0.001245
  0.00000  0.33333  0.00000    -3.1203342     1.1932086     3.8589797    10    12      0.428630+i*    -0.011184
  0.33333  0.33333  0.00000    -4.2052738    -0.0464668     0.0000205     9    11      0.000001+i*     0.000002
  0.33333  0.33333  0.00000    -2.8912559    -0.0464668     0.0755553    10    11      0.008336+i*     0.000995
  0.33333  0.33333  0.00000    -2.8912559     2.6619915     0.4902559    10    12      0.054089+i*     0.006454
 -0.33333  0.33333  0.00000    -4.4620760    -0.0451223     0.0000685     9    11      0.000004+i*     0.000006
 -0.33333  0.33333  0.00000    -3.2688503    -0.0451223     0.0330050    10    11      0.000819+i*    -0.003575
 -0.33333  0.33333  0.00000    -3.2688503     2.6226298     0.3031449    10    12     -0.007057+i*     0.032935
 -0.33333  0.00000  0.00000    -4.5946561    -0.8328566     0.0000991     9    11     -0.000001+i*    -0.000011
 -0.33333  0.00000  0.00000    -2.8335705    -0.8328566     0.8295540    10    11     -0.091470+i*    -0.011357
 -0.33333  0.00000  0.00000    -2.8335705     1.9685811     1.9721237    10    12      0.217455+i*     0.027002
  0.00000 -0.33333  0.00000    -5.1496778    -1.5869842     0.0000994     9    11     -0.000000+i*    -0.000011
  0.00000 -0.33333  0.00000    -3.1203342    -1.5869842     0.4285325    10    11     -0.047607+i*     0.000853
  0.00000 -0.33333  0.00000    -3.1203342     1.1932086     3.8589797    10    12      0.428706+i*    -0.007708
  0.33333 -0.33333  0.00000    -4.4620760    -0.0451223     0.0000685     9    11      0.000004+i*    -0.000007
  0.33333 -0.33333  0.00000    -3.2688503    -0.0451223     0.0330050    10    11      0.000976+i*     0.003535
  0.33333 -0.33333  0.00000    -3.2688503     2.6226298     0.3031449    10    12     -0.008501+i*    -0.032592
 -0.33333 -0.33333  0.00000    -4.2052738    -0.0464668     0.0000205     9    11      0.000001+i*    -0.000002
 -0.33333 -0.33333  0.00000    -2.8912559    -0.0464668     0.0755553    10    11      0.008284+i*    -0.001362
 -0.33333 -0.33333  0.00000    -2.8912559     2.6619915     0.4902559    10    12      0.053752+i*    -0.008831
     9BSE eigenvalue    1.46503458      IP-eigenvalue:    3.22372795
  0.00000  0.00000  0.00000    -6.0785256    -2.3708546     0.0000025     9    11      0.000000+i*     0.000000
  0.00000  0.00000  0.00000    -4.1241113    -2.3708546     0.5314215    10    11      0.008868+i*     0.058377
  0.00000  0.00000  0.00000    -4.1241113     0.4107230     4.6284355    10    12     -0.075599+i*    -0.508684
  0.33333  0.00000  0.00000    -4.5946561    -0.8328566     0.0000408     9    11      0.000000+i*     0.000005
  0.33333  0.00000  0.00000    -2.8335705    -0.8328566     1.0819184    10    11     -0.118554+i*     0.019905
  0.33333  0.00000  0.00000    -2.8335705     1.9685811     5.1425289    10    12      0.563504+i*    -0.094615
  0.00000  0.33333  0.00000    -5.1496778    -1.5869842     0.0000855     9    11      0.000001+i*     0.000009
  0.00000  0.33333  0.00000    -3.1203342    -1.5869842     0.0619007    10    11     -0.006876+i*     0.000174
  0.00000  0.33333  0.00000    -3.1203342     1.1932086     0.8171315    10    12      0.090763+i*    -0.002296
  0.33333  0.33333  0.00000    -4.2052738    -0.0464668     0.0000037     9    11      0.000000+i*     0.000000
  0.33333  0.33333  0.00000    -2.8912559    -0.0464668     0.1950265    10    11      0.021513+i*     0.002596
  0.33333  0.33333  0.00000    -2.8912559     2.6619915     0.9255678    10    12      0.102101+i*     0.012318
 -0.33333  0.33333  0.00000    -4.4620760    -0.0451223     0.0001135     9    11     -0.000006+i*    -0.000011
 -0.33333  0.33333  0.00000    -3.2688503    -0.0451223     0.0910957    10    11      0.002257+i*    -0.009867
 -0.33333  0.33333  0.00000    -3.2688503     2.6226298     0.6759379    10    12     -0.015717+i*     0.073441
 -0.33333  0.00000  0.00000    -4.5946561    -0.8328566     0.0000408     9    11     -0.000000+i*    -0.000005
 -0.33333  0.00000  0.00000    -2.8335705    -0.8328566     1.0819184    10    11     -0.119299+i*    -0.014797
 -0.33333  0.00000  0.00000    -2.8335705     1.9685811     5.1425289    10    12      0.567047+i*     0.070334
  0.00000 -0.33333  0.00000    -5.1496778    -1.5869842     0.0000855     9    11      0.000000+i*    -0.000009
  0.00000 -0.33333  0.00000    -3.1203342    -1.5869842     0.0619007    10    11     -0.006877+i*     0.000121
  0.00000 -0.33333  0.00000    -3.1203342     1.1932086     0.8171315    10    12      0.090778+i*    -0.001603
  0.33333 -0.33333  0.00000    -4.4620760    -0.0451223     0.0001135     9    11     -0.000006+i*     0.000011
  0.33333 -0.33333  0.00000    -3.2688503    -0.0451223     0.0910957    10    11      0.002678+i*     0.009761
  0.33333 -0.33333  0.00000    -3.2688503     2.6226298     0.6759379    10    12     -0.018856+i*    -0.072699
 -0.33333 -0.33333  0.00000    -4.2052738    -0.0464668     0.0000037     9    11      0.000000+i*    -0.000000
 -0.33333 -0.33333  0.00000    -2.8912559    -0.0464668     0.1950265    10    11      0.021382+i*    -0.003518
 -0.33333 -0.33333  0.00000    -2.8912559     2.6619915     0.9255678    10    12      0.101478+i*    -0.016690
    10BSE eigenvalue    1.47222936      IP-eigenvalue:    3.56269363
  0.00000  0.00000  0.00000    -6.0785256    -2.3708546     0.0000494     9    11     -0.000005+i*     0.000000
  0.00000  0.00000  0.00000    -4.1241113    -2.3708546     0.0003289    10    11     -0.000005+i*    -0.000036
  0.00000  0.00000  0.00000    -4.1241113     0.4107230     0.0029110    10    12      0.000047+i*     0.000320
  0.33333  0.00000  0.00000    -4.5946561    -0.8328566     0.0000058     9    11     -0.000001+i*    -0.000000
  0.33333  0.00000  0.00000    -2.8335705    -0.8328566     1.2564832    10    11     -0.023078+i*    -0.137689
  0.33333  0.00000  0.00000    -2.8335705     1.9685811     6.0939562    10    12      0.111928+i*     0.667791
  0.00000  0.33333  0.00000    -5.1496778    -1.5869842     0.0001983     9    11     -0.000022+i*     0.000002
  0.00000  0.33333  0.00000    -3.1203342    -1.5869842     0.0127537    10    11     -0.000030+i*    -0.001417
  0.00000  0.33333  0.00000    -3.1203342     1.1932086     0.1671612    10    12      0.000387+i*     0.018569
  0.33333  0.33333  0.00000    -4.2052738    -0.0464668     0.0001004     9    11      0.000011+i*    -0.000001
  0.33333  0.33333  0.00000    -2.8912559    -0.0464668     0.2423103    10    11     -0.003227+i*     0.026729
  0.33333  0.33333  0.00000    -2.8912559     2.6619915     1.1217811    10    12     -0.014943+i*     0.123743
 -0.33333  0.33333  0.00000    -4.4620760    -0.0451223     0.0000495     9    11     -0.000005+i*     0.000002
 -0.33333  0.33333  0.00000    -3.2688503    -0.0451223     0.0886522    10    11     -0.009601+i*    -0.002202
 -0.33333  0.33333  0.00000    -3.2688503     2.6226298     0.6571696    10    12      0.071394+i*     0.015319
 -0.33333  0.00000  0.00000    -4.5946561    -0.8328566     0.0000058     9    11     -0.000001+i*     0.000000
 -0.33333  0.00000  0.00000    -2.8335705    -0.8328566     1.2564832    10    11     -0.017284+i*     0.138535
 -0.33333  0.00000  0.00000    -2.8335705     1.9685811     6.0939562    10    12      0.083824+i*    -0.671898
  0.00000 -0.33333  0.00000    -5.1496778    -1.5869842     0.0001983     9    11     -0.000022+i*    -0.000001
  0.00000 -0.33333  0.00000    -3.1203342    -1.5869842     0.0127537    10    11      0.000029+i*     0.001417
  0.00000 -0.33333  0.00000    -3.1203342     1.1932086     0.1671612    10    12     -0.000392+i*    -0.018569
  0.33333 -0.33333  0.00000    -4.4620760    -0.0451223     0.0000495     9    11     -0.000005+i*    -0.000002
  0.33333 -0.33333  0.00000    -3.2688503    -0.0451223     0.0886522    10    11     -0.009500+i*     0.002602
  0.33333 -0.33333  0.00000    -3.2688503     2.6226298     0.6571696    10    12      0.070689+i*    -0.018300
 -0.33333 -0.33333  0.00000    -4.2052738    -0.0464668     0.0001004     9    11      0.000011+i*     0.000000
 -0.33333 -0.33333  0.00000    -2.8912559    -0.0464668     0.2423103    10    11     -0.004345+i*    -0.026570
 -0.33333 -0.33333  0.00000    -2.8912559     2.6619915     1.1217811    10    12     -0.020119+i*    -0.123008
