                28                28
     1BSE eigenvalue   -0.12242518      IP-eigenvalue:    0.74947955
  0.00000  0.00000  0.00000    -6.0785256    -1.5869842     0.0001194     9    11      0.000013+i*     0.000000
  0.00000  0.00000  0.00000    -4.1241113    -1.5869842     0.0394813    10    11     -0.004337+i*     0.000657
  0.00000  0.00000  0.00000    -4.1241113     1.1932086     0.0417210    10    12     -0.004583+i*     0.000694
  0.33333  0.00000  0.00000    -4.5946561    -0.0464668     0.0000021     9    11      0.000000+i*    -0.000000
  0.33333  0.00000  0.00000    -2.8335705    -0.0464668     0.0026544    10    11     -0.000274+i*    -0.000110
  0.33333  0.00000  0.00000    -2.8335705     2.6619915     0.0072789    10    12     -0.000750+i*    -0.000302
  0.00000  0.33333  0.00000    -5.1496778    -1.5869842     0.0124741     9    11      0.000716+i*     0.001187
  0.00000  0.33333  0.00000    -3.1203342    -1.5869842     0.0026333    10    11     -0.000250+i*     0.000152
  0.00000  0.33333  0.00000    -3.1203342     1.1932086     0.0021581    10    12     -0.000205+i*     0.000125
  0.33333  0.33333  0.00000    -4.2052738    -0.0451223     0.0005764     9    11      0.000058+i*     0.000027
  0.33333  0.33333  0.00000    -2.8912559    -0.0451223     0.0003863    10    11      0.000023+i*    -0.000036
  0.33333  0.33333  0.00000    -2.8912559     2.6226298     0.0015636    10    12     -0.000098+i*     0.000144
 -0.33333  0.33333  0.00000    -4.4620760    -0.0464668     0.0005300     9    11      0.000059+i*     0.000002
 -0.33333  0.33333  0.00000    -3.2688503    -0.0464668     0.0002530    10    11     -0.000022+i*    -0.000018
 -0.33333  0.33333  0.00000    -3.2688503     2.6619915     0.0009823    10    12     -0.000085+i*    -0.000069
 -0.33333  0.00000  0.00000    -4.5946561    -0.0451223     0.0000417     9    11     -0.000004+i*    -0.000003
 -0.33333  0.00000  0.00000    -2.8335705    -0.0451223     0.0027685    10    11     -0.000222+i*     0.000213
 -0.33333  0.00000  0.00000    -2.8335705     2.6226298     0.0080561    10    12      0.000637+i*    -0.000629
  0.00000 -0.33333  0.00000    -5.1496778    -2.3708546     0.0000535     9    11     -0.000003+i*     0.000005
  0.00000 -0.33333  0.00000    -3.1203342    -2.3708546     8.9547846    10    11      0.807673+i*     0.581069
  0.00000 -0.33333  0.00000    -5.1496778     0.4107230     0.0013428     9    12      0.000087+i*    -0.000121
  0.00000 -0.33333  0.00000    -3.1203342     0.4107230     0.8983357    10    12      0.080837+i*     0.058552
  0.33333 -0.33333  0.00000    -4.4620760    -0.8328566     0.0000188     9    11     -0.000001+i*    -0.000002
  0.33333 -0.33333  0.00000    -3.2688503    -0.8328566     0.0097019    10    11     -0.000988+i*    -0.000432
  0.33333 -0.33333  0.00000    -3.2688503     1.9685811     0.0193584    10    12     -0.001971+i*    -0.000862
 -0.33333 -0.33333  0.00000    -4.2052738    -0.8328566     0.0000206     9    11      0.000001+i*    -0.000002
 -0.33333 -0.33333  0.00000    -2.8912559    -0.8328566     0.0129114    10    11     -0.001328+i*    -0.000543
 -0.33333 -0.33333  0.00000    -2.8912559     1.9685811     0.0241943    10    12     -0.002488+i*    -0.001017
     2BSE eigenvalue    0.57623512      IP-eigenvalue:    1.53335004
  0.00000  0.00000  0.00000    -6.0785256    -1.5869842     0.0000536     9    11     -0.000006+i*     0.000000
  0.00000  0.00000  0.00000    -4.1241113    -1.5869842     0.0450660    10    11      0.004949+i*    -0.000761
  0.00000  0.00000  0.00000    -4.1241113     1.1932086     0.4323872    10    12      0.047485+i*    -0.007301
  0.33333  0.00000  0.00000    -4.5946561    -0.0464668     0.0000162     9    11      0.000001+i*    -0.000002
  0.33333  0.00000  0.00000    -2.8335705    -0.0464668     0.0083463    10    11      0.000861+i*     0.000345
  0.33333  0.00000  0.00000    -2.8335705     2.6619915     0.0728755    10    12      0.007517+i*     0.003009
  0.00000  0.33333  0.00000    -5.1496778    -1.5869842     0.0013384     9    11     -0.000077+i*    -0.000127
  0.00000  0.33333  0.00000    -3.1203342    -1.5869842     0.0540490    10    11      0.005122+i*    -0.003135
  0.00000  0.33333  0.00000    -3.1203342     1.1932086     0.0310759    10    12      0.002945+i*    -0.001803
  0.33333  0.33333  0.00000    -4.2052738    -0.0451223     0.0011271     9    11      0.000113+i*     0.000053
  0.33333  0.33333  0.00000    -2.8912559    -0.0451223     0.0030965    10    11     -0.000188+i*     0.000288
  0.33333  0.33333  0.00000    -2.8912559     2.6226298     0.0129974    10    12      0.000811+i*    -0.001195
 -0.33333  0.33333  0.00000    -4.4620760    -0.0464668     0.0011675     9    11      0.000130+i*     0.000004
 -0.33333  0.33333  0.00000    -3.2688503    -0.0464668     0.0019934    10    11      0.000172+i*     0.000140
 -0.33333  0.33333  0.00000    -3.2688503     2.6619915     0.0085024    10    12      0.000734+i*     0.000595
 -0.33333  0.00000  0.00000    -4.5946561    -0.0451223     0.0000966     9    11      0.000009+i*     0.000006
 -0.33333  0.00000  0.00000    -2.8335705    -0.0451223     0.0101737    10    11      0.000813+i*    -0.000785
 -0.33333  0.00000  0.00000    -2.8335705     2.6226298     0.0841948    10    12     -0.006639+i*     0.006591
  0.00000 -0.33333  0.00000    -5.1496778    -2.3708546     0.0000327     9    11     -0.000002+i*     0.000003
  0.00000 -0.33333  0.00000    -3.1203342    -2.3708546     0.9001813    10    11      0.081325+i*     0.058226
  0.00000 -0.33333  0.00000    -5.1496778     0.4107230     0.0049116     9    12     -0.000317+i*     0.000444
  0.00000 -0.33333  0.00000    -3.1203342     0.4107230     8.9367867    10    12     -0.805512+i*    -0.580648
  0.33333 -0.33333  0.00000    -4.4620760    -0.8328566     0.0000203     9    11     -0.000001+i*    -0.000002
  0.33333 -0.33333  0.00000    -3.2688503    -0.8328566     0.0246610    10    11      0.002513+i*     0.001092
  0.33333 -0.33333  0.00000    -3.2688503     1.9685811     0.2008247    10    12      0.020466+i*     0.008891
 -0.33333 -0.33333  0.00000    -4.2052738    -0.8328566     0.0000225     9    11      0.000001+i*    -0.000002
 -0.33333 -0.33333  0.00000    -2.8912559    -0.8328566     0.0483748    10    11      0.004980+i*     0.002022
 -0.33333 -0.33333  0.00000    -2.8912559     1.9685811     0.2729575    10    12      0.028101+i*     0.011410
     3BSE eigenvalue    0.66096299      IP-eigenvalue:    2.05839921
  0.00000  0.00000  0.00000    -6.0785256    -1.5869842     0.0004858     9    11      0.000054+i*     0.000000
  0.00000  0.00000  0.00000    -4.1241113    -1.5869842     0.0001674    10    11      0.000018+i*    -0.000003
  0.00000  0.00000  0.00000    -4.1241113     1.1932086     0.0014816    10    12      0.000163+i*    -0.000025
  0.33333  0.00000  0.00000    -4.5946561    -0.0464668     0.0002157     9    11      0.000012+i*    -0.000021
  0.33333  0.00000  0.00000    -2.8335705    -0.0464668     0.0001309    10    11     -0.000013+i*    -0.000006
  0.33333  0.00000  0.00000    -2.8335705     2.6619915     0.0012959    10    12     -0.000131+i*    -0.000059
  0.00000  0.33333  0.00000    -5.1496778    -1.5869842     0.0000881     9    11      0.000005+i*     0.000008
  0.00000  0.33333  0.00000    -3.1203342    -1.5869842     8.9523172    10    11     -0.849602+i*     0.517309
  0.00000  0.33333  0.00000    -3.1203342     1.1932086     0.9217835    10    12     -0.087477+i*     0.053270
  0.33333  0.33333  0.00000    -4.2052738    -0.0451223     0.0000145     9    11      0.000001+i*     0.000001
  0.33333  0.33333  0.00000    -2.8912559    -0.0451223     0.0132552    10    11      0.000806+i*    -0.001232
  0.33333  0.33333  0.00000    -2.8912559     2.6226298     0.0256485    10    12     -0.001593+i*     0.002363
 -0.33333  0.33333  0.00000    -4.4620760    -0.0464668     0.0000026     9    11      0.000000+i*     0.000000
 -0.33333  0.33333  0.00000    -3.2688503    -0.0464668     0.0098067    10    11     -0.000843+i*    -0.000690
 -0.33333  0.33333  0.00000    -3.2688503     2.6619915     0.0201945    10    12     -0.001737+i*    -0.001421
 -0.33333  0.00000  0.00000    -4.5946561    -0.0451223     0.0000444     9    11      0.000004+i*     0.000003
 -0.33333  0.00000  0.00000    -2.8335705    -0.0451223     0.0002331    10    11     -0.000019+i*     0.000018
 -0.33333  0.00000  0.00000    -2.8335705     2.6226298     0.0017260    10    12      0.000136+i*    -0.000135
  0.00000 -0.33333  0.00000    -5.1496778    -2.3708546     0.0302363     9    11     -0.001951+i*     0.002735
  0.00000 -0.33333  0.00000    -3.1203342    -2.3708546     0.0028707    10    11      0.000259+i*     0.000186
  0.00000 -0.33333  0.00000    -5.1496778     0.4107230     0.0278522     9    12     -0.001805+i*     0.002514
  0.00000 -0.33333  0.00000    -3.1203342     0.4107230     0.0571969    10    12     -0.005147+i*    -0.003728
  0.33333 -0.33333  0.00000    -4.4620760    -0.8328566     0.0011988     9    11      0.000065+i*     0.000116
  0.33333 -0.33333  0.00000    -3.2688503    -0.8328566     0.0004548    10    11     -0.000046+i*    -0.000020
  0.33333 -0.33333  0.00000    -3.2688503     1.9685811     0.0015621    10    12     -0.000159+i*    -0.000070
 -0.33333 -0.33333  0.00000    -4.2052738    -0.8328566     0.0013507     9    11     -0.000076+i*     0.000130
 -0.33333 -0.33333  0.00000    -2.8912559    -0.8328566     0.0012626    10    11     -0.000130+i*    -0.000053
 -0.33333 -0.33333  0.00000    -2.8912559     1.9685811     0.0030141    10    12     -0.000311+i*    -0.000125
     4BSE eigenvalue    1.18888517      IP-eigenvalue:    2.43599364
  0.00000  0.00000  0.00000    -6.0785256    -1.5869842     0.0000004     9    11      0.000000+i*     0.000000
  0.00000  0.00000  0.00000    -4.1241113    -1.5869842     0.0109417    10    11     -0.001207+i*     0.000143
  0.00000  0.00000  0.00000    -4.1241113     1.1932086     0.0103782    10    12     -0.001145+i*     0.000136
  0.33333  0.00000  0.00000    -4.5946561    -0.0464668     0.0000339     9    11      0.000002+i*    -0.000003
  0.33333  0.00000  0.00000    -2.8335705    -0.0464668     0.0059814    10    11      0.000608+i*     0.000268
  0.33333  0.00000  0.00000    -2.8335705     2.6619915     0.0385935    10    12      0.003925+i*     0.001728
  0.00000  0.33333  0.00000    -5.1496778    -1.5869842     0.0012573     9    11      0.000068+i*     0.000122
  0.00000  0.33333  0.00000    -3.1203342    -1.5869842     0.0043719    10    11      0.000424+i*    -0.000238
  0.00000  0.33333  0.00000    -3.1203342     1.1932086     0.0224948    10    12     -0.002182+i*     0.001219
  0.33333  0.33333  0.00000    -4.2052738    -0.0451223     0.0004300     9    11     -0.000043+i*    -0.000022
  0.33333  0.33333  0.00000    -2.8912559    -0.0451223     0.0006902    10    11      0.000044+i*    -0.000063
  0.33333  0.33333  0.00000    -2.8912559     2.6226298     0.0027093    10    12     -0.000177+i*     0.000244
 -0.33333  0.33333  0.00000    -4.4620760    -0.0464668     0.0143565     9    11      0.001592+i*     0.000105
 -0.33333  0.33333  0.00000    -3.2688503    -0.0464668     0.0018063    10    11     -0.000151+i*    -0.000132
 -0.33333  0.33333  0.00000    -3.2688503     2.6619915     0.0019011    10    12     -0.000159+i*    -0.000139
 -0.33333  0.00000  0.00000    -4.5946561    -0.0451223     0.0001699     9    11      0.000015+i*     0.000012
 -0.33333  0.00000  0.00000    -2.8335705    -0.0451223     0.1012928    10    11     -0.008357+i*     0.007538
 -0.33333  0.00000  0.00000    -2.8335705     2.6226298     0.0788713    10    12      0.006424+i*    -0.005960
  0.00000 -0.33333  0.00000    -5.1496778    -2.3708546     0.0002388     9    11      0.000016+i*    -0.000021
  0.00000 -0.33333  0.00000    -3.1203342    -2.3708546     0.0077104    10    11     -0.000679+i*    -0.000522
  0.00000 -0.33333  0.00000    -5.1496778     0.4107230     0.0018842     9    12      0.000127+i*    -0.000167
  0.00000 -0.33333  0.00000    -3.1203342     0.4107230     0.0763811    10    12     -0.006710+i*    -0.005196
  0.33333 -0.33333  0.00000    -4.4620760    -0.8328566     0.0000312     9    11     -0.000002+i*    -0.000003
  0.33333 -0.33333  0.00000    -3.2688503    -0.8328566     0.0073170    10    11      0.000734+i*     0.000349
  0.33333 -0.33333  0.00000    -3.2688503     1.9685811     0.0303359    10    12      0.003044+i*     0.001448
 -0.33333 -0.33333  0.00000    -4.2052738    -0.8328566     0.0001714     9    11     -0.000010+i*     0.000016
 -0.33333 -0.33333  0.00000    -2.8912559    -0.8328566     8.9560845    10    11     -0.908618+i*    -0.405806
 -0.33333 -0.33333  0.00000    -2.8912559     1.9685811     0.8733256    10    12     -0.088601+i*    -0.039571
     5BSE eigenvalue    1.36039865      IP-eigenvalue:    2.53712711
  0.00000  0.00000  0.00000    -6.0785256    -1.5869842     0.0006155     9    11     -0.000068+i*     0.000000
  0.00000  0.00000  0.00000    -4.1241113    -1.5869842     0.0008724    10    11      0.000096+i*    -0.000013
  0.00000  0.00000  0.00000    -4.1241113     1.1932086     0.0067592    10    12      0.000743+i*    -0.000108
  0.33333  0.00000  0.00000    -4.5946561    -0.0464668     0.0019274     9    11     -0.000108+i*     0.000185
  0.33333  0.00000  0.00000    -2.8335705    -0.0464668     0.0022741    10    11      0.000229+i*     0.000107
  0.33333  0.00000  0.00000    -2.8335705     2.6619915     0.0106700    10    12      0.001070+i*     0.000512
  0.00000  0.33333  0.00000    -5.1496778    -1.5869842     0.0007226     9    11      0.000041+i*     0.000069
  0.00000  0.33333  0.00000    -3.1203342    -1.5869842     0.9232036    10    11     -0.087612+i*     0.053351
  0.00000  0.33333  0.00000    -3.1203342     1.1932086     8.9391512    10    12      0.848298+i*    -0.516637
  0.33333  0.33333  0.00000    -4.2052738    -0.0451223     0.0002510     9    11      0.000025+i*     0.000012
  0.33333  0.33333  0.00000    -2.8912559    -0.0451223     0.0562901    10    11     -0.003424+i*     0.005234
  0.33333  0.33333  0.00000    -2.8912559     2.6226298     0.2927099    10    12      0.018184+i*    -0.026965
 -0.33333  0.33333  0.00000    -4.4620760    -0.0464668     0.0003960     9    11      0.000044+i*     0.000001
 -0.33333  0.33333  0.00000    -3.2688503    -0.0464668     0.0262342    10    11      0.002256+i*     0.001846
 -0.33333  0.33333  0.00000    -3.2688503     2.6619915     0.2073340    10    12      0.017831+i*     0.014587
 -0.33333  0.00000  0.00000    -4.5946561    -0.0451223     0.0005758     9    11      0.000051+i*     0.000039
 -0.33333  0.00000  0.00000    -2.8335705    -0.0451223     0.0035029    10    11      0.000280+i*    -0.000271
 -0.33333  0.00000  0.00000    -2.8335705     2.6226298     0.0161897    10    12     -0.001274+i*     0.001270
  0.00000 -0.33333  0.00000    -5.1496778    -2.3708546     0.0523565     9    11      0.003378+i*    -0.004736
  0.00000 -0.33333  0.00000    -3.1203342    -2.3708546     0.0007164    10    11     -0.000065+i*    -0.000046
  0.00000 -0.33333  0.00000    -5.1496778     0.4107230     0.3159454     9    12      0.020475+i*    -0.028516
  0.00000 -0.33333  0.00000    -3.1203342     0.4107230     0.0280640    10    12      0.002525+i*     0.001829
  0.33333 -0.33333  0.00000    -4.4620760    -0.8328566     0.0007853     9    11     -0.000042+i*    -0.000076
  0.33333 -0.33333  0.00000    -3.2688503    -0.8328566     0.0113490    10    11      0.001154+i*     0.000509
  0.33333 -0.33333  0.00000    -3.2688503     1.9685811     0.0200453    10    12      0.002038+i*     0.000899
 -0.33333 -0.33333  0.00000    -4.2052738    -0.8328566     0.0010707     9    11      0.000061+i*    -0.000102
 -0.33333 -0.33333  0.00000    -2.8912559    -0.8328566     0.0272727    10    11     -0.002812+i*    -0.001130
 -0.33333 -0.33333  0.00000    -2.8912559     1.9685811     0.0409276    10    12      0.004222+i*     0.001689
     6BSE eigenvalue    1.56174181      IP-eigenvalue:    2.77882315
  0.00000  0.00000  0.00000    -6.0785256    -1.5869842     0.0000697     9    11      0.000008+i*     0.000000
  0.00000  0.00000  0.00000    -4.1241113    -1.5869842     0.0589070    10    11      0.006514+i*    -0.000641
  0.00000  0.00000  0.00000    -4.1241113     1.1932086     0.0235652    10    12      0.002606+i*    -0.000255
  0.33333  0.00000  0.00000    -4.5946561    -0.0464668     0.0002048     9    11      0.000012+i*    -0.000019
  0.33333  0.00000  0.00000    -2.8335705    -0.0464668     0.2055174    10    11      0.020708+i*     0.009624
  0.33333  0.00000  0.00000    -2.8335705     2.6619915     0.1157268    10    12      0.011661+i*     0.005419
  0.00000  0.33333  0.00000    -5.1496778    -1.5869842     0.0016714     9    11     -0.000088+i*    -0.000164
  0.00000  0.33333  0.00000    -3.1203342    -1.5869842     0.0004733    10    11      0.000046+i*    -0.000025
  0.00000  0.33333  0.00000    -3.1203342     1.1932086     0.0131022    10    12     -0.001278+i*     0.000697
  0.33333  0.33333  0.00000    -4.2052738    -0.0451223     0.0194019     9    11     -0.001901+i*    -0.001016
  0.33333  0.33333  0.00000    -2.8912559    -0.0451223     0.0049403    10    11     -0.000324+i*     0.000443
  0.33333  0.33333  0.00000    -2.8912559     2.6226298     0.0021278    10    12      0.000142+i*    -0.000189
 -0.33333  0.33333  0.00000    -4.4620760    -0.0464668     0.0006854     9    11      0.000076+i*     0.000007
 -0.33333  0.33333  0.00000    -3.2688503    -0.0464668     0.0006735    10    11      0.000055+i*     0.000051
 -0.33333  0.33333  0.00000    -3.2688503     2.6619915     0.0022777    10    12      0.000186+i*     0.000172
 -0.33333  0.00000  0.00000    -4.5946561    -0.0451223     0.0000324     9    11      0.000003+i*     0.000002
 -0.33333  0.00000  0.00000    -2.8335705    -0.0451223     0.0108726    10    11     -0.000913+i*     0.000791
 -0.33333  0.00000  0.00000    -2.8335705     2.6226298     0.0400334    10    12      0.003321+i*    -0.002959
  0.00000 -0.33333  0.00000    -5.1496778    -2.3708546     0.0010459     9    11     -0.000072+i*     0.000091
  0.00000 -0.33333  0.00000    -3.1203342    -2.3708546     0.0073873    10    11      0.000640+i*     0.000513
  0.00000 -0.33333  0.00000    -5.1496778     0.4107230     0.0041118     9    12     -0.000285+i*     0.000357
  0.00000 -0.33333  0.00000    -3.1203342     0.4107230     0.0449064    10    12      0.003883+i*     0.003134
  0.33333 -0.33333  0.00000    -4.4620760    -0.8328566     0.0001106     9    11     -0.000005+i*    -0.000011
  0.33333 -0.33333  0.00000    -3.2688503    -0.8328566     8.9510577    10    11      0.889316+i*     0.445276
  0.33333 -0.33333  0.00000    -3.2688503     1.9685811     0.8970697    10    12      0.089127+i*     0.044625
 -0.33333 -0.33333  0.00000    -4.2052738    -0.8328566     0.0000527     9    11     -0.000003+i*     0.000005
 -0.33333 -0.33333  0.00000    -2.8912559    -0.8328566     0.0204420    10    11      0.002055+i*     0.000968
 -0.33333 -0.33333  0.00000    -2.8912559     1.9685811     0.0967601    10    12     -0.009727+i*    -0.004580
     7BSE eigenvalue    1.66168048      IP-eigenvalue:    2.78710372
  0.00000  0.00000  0.00000    -6.0785256    -1.5869842     0.0000604     9    11      0.000007+i*     0.000000
  0.00000  0.00000  0.00000    -4.1241113    -1.5869842     8.9486378    10    11      0.983047+i*    -0.149124
  0.00000  0.00000  0.00000    -4.1241113     1.1932086     0.9379658    10    12      0.103041+i*    -0.015625
  0.33333  0.00000  0.00000    -4.5946561    -0.0464668     0.0000438     9    11     -0.000002+i*     0.000004
  0.33333  0.00000  0.00000    -2.8335705    -0.0464668     0.0770463    10    11      0.007941+i*     0.003197
  0.33333  0.00000  0.00000    -2.8335705     2.6619915     0.0653440    10    12      0.006735+i*     0.002711
  0.00000  0.33333  0.00000    -5.1496778    -1.5869842     0.0003327     9    11     -0.000019+i*    -0.000032
  0.00000  0.33333  0.00000    -3.1203342    -1.5869842     0.0000720    10    11     -0.000007+i*     0.000004
  0.00000  0.33333  0.00000    -3.1203342     1.1932086     0.0023655    10    12     -0.000223+i*     0.000139
  0.33333  0.33333  0.00000    -4.2052738    -0.0451223     0.0004893     9    11      0.000049+i*     0.000023
  0.33333  0.33333  0.00000    -2.8912559    -0.0451223     0.0014833    10    11     -0.000090+i*     0.000138
  0.33333  0.33333  0.00000    -2.8912559     2.6226298     0.0023258    10    12      0.000145+i*    -0.000214
 -0.33333  0.33333  0.00000    -4.4620760    -0.0464668     0.0007307     9    11      0.000081+i*     0.000003
 -0.33333  0.33333  0.00000    -3.2688503    -0.0464668     0.0004975    10    11      0.000044+i*     0.000034
 -0.33333  0.33333  0.00000    -3.2688503     2.6619915     0.0012187    10    12      0.000110+i*     0.000079
 -0.33333  0.00000  0.00000    -4.5946561    -0.0451223     0.0000505     9    11      0.000004+i*     0.000003
 -0.33333  0.00000  0.00000    -2.8335705    -0.0451223     0.0835455    10    11      0.006689+i*    -0.006437
 -0.33333  0.00000  0.00000    -2.8335705     2.6226298     0.0757651    10    12     -0.005983+i*     0.005922
  0.00000 -0.33333  0.00000    -5.1496778    -2.3708546     0.0039453     9    11     -0.000254+i*     0.000357
  0.00000 -0.33333  0.00000    -3.1203342    -2.3708546     0.0343334    10    11      0.003097+i*     0.002227
  0.00000 -0.33333  0.00000    -5.1496778     0.4107230     0.0049721     9    12     -0.000322+i*     0.000449
  0.00000 -0.33333  0.00000    -3.1203342     0.4107230     0.0972855    10    12      0.008756+i*     0.006339
  0.33333 -0.33333  0.00000    -4.4620760    -0.8328566     0.0000175     9    11      0.000002+i*     0.000001
  0.33333 -0.33333  0.00000    -3.2688503    -0.8328566     0.0649865    10    11     -0.006617+i*    -0.002890
  0.33333 -0.33333  0.00000    -3.2688503     1.9685811     0.0161918    10    12      0.001649+i*     0.000719
 -0.33333 -0.33333  0.00000    -4.2052738    -0.8328566     0.0001773     9    11     -0.000010+i*     0.000017
 -0.33333 -0.33333  0.00000    -2.8912559    -0.8328566     0.0199952    10    11     -0.002057+i*    -0.000840
 -0.33333 -0.33333  0.00000    -2.8912559     1.9685811     0.0599288    10    12      0.006164+i*     0.002518
     8BSE eigenvalue    1.88835858      IP-eigenvalue:    2.78844820
  0.00000  0.00000  0.00000    -6.0785256    -1.5869842     0.0420696     9    11      0.004674+i*     0.000000
  0.00000  0.00000  0.00000    -4.1241113    -1.5869842     0.0123375    10    11     -0.001357+i*     0.000193
  0.00000  0.00000  0.00000    -4.1241113     1.1932086     0.0183236    10    12      0.002016+i*    -0.000281
  0.33333  0.00000  0.00000    -4.5946561    -0.0464668     0.0022910     9    11     -0.000128+i*     0.000220
  0.33333  0.00000  0.00000    -2.8335705    -0.0464668     0.1470732    10    11     -0.015062+i*    -0.006339
  0.33333  0.00000  0.00000    -2.8335705     2.6619915     0.0566984    10    12     -0.005809+i*    -0.002439
  0.00000  0.33333  0.00000    -5.1496778    -1.5869842     0.0082207     9    11      0.000471+i*     0.000782
  0.00000  0.33333  0.00000    -3.1203342    -1.5869842     0.0240879    10    11      0.002286+i*    -0.001392
  0.00000  0.33333  0.00000    -3.1203342     1.1932086     0.0843799    10    12      0.008004+i*    -0.004882
  0.33333  0.33333  0.00000    -4.2052738    -0.0451223     0.0002630     9    11      0.000026+i*     0.000013
  0.33333  0.33333  0.00000    -2.8912559    -0.0451223     0.0357511    10    11      0.002168+i*    -0.003329
  0.33333  0.33333  0.00000    -2.8912559     2.6226298     0.0133003    10    12     -0.000821+i*     0.001229
 -0.33333  0.33333  0.00000    -4.4620760    -0.0464668     0.0002817     9    11     -0.000031+i*    -0.000001
 -0.33333  0.33333  0.00000    -3.2688503    -0.0464668     0.0061009    10    11     -0.000525+i*    -0.000429
 -0.33333  0.33333  0.00000    -3.2688503     2.6619915     0.0064490    10    12     -0.000555+i*    -0.000453
 -0.33333  0.00000  0.00000    -4.5946561    -0.0451223     0.0022989     9    11      0.000202+i*     0.000156
 -0.33333  0.00000  0.00000    -2.8335705    -0.0451223     0.3418428    10    11      0.027765+i*    -0.025918
 -0.33333  0.00000  0.00000    -2.8335705     2.6226298     0.1196793    10    12     -0.009589+i*     0.009213
  0.00000 -0.33333  0.00000    -5.1496778    -2.3708546     8.9320008     9    11     -0.576272+i*     0.807995
  0.00000 -0.33333  0.00000    -3.1203342    -2.3708546     0.0002358    10    11     -0.000021+i*    -0.000016
  0.00000 -0.33333  0.00000    -5.1496778     0.4107230     0.8896068     9    12     -0.057654+i*     0.080289
  0.00000 -0.33333  0.00000    -3.1203342     0.4107230     0.0167207    10    12      0.001491+i*     0.001109
  0.33333 -0.33333  0.00000    -4.4620760    -0.8328566     0.0176491     9    11      0.000951+i*     0.001715
  0.33333 -0.33333  0.00000    -3.2688503    -0.8328566     0.0139196    10    11      0.001407+i*     0.000642
  0.33333 -0.33333  0.00000    -3.2688503     1.9685811     0.0463151    10    12     -0.004685+i*    -0.002130
 -0.33333 -0.33333  0.00000    -4.2052738    -0.8328566     0.0255596     9    11     -0.001433+i*     0.002452
 -0.33333 -0.33333  0.00000    -2.8912559    -0.8328566     0.0552896    10    11     -0.005655+i*    -0.002400
 -0.33333 -0.33333  0.00000    -2.8912559     1.9685811     0.5037122    10    12      0.051519+i*     0.021868
     9BSE eigenvalue    1.88971826      IP-eigenvalue:    2.84613352
  0.00000  0.00000  0.00000    -6.0785256    -1.5869842     0.0030712     9    11     -0.000341+i*     0.000000
  0.00000  0.00000  0.00000    -4.1241113    -1.5869842     0.0980101    10    11     -0.010789+i*     0.001479
  0.00000  0.00000  0.00000    -4.1241113     1.1932086     0.2019845    10    12      0.022235+i*    -0.003048
  0.33333  0.00000  0.00000    -4.5946561    -0.0464668     0.0001367     9    11      0.000008+i*    -0.000013
  0.33333  0.00000  0.00000    -2.8335705    -0.0464668     2.5238182    10    11     -0.258637+i*    -0.108374
  0.33333  0.00000  0.00000    -2.8335705     2.6619915     0.8767428    10    12     -0.089846+i*    -0.037651
  0.00000  0.33333  0.00000    -5.1496778    -1.5869842     0.0016009     9    11      0.000088+i*     0.000154
  0.00000  0.33333  0.00000    -3.1203342    -1.5869842     0.0017047    10    11     -0.000161+i*     0.000100
  0.00000  0.33333  0.00000    -3.1203342     1.1932086     0.0433527    10    12     -0.004165+i*     0.002420
  0.33333  0.33333  0.00000    -4.2052738    -0.0451223     0.0048090     9    11      0.000481+i*     0.000234
  0.33333  0.33333  0.00000    -2.8912559    -0.0451223     0.0460354    10    11     -0.002870+i*     0.004234
  0.33333  0.33333  0.00000    -2.8912559     2.6226298     0.0268641    10    12      0.001715+i*    -0.002443
 -0.33333  0.33333  0.00000    -4.4620760    -0.0464668     0.0017319     9    11     -0.000192+i*    -0.000009
 -0.33333  0.33333  0.00000    -3.2688503    -0.0464668     0.0050555    10    11      0.000431+i*     0.000360
 -0.33333  0.33333  0.00000    -3.2688503     2.6619915     0.0086398    10    12      0.000738+i*     0.000614
 -0.33333  0.00000  0.00000    -4.5946561    -0.0451223     0.0001448     9    11     -0.000013+i*    -0.000010
 -0.33333  0.00000  0.00000    -2.8335705    -0.0451223     4.7781130    10    11      0.387746+i*    -0.362642
 -0.33333  0.00000  0.00000    -2.8335705     2.6226298     1.6282769    10    12     -0.130388+i*     0.125423
  0.00000 -0.33333  0.00000    -5.1496778    -2.3708546     0.6413850     9    11      0.041378+i*    -0.058022
  0.00000 -0.33333  0.00000    -3.1203342    -2.3708546     0.0029394    10    11     -0.000262+i*    -0.000194
  0.00000 -0.33333  0.00000    -5.1496778     0.4107230     0.0498955     9    12      0.003225+i*    -0.004509
  0.00000 -0.33333  0.00000    -3.1203342     0.4107230     0.2101699    10    12      0.018719+i*     0.013961
  0.33333 -0.33333  0.00000    -4.4620760    -0.8328566     0.0016395     9    11     -0.000088+i*    -0.000160
  0.33333 -0.33333  0.00000    -3.2688503    -0.8328566     0.2260755    10    11      0.022874+i*     0.010381
  0.33333 -0.33333  0.00000    -3.2688503     1.9685811     0.6884170    10    12     -0.069652+i*    -0.031614
 -0.33333 -0.33333  0.00000    -4.2052738    -0.8328566     0.0013795     9    11      0.000077+i*    -0.000133
 -0.33333 -0.33333  0.00000    -2.8912559    -0.8328566     0.7447680    10    11     -0.076155+i*    -0.032377
 -0.33333 -0.33333  0.00000    -2.8912559     1.9685811     6.8401018    10    12      0.699424+i*     0.297359
    10BSE eigenvalue    1.90997386      IP-eigenvalue:    3.22238347
  0.00000  0.00000  0.00000    -6.0785256    -1.5869842     0.0000829     9    11     -0.000009+i*     0.000000
  0.00000  0.00000  0.00000    -4.1241113    -1.5869842     0.1387889    10    11     -0.015289+i*     0.002017
  0.00000  0.00000  0.00000    -4.1241113     1.1932086     0.1715289    10    12      0.018895+i*    -0.002491
  0.33333  0.00000  0.00000    -4.5946561    -0.0464668     0.0000537     9    11     -0.000003+i*     0.000005
  0.33333  0.00000  0.00000    -2.8335705    -0.0464668     7.8662501    10    11      0.804331+i*     0.342017
  0.33333  0.00000  0.00000    -2.8335705     2.6619915     0.9716594    10    12      0.099353+i*     0.042247
  0.00000  0.33333  0.00000    -5.1496778    -1.5869842     0.0020191     9    11      0.000112+i*     0.000194
  0.00000  0.33333  0.00000    -3.1203342    -1.5869842     0.0001367    10    11     -0.000014+i*     0.000007
  0.00000  0.33333  0.00000    -3.1203342     1.1932086     0.0064737    10    12     -0.000611+i*     0.000379
  0.33333  0.33333  0.00000    -4.2052738    -0.0451223     0.0006659     9    11      0.000066+i*     0.000033
  0.33333  0.33333  0.00000    -2.8912559    -0.0451223     0.0117840    10    11     -0.000748+i*     0.001075
  0.33333  0.33333  0.00000    -2.8912559     2.6226298     0.0051264    10    12      0.000335+i*    -0.000461
 -0.33333  0.33333  0.00000    -4.4620760    -0.0464668     0.0007965     9    11      0.000088+i*     0.000005
 -0.33333  0.33333  0.00000    -3.2688503    -0.0464668     0.0017904    10    11      0.000152+i*     0.000129
 -0.33333  0.33333  0.00000    -3.2688503     2.6619915     0.0034824    10    12      0.000295+i*     0.000250
 -0.33333  0.00000  0.00000    -4.5946561    -0.0451223     0.0000683     9    11      0.000006+i*     0.000005
 -0.33333  0.00000  0.00000    -2.8335705    -0.0451223     4.2133968    10    11      0.343601+i*    -0.317974
 -0.33333  0.00000  0.00000    -2.8335705     2.6226298     0.5440506    10    12     -0.043787+i*     0.041677
  0.00000 -0.33333  0.00000    -5.1496778    -2.3708546     0.0307902     9    11      0.002006+i*    -0.002771
  0.00000 -0.33333  0.00000    -3.1203342    -2.3708546     0.0015901    10    11      0.000141+i*     0.000106
  0.00000 -0.33333  0.00000    -5.1496778     0.4107230     0.0050251     9    12     -0.000332+i*     0.000449
  0.00000 -0.33333  0.00000    -3.1203342     0.4107230     0.0351951    10    12      0.003123+i*     0.002354
  0.33333 -0.33333  0.00000    -4.4620760    -0.8328566     0.0005240     9    11      0.000027+i*     0.000051
  0.33333 -0.33333  0.00000    -3.2688503    -0.8328566     0.2040437    10    11     -0.020596+i*    -0.009476
  0.33333 -0.33333  0.00000    -3.2688503     1.9685811     0.1835187    10    12      0.018525+i*     0.008522
 -0.33333 -0.33333  0.00000    -4.2052738    -0.8328566     0.0004652     9    11     -0.000027+i*     0.000044
 -0.33333 -0.33333  0.00000    -2.8912559    -0.8328566     0.0393579    10    11     -0.004016+i*    -0.001732
 -0.33333 -0.33333  0.00000    -2.8912559     1.9685811     0.0359731    10    12     -0.003668+i*    -0.001588
    11BSE eigenvalue    1.92127446      IP-eigenvalue:    3.37241716
  0.00000  0.00000  0.00000    -6.0785256    -1.5869842     0.0001579     9    11     -0.000018+i*     0.000000
  0.00000  0.00000  0.00000    -4.1241113    -1.5869842     0.0203573    10    11     -0.002235+i*     0.000348
  0.00000  0.00000  0.00000    -4.1241113     1.1932086     0.1055837    10    12      0.011593+i*    -0.001799
  0.33333  0.00000  0.00000    -4.5946561    -0.0464668     0.0000060     9    11     -0.000000+i*     0.000001
  0.33333  0.00000  0.00000    -2.8335705    -0.0464668     3.3704633    10    11      0.347893+i*     0.138627
  0.33333  0.00000  0.00000    -2.8335705     2.6619915     0.0053870    10    12     -0.000555+i*    -0.000224
  0.00000  0.33333  0.00000    -5.1496778    -1.5869842     0.0021059     9    11      0.000121+i*     0.000200
  0.00000  0.33333  0.00000    -3.1203342    -1.5869842     0.0001435    10    11     -0.000013+i*     0.000009
  0.00000  0.33333  0.00000    -3.1203342     1.1932086     0.0257655    10    12     -0.002448+i*     0.001485
  0.33333  0.33333  0.00000    -4.2052738    -0.0451223     0.0026248     9    11      0.000264+i*     0.000123
  0.33333  0.33333  0.00000    -2.8912559    -0.0451223     0.0455044    10    11     -0.002745+i*     0.004246
  0.33333  0.33333  0.00000    -2.8912559     2.6226298     0.0184541    10    12      0.001136+i*    -0.001707
 -0.33333  0.33333  0.00000    -4.4620760    -0.0464668     0.0009037     9    11     -0.000100+i*    -0.000003
 -0.33333  0.33333  0.00000    -3.2688503    -0.0464668     0.0042800    10    11      0.000370+i*     0.000299
 -0.33333  0.33333  0.00000    -3.2688503     2.6619915     0.0081867    10    12      0.000708+i*     0.000572
 -0.33333  0.00000  0.00000    -4.5946561    -0.0451223     0.0000180     9    11     -0.000002+i*    -0.000001
 -0.33333  0.00000  0.00000    -2.8335705    -0.0451223     6.2317063    10    11     -0.497313+i*     0.481782
 -0.33333  0.00000  0.00000    -2.8335705     2.6226298     0.0668051    10    12      0.005258+i*    -0.005239
  0.00000 -0.33333  0.00000    -5.1496778    -2.3708546     0.0217407     9    11      0.001413+i*    -0.001959
  0.00000 -0.33333  0.00000    -3.1203342    -2.3708546     0.0029777    10    11     -0.000269+i*    -0.000192
  0.00000 -0.33333  0.00000    -5.1496778     0.4107230     0.0078817     9    12     -0.000509+i*     0.000713
  0.00000 -0.33333  0.00000    -3.1203342     0.4107230     0.1585577    10    12      0.014305+i*     0.010284
  0.33333 -0.33333  0.00000    -4.4620760    -0.8328566     0.0000804     9    11     -0.000004+i*    -0.000008
  0.33333 -0.33333  0.00000    -3.2688503    -0.8328566     0.0078640    10    11      0.000801+i*     0.000349
  0.33333 -0.33333  0.00000    -3.2688503     1.9685811     0.3327760    10    12     -0.033932+i*    -0.014690
 -0.33333 -0.33333  0.00000    -4.2052738    -0.8328566     0.0007702     9    11      0.000043+i*    -0.000074
 -0.33333 -0.33333  0.00000    -2.8912559    -0.8328566     0.4671468    10    11     -0.048117+i*    -0.019465
 -0.33333 -0.33333  0.00000    -2.8912559     1.9685811     5.5165092    10    12      0.568214+i*     0.229858
    12BSE eigenvalue    1.97247645      IP-eigenvalue:    3.53105719
  0.00000  0.00000  0.00000    -6.0785256    -1.5869842     0.0001365     9    11     -0.000015+i*     0.000000
  0.00000  0.00000  0.00000    -4.1241113    -1.5869842     0.0022567    10    11      0.000248+i*    -0.000038
  0.00000  0.00000  0.00000    -4.1241113     1.1932086     0.0079448    10    12     -0.000872+i*     0.000134
  0.33333  0.00000  0.00000    -4.5946561    -0.0464668     0.0009188     9    11     -0.000051+i*     0.000088
  0.33333  0.00000  0.00000    -2.8335705    -0.0464668     0.0170113    10    11      0.001755+i*     0.000702
  0.33333  0.00000  0.00000    -2.8335705     2.6619915     0.0098940    10    12     -0.001021+i*    -0.000408
  0.00000  0.33333  0.00000    -5.1496778    -1.5869842     0.0001419     9    11     -0.000008+i*    -0.000013
  0.00000  0.33333  0.00000    -3.1203342    -1.5869842     0.0066623    10    11      0.000632+i*    -0.000385
  0.00000  0.33333  0.00000    -3.1203342     1.1932086     0.0944986    10    12      0.008964+i*    -0.005468
  0.33333  0.33333  0.00000    -4.2052738    -0.0451223     0.0002444     9    11      0.000025+i*     0.000012
  0.33333  0.33333  0.00000    -2.8912559    -0.0451223     8.9216829    10    11      0.542091+i*    -0.829945
  0.33333  0.33333  0.00000    -2.8912559     2.6226298     1.1764109    10    12     -0.073009+i*     0.108422
 -0.33333  0.33333  0.00000    -4.4620760    -0.0464668     0.0000610     9    11     -0.000007+i*    -0.000000
 -0.33333  0.33333  0.00000    -3.2688503    -0.0464668     0.0094209    10    11      0.000811+i*     0.000662
 -0.33333  0.33333  0.00000    -3.2688503     2.6619915     0.0378400    10    12      0.003256+i*     0.002660
 -0.33333  0.00000  0.00000    -4.5946561    -0.0451223     0.0005630     9    11     -0.000049+i*    -0.000038
 -0.33333  0.00000  0.00000    -2.8335705    -0.0451223     0.0014138    10    11     -0.000130+i*     0.000089
 -0.33333  0.00000  0.00000    -2.8335705     2.6226298     0.0017763    10    12     -0.000148+i*     0.000130
  0.00000 -0.33333  0.00000    -5.1496778    -2.3708546     0.0433947     9    11      0.002799+i*    -0.003926
  0.00000 -0.33333  0.00000    -3.1203342    -2.3708546     0.0001237    10    11     -0.000011+i*    -0.000008
  0.00000 -0.33333  0.00000    -5.1496778     0.4107230     0.0147463     9    12     -0.000957+i*     0.001330
  0.00000 -0.33333  0.00000    -3.1203342     0.4107230     0.0033094    10    12     -0.000299+i*    -0.000214
  0.33333 -0.33333  0.00000    -4.4620760    -0.8328566     0.0440662     9    11      0.002378+i*     0.004280
  0.33333 -0.33333  0.00000    -3.2688503    -0.8328566     0.0077839    10    11      0.000793+i*     0.000346
  0.33333 -0.33333  0.00000    -3.2688503     1.9685811     0.0197430    10    12     -0.002011+i*    -0.000877
 -0.33333 -0.33333  0.00000    -4.2052738    -0.8328566     0.0010828     9    11      0.000061+i*    -0.000104
 -0.33333 -0.33333  0.00000    -2.8912559    -0.8328566     0.0055339    10    11     -0.000570+i*    -0.000231
 -0.33333 -0.33333  0.00000    -2.8912559     1.9685811     0.0643423    10    12      0.006624+i*     0.002690
    13BSE eigenvalue    2.25859940      IP-eigenvalue:    3.56269363
  0.00000  0.00000  0.00000    -6.0785256    -1.5869842     0.0001215     9    11     -0.000013+i*     0.000000
  0.00000  0.00000  0.00000    -4.1241113    -1.5869842     0.2366208    10    11      0.026234+i*    -0.001741
  0.00000  0.00000  0.00000    -4.1241113     1.1932086     1.8632036    10    12     -0.206569+i*     0.013696
  0.33333  0.00000  0.00000    -4.5946561    -0.0464668     0.0000541     9    11     -0.000003+i*     0.000005
  0.33333  0.00000  0.00000    -2.8335705    -0.0464668     0.5819444    10    11      0.057746+i*     0.029093
  0.33333  0.00000  0.00000    -2.8335705     2.6619915     2.4216060    10    12     -0.240293+i*    -0.121063
  0.00000  0.33333  0.00000    -5.1496778    -1.5869842     0.0118554     9    11     -0.000583+i*    -0.001181
  0.00000  0.33333  0.00000    -3.1203342    -1.5869842     0.0010292    10    11      0.000103+i*    -0.000050
  0.00000  0.33333  0.00000    -3.1203342     1.1932086     0.0276944    10    12      0.002742+i*    -0.001396
  0.33333  0.33333  0.00000    -4.2052738    -0.0451223     0.0009874     9    11      0.000095+i*     0.000055
  0.33333  0.33333  0.00000    -2.8912559    -0.0451223     0.0249628    10    11     -0.001705+i*     0.002187
  0.33333  0.33333  0.00000    -2.8912559     2.6226298     0.0513077    10    12     -0.003566+i*     0.004448
 -0.33333  0.33333  0.00000    -4.4620760    -0.0464668     0.0092226     9    11     -0.001018+i*    -0.000120
 -0.33333  0.33333  0.00000    -3.2688503    -0.0464668     0.0743563    10    11     -0.005929+i*    -0.005753
 -0.33333  0.33333  0.00000    -3.2688503     2.6619915     0.0446774    10    12     -0.003561+i*    -0.003459
 -0.33333  0.00000  0.00000    -4.5946561    -0.0451223     0.0000810     9    11     -0.000007+i*    -0.000006
 -0.33333  0.00000  0.00000    -2.8335705    -0.0451223     0.0930596    10    11     -0.008023+i*     0.006523
 -0.33333  0.00000  0.00000    -2.8335705     2.6226298     0.3749395    10    12     -0.031954+i*     0.026730
  0.00000 -0.33333  0.00000    -5.1496778    -2.3708546     0.0090956     9    11     -0.000654+i*     0.000771
  0.00000 -0.33333  0.00000    -3.1203342    -2.3708546     0.0031913    10    11      0.000269+i*     0.000230
  0.00000 -0.33333  0.00000    -5.1496778     0.4107230     0.0471748     9    12      0.003404+i*    -0.003986
  0.00000 -0.33333  0.00000    -3.1203342     0.4107230     0.3169458    10    12     -0.026691+i*    -0.022973
  0.33333 -0.33333  0.00000    -4.4620760    -0.8328566     0.0001102     9    11     -0.000006+i*    -0.000011
  0.33333 -0.33333  0.00000    -3.2688503    -0.8328566     0.8497343    10    11      0.083047+i*     0.044915
  0.33333 -0.33333  0.00000    -3.2688503     1.9685811     8.3336271    10    12     -0.814472+i*    -0.440494
 -0.33333 -0.33333  0.00000    -4.2052738    -0.8328566     0.0012858     9    11     -0.000083+i*     0.000117
 -0.33333 -0.33333  0.00000    -2.8912559    -0.8328566     0.0536262    10    11      0.005308+i*     0.002707
 -0.33333 -0.33333  0.00000    -2.8912559     1.9685811     0.9119180    10    12     -0.090261+i*    -0.046039
    14BSE eigenvalue    2.34345679      IP-eigenvalue:    3.62921937
  0.00000  0.00000  0.00000    -6.0785256    -1.5869842     0.0001788     9    11     -0.000020+i*     0.000000
  0.00000  0.00000  0.00000    -4.1241113    -1.5869842     0.8860847    10    11      0.097345+i*    -0.014736
  0.00000  0.00000  0.00000    -4.1241113     1.1932086     8.3140150    10    12     -0.913382+i*     0.138208
  0.33333  0.00000  0.00000    -4.5946561    -0.0464668     0.0001986     9    11      0.000011+i*    -0.000019
  0.33333  0.00000  0.00000    -2.8335705    -0.0464668     0.1947422    10    11      0.020068+i*     0.008092
  0.33333  0.00000  0.00000    -2.8335705     2.6619915     1.0172896    10    12     -0.104829+i*    -0.042275
  0.00000  0.33333  0.00000    -5.1496778    -1.5869842     0.0133619     9    11     -0.000767+i*    -0.001271
  0.00000  0.33333  0.00000    -3.1203342    -1.5869842     0.0010303    10    11      0.000096+i*    -0.000062
  0.00000  0.33333  0.00000    -3.1203342     1.1932086     0.0091085    10    12      0.000845+i*    -0.000557
  0.33333  0.33333  0.00000    -4.2052738    -0.0451223     0.0086820     9    11     -0.000873+i*    -0.000410
  0.33333  0.33333  0.00000    -2.8912559    -0.0451223     0.0117210    10    11     -0.000740+i*     0.001072
  0.33333  0.33333  0.00000    -2.8912559     2.6226298     0.0322671    10    12     -0.002117+i*     0.002894
 -0.33333  0.33333  0.00000    -4.4620760    -0.0464668     0.0067883     9    11     -0.000754+i*    -0.000026
 -0.33333  0.33333  0.00000    -3.2688503    -0.0464668     0.7558950    10    11     -0.067768+i*    -0.049613
 -0.33333  0.33333  0.00000    -3.2688503     2.6619915     0.0995154    10    12     -0.008967+i*    -0.006470
 -0.33333  0.00000  0.00000    -4.5946561    -0.0451223     0.0000463     9    11     -0.000003+i*    -0.000004
 -0.33333  0.00000  0.00000    -2.8335705    -0.0451223     0.4269056    10    11      0.034187+i*    -0.032882
 -0.33333  0.00000  0.00000    -2.8335705     2.6226298     2.1415416    10    12      0.169165+i*    -0.167341
  0.00000 -0.33333  0.00000    -5.1496778    -2.3708546     0.0065148     9    11     -0.000420+i*     0.000590
  0.00000 -0.33333  0.00000    -3.1203342    -2.3708546     0.0046732    10    11      0.000421+i*     0.000303
  0.00000 -0.33333  0.00000    -5.1496778     0.4107230     0.0411301     9    12      0.002648+i*    -0.003725
  0.00000 -0.33333  0.00000    -3.1203342     0.4107230     0.3613162    10    12     -0.032511+i*    -0.023554
  0.33333 -0.33333  0.00000    -4.4620760    -0.8328566     0.0004579     9    11     -0.000030+i*    -0.000041
  0.33333 -0.33333  0.00000    -3.2688503    -0.8328566     0.1786090    10    11     -0.018187+i*    -0.007941
  0.33333 -0.33333  0.00000    -3.2688503     1.9685811     2.0262786    10    12      0.206332+i*     0.090089
 -0.33333 -0.33333  0.00000    -4.2052738    -0.8328566     0.0171855     9    11     -0.000861+i*     0.001704
 -0.33333 -0.33333  0.00000    -2.8912559    -0.8328566     0.0331221    10    11     -0.003407+i*    -0.001392
 -0.33333 -0.33333  0.00000    -2.8912559     1.9685811     0.6296902    10    12      0.064770+i*     0.026457
    15BSE eigenvalue    2.34607982      IP-eigenvalue:    4.16015147
  0.00000  0.00000  0.00000    -6.0785256    -1.5869842     0.0004564     9    11     -0.000051+i*     0.000000
  0.00000  0.00000  0.00000    -4.1241113    -1.5869842     0.0770698    10    11     -0.008524+i*     0.000823
  0.00000  0.00000  0.00000    -4.1241113     1.1932086     0.7263381    10    12      0.080331+i*    -0.007751
  0.33333  0.00000  0.00000    -4.5946561    -0.0464668     0.0003517     9    11      0.000020+i*    -0.000034
  0.33333  0.00000  0.00000    -2.8335705    -0.0464668     0.0180778    10    11     -0.001822+i*    -0.000845
  0.33333  0.00000  0.00000    -2.8335705     2.6619915     0.0962669    10    12      0.009706+i*     0.004495
  0.00000  0.33333  0.00000    -5.1496778    -1.5869842     0.0010308     9    11      0.000053+i*     0.000102
  0.00000  0.33333  0.00000    -3.1203342    -1.5869842     0.0068808    10    11      0.000654+i*    -0.000397
  0.00000  0.33333  0.00000    -3.1203342     1.1932086     0.0482406    10    12      0.004582+i*    -0.002782
  0.33333  0.33333  0.00000    -4.2052738    -0.0451223     0.0007092     9    11      0.000069+i*     0.000038
  0.33333  0.33333  0.00000    -2.8912559    -0.0451223     0.0323418    10    11      0.001979+i*    -0.002999
  0.33333  0.33333  0.00000    -2.8912559     2.6226298     0.1381539    10    12      0.008627+i*    -0.012697
 -0.33333  0.33333  0.00000    -4.4620760    -0.0464668     0.0008934     9    11      0.000099+i*     0.000007
 -0.33333  0.33333  0.00000    -3.2688503    -0.0464668     8.8993366    10    11     -0.764308+i*    -0.627367
 -0.33333  0.33333  0.00000    -3.2688503     2.6619915     1.0657918    10    12     -0.091530+i*    -0.075139
 -0.33333  0.00000  0.00000    -4.5946561    -0.0451223     0.0023243     9    11      0.000204+i*     0.000159
 -0.33333  0.00000  0.00000    -2.8335705    -0.0451223     0.0344109    10    11     -0.002907+i*     0.002484
 -0.33333  0.00000  0.00000    -2.8335705     2.6226298     0.1738807    10    12     -0.014510+i*     0.012756
  0.00000 -0.33333  0.00000    -5.1496778    -2.3708546     0.0134790     9    11      0.000874+i*    -0.001216
  0.00000 -0.33333  0.00000    -3.1203342    -2.3708546     0.0004904    10    11     -0.000043+i*    -0.000034
  0.00000 -0.33333  0.00000    -5.1496778     0.4107230     0.0487576     9    12     -0.003182+i*     0.004384
  0.00000 -0.33333  0.00000    -3.1203342     0.4107230     0.0311885    10    12      0.002691+i*     0.002183
  0.33333 -0.33333  0.00000    -4.4620760    -0.8328566     0.0022994     9    11     -0.000123+i*    -0.000224
  0.33333 -0.33333  0.00000    -3.2688503    -0.8328566     0.0087085    10    11      0.000846+i*     0.000470
  0.33333 -0.33333  0.00000    -3.2688503     1.9685811     0.0978716    10    12     -0.009498+i*    -0.005296
 -0.33333 -0.33333  0.00000    -4.2052738    -0.8328566     0.2328487     9    11     -0.013087+i*     0.022318
 -0.33333 -0.33333  0.00000    -2.8912559    -0.8328566     0.0034781    10    11      0.000351+i*     0.000162
 -0.33333 -0.33333  0.00000    -2.8912559     1.9685811     0.0379224    10    12     -0.003765+i*    -0.001892
    16BSE eigenvalue    2.48994224      IP-eigenvalue:    4.31354279
  0.00000  0.00000  0.00000    -6.0785256    -1.5869842     0.0037154     9    11      0.000413+i*     0.000000
  0.00000  0.00000  0.00000    -4.1241113    -1.5869842     0.0002594    10    11      0.000029+i*    -0.000004
  0.00000  0.00000  0.00000    -4.1241113     1.1932086     0.0045879    10    12     -0.000504+i*     0.000075
  0.33333  0.00000  0.00000    -4.5946561    -0.0464668     0.0008474     9    11      0.000048+i*    -0.000081
  0.33333  0.00000  0.00000    -2.8335705    -0.0464668     0.0000421    10    11     -0.000004+i*    -0.000002
  0.33333  0.00000  0.00000    -2.8335705     2.6619915     0.0003929    10    12     -0.000042+i*    -0.000011
  0.00000  0.33333  0.00000    -5.1496778    -1.5869842     0.0018935     9    11      0.000111+i*     0.000179
  0.00000  0.33333  0.00000    -3.1203342    -1.5869842     0.0009846    10    11      0.000093+i*    -0.000057
  0.00000  0.33333  0.00000    -3.1203342     1.1932086     0.0002477    10    12     -0.000024+i*     0.000014
  0.33333  0.33333  0.00000    -4.2052738    -0.0451223     0.0004013     9    11     -0.000040+i*    -0.000019
  0.33333  0.33333  0.00000    -2.8912559    -0.0451223     0.0034694    10    11      0.000211+i*    -0.000323
  0.33333  0.33333  0.00000    -2.8912559     2.6226298     0.0214478    10    12      0.001333+i*    -0.001976
 -0.33333  0.33333  0.00000    -4.4620760    -0.0464668     0.0059691     9    11      0.000663+i*     0.000022
 -0.33333  0.33333  0.00000    -3.2688503    -0.0464668     0.2336744    10    11      0.020095+i*     0.016441
 -0.33333  0.33333  0.00000    -3.2688503     2.6619915     0.0162277    10    12      0.001395+i*     0.001142
 -0.33333  0.00000  0.00000    -4.5946561    -0.0451223     0.0603325     9    11      0.005299+i*     0.004105
 -0.33333  0.00000  0.00000    -2.8335705    -0.0451223     0.0018065    10    11     -0.000144+i*     0.000140
 -0.33333  0.00000  0.00000    -2.8335705     2.6226298     0.0061921    10    12     -0.000484+i*     0.000489
  0.00000 -0.33333  0.00000    -5.1496778    -2.3708546     0.0268890     9    11      0.001735+i*    -0.002432
  0.00000 -0.33333  0.00000    -3.1203342    -2.3708546     0.0000248    10    11      0.000002+i*     0.000002
  0.00000 -0.33333  0.00000    -5.1496778     0.4107230     0.0135745     9    12     -0.000879+i*     0.001225
  0.00000 -0.33333  0.00000    -3.1203342     0.4107230     0.0000930    10    12     -0.000008+i*    -0.000006
  0.33333 -0.33333  0.00000    -4.4620760    -0.8328566     0.0020910     9    11     -0.000113+i*    -0.000203
  0.33333 -0.33333  0.00000    -3.2688503    -0.8328566     0.0001002    10    11     -0.000010+i*    -0.000004
  0.33333 -0.33333  0.00000    -3.2688503     1.9685811     0.0004948    10    12      0.000051+i*     0.000020
 -0.33333 -0.33333  0.00000    -4.2052738    -0.8328566     8.9966655     9    11     -0.504231+i*     0.863140
 -0.33333 -0.33333  0.00000    -2.8912559    -0.8328566     0.0001868    10    11      0.000019+i*     0.000008
 -0.33333 -0.33333  0.00000    -2.8912559     1.9685811     0.0009216    10    12     -0.000095+i*    -0.000038
    17BSE eigenvalue    2.51558989      IP-eigenvalue:    4.41560920
  0.00000  0.00000  0.00000    -6.0785256    -1.5869842     0.0000870     9    11      0.000010+i*     0.000000
  0.00000  0.00000  0.00000    -4.1241113    -1.5869842     0.1249387    10    11      0.013836+i*    -0.001135
  0.00000  0.00000  0.00000    -4.1241113     1.1932086     1.5777932    10    12     -0.174724+i*     0.014325
  0.33333  0.00000  0.00000    -4.5946561    -0.0464668     0.0000298     9    11      0.000002+i*    -0.000003
  0.33333  0.00000  0.00000    -2.8335705    -0.0464668     0.2941015    10    11      0.029402+i*     0.014261
  0.33333  0.00000  0.00000    -2.8335705     2.6619915     2.3455457    10    12     -0.234489+i*    -0.113735
  0.00000  0.33333  0.00000    -5.1496778    -1.5869842     0.0115079     9    11      0.000581+i*     0.001139
  0.00000  0.33333  0.00000    -3.1203342    -1.5869842     0.0002847    10    11     -0.000027+i*     0.000016
  0.00000  0.33333  0.00000    -3.1203342     1.1932086     0.0130993    10    12     -0.001323+i*     0.000606
  0.33333  0.33333  0.00000    -4.2052738    -0.0451223     0.0070353     9    11      0.000683+i*     0.000380
  0.33333  0.33333  0.00000    -2.8912559    -0.0451223     0.0301530    10    11      0.002127+i*    -0.002589
  0.33333  0.33333  0.00000    -2.8912559     2.6226298     0.1848152    10    12      0.013305+i*    -0.015642
 -0.33333  0.33333  0.00000    -4.4620760    -0.0464668     0.0024783     9    11      0.000274+i*     0.000029
 -0.33333  0.33333  0.00000    -3.2688503    -0.0464668     0.0008317    10    11      0.000069+i*     0.000061
 -0.33333  0.33333  0.00000    -3.2688503     2.6619915     0.0076076    10    12     -0.000619+i*    -0.000576
 -0.33333  0.00000  0.00000    -4.5946561    -0.0451223     0.0000970     9    11      0.000008+i*     0.000008
 -0.33333  0.00000  0.00000    -2.8335705    -0.0451223     1.0861688    10    11     -0.092501+i*     0.077515
 -0.33333  0.00000  0.00000    -2.8335705     2.6226298     8.2373307    10    12     -0.693189+i*     0.597652
  0.00000 -0.33333  0.00000    -5.1496778    -2.3708546     0.0028548     9    11      0.000136+i*    -0.000287
  0.00000 -0.33333  0.00000    -3.1203342    -2.3708546     0.0005113    10    11      0.000044+i*     0.000036
  0.00000 -0.33333  0.00000    -5.1496778     0.4107230     0.0283751     9    12     -0.001448+i*     0.002801
  0.00000 -0.33333  0.00000    -3.1203342     0.4107230     0.0189386    10    12     -0.001613+i*    -0.001351
  0.33333 -0.33333  0.00000    -4.4620760    -0.8328566     0.0000586     9    11      0.000003+i*     0.000006
  0.33333 -0.33333  0.00000    -3.2688503    -0.8328566     0.1066370    10    11     -0.010506+i*    -0.005478
  0.33333 -0.33333  0.00000    -3.2688503     1.9685811     1.5590290    10    12      0.153602+i*     0.080084
 -0.33333 -0.33333  0.00000    -4.2052738    -0.8328566     0.0075197     9    11      0.000477+i*    -0.000686
 -0.33333 -0.33333  0.00000    -2.8912559    -0.8328566     0.0518960    10    11      0.005176+i*     0.002542
 -0.33333 -0.33333  0.00000    -2.8912559     1.9685811     1.1798939    10    12     -0.117674+i*    -0.057791
    18BSE eigenvalue    2.56673292      IP-eigenvalue:    4.49154140
  0.00000  0.00000  0.00000    -6.0785256    -1.5869842     0.0003532     9    11      0.000039+i*     0.000000
  0.00000  0.00000  0.00000    -4.1241113    -1.5869842     0.1501958    10    11      0.016553+i*    -0.002124
  0.00000  0.00000  0.00000    -4.1241113     1.1932086     2.0583466    10    12     -0.226846+i*     0.029105
  0.33333  0.00000  0.00000    -4.5946561    -0.0464668     0.0000259     9    11     -0.000002+i*     0.000002
  0.33333  0.00000  0.00000    -2.8335705    -0.0464668     0.9262525    10    11     -0.094562+i*    -0.040619
  0.33333  0.00000  0.00000    -2.8335705     2.6619915     8.1704473    10    12      0.834126+i*     0.358308
  0.00000  0.33333  0.00000    -5.1496778    -1.5869842     0.0624552     9    11      0.003431+i*     0.006032
  0.00000  0.33333  0.00000    -3.1203342    -1.5869842     0.0006503    10    11     -0.000061+i*     0.000038
  0.00000  0.33333  0.00000    -3.1203342     1.1932086     0.0021716    10    12     -0.000241+i*     0.000019
  0.33333  0.33333  0.00000    -4.2052738    -0.0451223     0.0077834     9    11      0.000774+i*     0.000387
  0.33333  0.33333  0.00000    -2.8912559    -0.0451223     0.0165652    10    11      0.001379+i*    -0.001219
  0.33333  0.33333  0.00000    -2.8912559     2.6226298     0.1113754    10    12      0.009590+i*    -0.007822
 -0.33333  0.33333  0.00000    -4.4620760    -0.0464668     0.0034068     9    11      0.000378+i*     0.000023
 -0.33333  0.33333  0.00000    -3.2688503    -0.0464668     0.0111574    10    11     -0.000970+i*    -0.000772
 -0.33333  0.33333  0.00000    -3.2688503     2.6619915     0.0114755    10    12      0.001037+i*     0.000741
 -0.33333  0.00000  0.00000    -4.5946561    -0.0451223     0.0000944     9    11      0.000006+i*     0.000008
 -0.33333  0.00000  0.00000    -2.8335705    -0.0451223     0.2754686    10    11     -0.022527+i*     0.020721
 -0.33333  0.00000  0.00000    -2.8335705     2.6226298     2.3113948    10    12     -0.186564+i*     0.176497
  0.00000 -0.33333  0.00000    -5.1496778    -2.3708546     0.0319020     9    11      0.001968+i*    -0.002948
  0.00000 -0.33333  0.00000    -3.1203342    -2.3708546     0.0007222    10    11      0.000064+i*     0.000048
  0.00000 -0.33333  0.00000    -5.1496778     0.4107230     0.3056981     9    12     -0.018947+i*     0.028191
  0.00000 -0.33333  0.00000    -3.1203342     0.4107230     0.0465441    10    12     -0.004119+i*    -0.003127
  0.33333 -0.33333  0.00000    -4.4620760    -0.8328566     0.0020171     9    11      0.000112+i*     0.000194
  0.33333 -0.33333  0.00000    -3.2688503    -0.8328566     0.1209006    10    11      0.012182+i*     0.005661
  0.33333 -0.33333  0.00000    -3.2688503     1.9685811     1.8795634    10    12     -0.189392+i*    -0.088005
 -0.33333 -0.33333  0.00000    -4.2052738    -0.8328566     0.0027885     9    11      0.000163+i*    -0.000263
 -0.33333 -0.33333  0.00000    -2.8912559    -0.8328566     0.0075532    10    11     -0.000769+i*    -0.000335
 -0.33333 -0.33333  0.00000    -2.8912559     1.9685811     0.2169684    10    12      0.022096+i*     0.009641
    19BSE eigenvalue    2.57220443      IP-eigenvalue:    4.54818925
  0.00000  0.00000  0.00000    -6.0785256    -1.5869842     0.0024899     9    11     -0.000277+i*     0.000000
  0.00000  0.00000  0.00000    -4.1241113    -1.5869842     0.0014614    10    11      0.000155+i*     0.000048
  0.00000  0.00000  0.00000    -4.1241113     1.1932086     0.0108951    10    12     -0.000847+i*    -0.000865
  0.33333  0.00000  0.00000    -4.5946561    -0.0464668     0.0008463     9    11     -0.000048+i*     0.000081
  0.33333  0.00000  0.00000    -2.8335705    -0.0464668     0.0060137    10    11     -0.000390+i*    -0.000542
  0.33333  0.00000  0.00000    -2.8335705     2.6619915     0.0672254    10    12      0.005079+i*     0.005477
  0.00000  0.33333  0.00000    -5.1496778    -1.5869842     0.0410252     9    11      0.002327+i*     0.003920
  0.00000  0.33333  0.00000    -3.1203342    -1.5869842     0.0077596    10    11      0.000736+i*    -0.000449
  0.00000  0.33333  0.00000    -3.1203342     1.1932086     0.3789557    10    12     -0.035960+i*     0.021905
  0.33333  0.33333  0.00000    -4.2052738    -0.0451223     0.0039187     9    11      0.000393+i*     0.000188
  0.33333  0.33333  0.00000    -2.8912559    -0.0451223     1.0775648    10    11      0.065506+i*    -0.100220
  0.33333  0.33333  0.00000    -2.8912559     2.6226298     8.0682212    10    12      0.500955+i*    -0.743439
 -0.33333  0.33333  0.00000    -4.4620760    -0.0464668     0.0037582     9    11      0.000417+i*     0.000016
 -0.33333  0.33333  0.00000    -3.2688503    -0.0464668     0.1495899    10    11      0.012874+i*     0.010513
 -0.33333  0.33333  0.00000    -3.2688503     2.6619915     0.3862093    10    12     -0.033233+i*    -0.027148
 -0.33333  0.00000  0.00000    -4.5946561    -0.0451223     0.0059311     9    11      0.000521+i*     0.000403
 -0.33333  0.00000  0.00000    -2.8335705    -0.0451223     0.0171999    10    11      0.001202+i*    -0.001486
 -0.33333  0.00000  0.00000    -2.8335705     2.6226298     0.1444316    10    12      0.009901+i*    -0.012630
  0.00000 -0.33333  0.00000    -5.1496778    -2.3708546     0.3880720     9    11     -0.025040+i*     0.035103
  0.00000 -0.33333  0.00000    -3.1203342    -2.3708546     0.0001381    10    11     -0.000013+i*    -0.000009
  0.00000 -0.33333  0.00000    -5.1496778     0.4107230     3.7742708     9    12      0.244626+i*    -0.340623
  0.00000 -0.33333  0.00000    -3.1203342     0.4107230     0.0054469    10    12      0.000505+i*     0.000334
  0.33333 -0.33333  0.00000    -4.4620760    -0.8328566     0.0272987     9    11     -0.001473+i*    -0.002651
  0.33333 -0.33333  0.00000    -3.2688503    -0.8328566     0.0042051    10    11      0.000410+i*     0.000224
  0.33333 -0.33333  0.00000    -3.2688503     1.9685811     0.0555027    10    12     -0.005368+i*    -0.003036
 -0.33333 -0.33333  0.00000    -4.2052738    -0.8328566     0.0159464     9    11      0.000894+i*    -0.001530
 -0.33333 -0.33333  0.00000    -2.8912559    -0.8328566     0.0000798    10    11      0.000007+i*     0.000006
 -0.33333 -0.33333  0.00000    -2.8912559     1.9685811     0.0048552    10    12      0.000515+i*     0.000161
    20BSE eigenvalue    2.59546082      IP-eigenvalue:    4.54953373
  0.00000  0.00000  0.00000    -6.0785256    -1.5869842     0.0078340     9    11     -0.000870+i*     0.000000
  0.00000  0.00000  0.00000    -4.1241113    -1.5869842     0.0038322    10    11      0.000422+i*    -0.000057
  0.00000  0.00000  0.00000    -4.1241113     1.1932086     0.0214291    10    12     -0.002366+i*     0.000264
  0.33333  0.00000  0.00000    -4.5946561    -0.0464668     0.0042975     9    11     -0.000241+i*     0.000412
  0.33333  0.00000  0.00000    -2.8335705    -0.0464668     0.0282336    10    11     -0.002903+i*    -0.001189
  0.33333  0.00000  0.00000    -2.8335705     2.6619915     0.2888265    10    12      0.029704+i*     0.012147
  0.00000  0.33333  0.00000    -5.1496778    -1.5869842     0.0994441     9    11      0.005703+i*     0.009464
  0.00000  0.33333  0.00000    -3.1203342    -1.5869842     0.0043767    10    11      0.000415+i*    -0.000253
  0.00000  0.33333  0.00000    -3.1203342     1.1932086     0.1717685    10    12     -0.016306+i*     0.009918
  0.33333  0.33333  0.00000    -4.2052738    -0.0451223     0.0084983     9    11      0.000855+i*     0.000400
  0.33333  0.33333  0.00000    -2.8912559    -0.0451223     0.4769105    10    11     -0.028973+i*     0.044368
  0.33333  0.33333  0.00000    -2.8912559     2.6226298     3.7503197    10    12     -0.232707+i*     0.345670
 -0.33333  0.33333  0.00000    -4.4620760    -0.0464668     0.0075739     9    11      0.000841+i*     0.000029
 -0.33333  0.33333  0.00000    -3.2688503    -0.0464668     0.1521083    10    11     -0.013085+i*    -0.010697
 -0.33333  0.33333  0.00000    -3.2688503     2.6619915     0.4301054    10    12      0.037000+i*     0.030247
 -0.33333  0.00000  0.00000    -4.5946561    -0.0451223     0.0019518     9    11      0.000172+i*     0.000132
 -0.33333  0.00000  0.00000    -2.8335705    -0.0451223     0.0192121    10    11     -0.001560+i*     0.001457
 -0.33333  0.00000  0.00000    -2.8335705     2.6226298     0.1937080    10    12     -0.015493+i*     0.014940
  0.00000 -0.33333  0.00000    -5.1496778    -2.3708546     0.8036292     9    11     -0.051851+i*     0.072695
  0.00000 -0.33333  0.00000    -3.1203342    -2.3708546     0.0009879    10    11     -0.000089+i*    -0.000064
  0.00000 -0.33333  0.00000    -5.1496778     0.4107230     8.1049548     9    12      0.525294+i*    -0.731476
  0.00000 -0.33333  0.00000    -3.1203342     0.4107230     0.0063868    10    12     -0.000576+i*    -0.000415
  0.33333 -0.33333  0.00000    -4.4620760    -0.8328566     0.0014031     9    11      0.000077+i*     0.000136
  0.33333 -0.33333  0.00000    -3.2688503    -0.8328566     0.0024090    10    11      0.000245+i*     0.000108
  0.33333 -0.33333  0.00000    -3.2688503     1.9685811     0.0042239    10    12     -0.000424+i*    -0.000202
 -0.33333 -0.33333  0.00000    -4.2052738    -0.8328566     0.0267571     9    11     -0.001499+i*     0.002568
 -0.33333 -0.33333  0.00000    -2.8912559    -0.8328566     0.0009716    10    11      0.000100+i*     0.000042
 -0.33333 -0.33333  0.00000    -2.8912559     1.9685811     0.0206080    10    12      0.002128+i*     0.000846
    21BSE eigenvalue    2.67905883      IP-eigenvalue:    4.85983696
  0.00000  0.00000  0.00000    -6.0785256    -1.5869842     0.0001437     9    11     -0.000016+i*     0.000000
  0.00000  0.00000  0.00000    -4.1241113    -1.5869842     0.0008561    10    11     -0.000094+i*     0.000014
  0.00000  0.00000  0.00000    -4.1241113     1.1932086     0.0017035    10    12     -0.000187+i*     0.000028
  0.33333  0.00000  0.00000    -4.5946561    -0.0464668     0.0003946     9    11     -0.000022+i*     0.000038
  0.33333  0.00000  0.00000    -2.8335705    -0.0464668     0.0055231    10    11     -0.000569+i*    -0.000229
  0.33333  0.00000  0.00000    -2.8335705     2.6619915     0.0618910    10    12      0.006378+i*     0.002571
  0.00000  0.33333  0.00000    -5.1496778    -1.5869842     8.9990470     9    11     -0.516165+i*    -0.856366
  0.00000  0.33333  0.00000    -3.1203342    -1.5869842     0.0000757    10    11     -0.000007+i*     0.000004
  0.00000  0.33333  0.00000    -3.1203342     1.1932086     0.0029054    10    12     -0.000276+i*     0.000168
  0.33333  0.33333  0.00000    -4.2052738    -0.0451223     0.0250694     9    11     -0.002521+i*    -0.001184
  0.33333  0.33333  0.00000    -2.8912559    -0.0451223     0.0002600    10    11     -0.000016+i*     0.000024
  0.33333  0.33333  0.00000    -2.8912559     2.6226298     0.0036180    10    12     -0.000225+i*     0.000333
 -0.33333  0.33333  0.00000    -4.4620760    -0.0464668     0.0171148     9    11     -0.001901+i*    -0.000064
 -0.33333  0.33333  0.00000    -3.2688503    -0.0464668     0.0006575    10    11     -0.000057+i*    -0.000046
 -0.33333  0.33333  0.00000    -3.2688503     2.6619915     0.0017410    10    12      0.000150+i*     0.000123
 -0.33333  0.00000  0.00000    -4.5946561    -0.0451223     0.0002931     9    11      0.000026+i*     0.000020
 -0.33333  0.00000  0.00000    -2.8335705    -0.0451223     0.0033247    10    11     -0.000267+i*     0.000256
 -0.33333  0.00000  0.00000    -2.8335705     2.6226298     0.0312901    10    12     -0.002475+i*     0.002442
  0.00000 -0.33333  0.00000    -5.1496778    -2.3708546     0.0184439     9    11     -0.001190+i*     0.001668
  0.00000 -0.33333  0.00000    -3.1203342    -2.3708546     0.0122598    10    11      0.001105+i*     0.000796
  0.00000 -0.33333  0.00000    -5.1496778     0.4107230     0.1037757     9    12      0.006727+i*    -0.009365
  0.00000 -0.33333  0.00000    -3.1203342     0.4107230     0.0032113    10    12      0.000289+i*     0.000209
  0.33333 -0.33333  0.00000    -4.4620760    -0.8328566     0.0067002     9    11     -0.000361+i*    -0.000651
  0.33333 -0.33333  0.00000    -3.2688503    -0.8328566     0.0018246    10    11     -0.000186+i*    -0.000081
  0.33333 -0.33333  0.00000    -3.2688503     1.9685811     0.0038075    10    12     -0.000388+i*    -0.000169
 -0.33333 -0.33333  0.00000    -4.2052738    -0.8328566     0.0021153     9    11     -0.000121+i*     0.000201
 -0.33333 -0.33333  0.00000    -2.8912559    -0.8328566     0.0016060    10    11     -0.000165+i*    -0.000067
 -0.33333 -0.33333  0.00000    -2.8912559     1.9685811     0.0032987    10    12      0.000340+i*     0.000138
    22BSE eigenvalue    2.74586800      IP-eigenvalue:    5.23743139
  0.00000  0.00000  0.00000    -6.0785256    -1.5869842     0.0046962     9    11      0.000522+i*     0.000000
  0.00000  0.00000  0.00000    -4.1241113    -1.5869842     0.0000142    10    11     -0.000002+i*    -0.000000
  0.00000  0.00000  0.00000    -4.1241113     1.1932086     0.0001921    10    12      0.000019+i*    -0.000009
  0.33333  0.00000  0.00000    -4.5946561    -0.0464668     0.0745094     9    11     -0.004179+i*     0.007146
  0.33333  0.00000  0.00000    -2.8335705    -0.0464668     0.0004726    10    11     -0.000049+i*    -0.000020
  0.33333  0.00000  0.00000    -2.8335705     2.6619915     0.0018345    10    12     -0.000190+i*    -0.000075
  0.00000  0.33333  0.00000    -5.1496778    -1.5869842     0.0066528     9    11     -0.000382+i*    -0.000633
  0.00000  0.33333  0.00000    -3.1203342    -1.5869842     0.0010619    10    11      0.000101+i*    -0.000061
  0.00000  0.33333  0.00000    -3.1203342     1.1932086     0.0013748    10    12     -0.000131+i*     0.000079
  0.33333  0.33333  0.00000    -4.2052738    -0.0451223     0.0118015     9    11      0.001187+i*     0.000557
  0.33333  0.33333  0.00000    -2.8912559    -0.0451223     0.0403373    10    11     -0.002455+i*     0.003750
  0.33333  0.33333  0.00000    -2.8912559     2.6226298     0.0322155    10    12      0.002003+i*    -0.002967
 -0.33333  0.33333  0.00000    -4.4620760    -0.0464668     0.0004927     9    11     -0.000055+i*    -0.000002
 -0.33333  0.33333  0.00000    -3.2688503    -0.0464668     0.0043820    10    11     -0.000377+i*    -0.000309
 -0.33333  0.33333  0.00000    -3.2688503     2.6619915     0.0199501    10    12      0.001715+i*     0.001405
 -0.33333  0.00000  0.00000    -4.5946561    -0.0451223     0.0006159     9    11     -0.000054+i*    -0.000042
 -0.33333  0.00000  0.00000    -2.8335705    -0.0451223     0.0000403    10    11      0.000003+i*    -0.000003
 -0.33333  0.00000  0.00000    -2.8335705     2.6226298     0.0011008    10    12      0.000085+i*    -0.000088
  0.00000 -0.33333  0.00000    -5.1496778    -2.3708546     0.0164441     9    11      0.001061+i*    -0.001487
  0.00000 -0.33333  0.00000    -3.1203342    -2.3708546     0.0000292    10    11      0.000003+i*     0.000002
  0.00000 -0.33333  0.00000    -5.1496778     0.4107230     0.0115540     9    12      0.000749+i*    -0.001043
  0.00000 -0.33333  0.00000    -3.1203342     0.4107230     0.0000448    10    12      0.000004+i*     0.000003
  0.33333 -0.33333  0.00000    -4.4620760    -0.8328566     8.9994858     9    11      0.484820+i*     0.874549
  0.33333 -0.33333  0.00000    -3.2688503    -0.8328566     0.0001144    10    11      0.000012+i*     0.000005
  0.33333 -0.33333  0.00000    -3.2688503     1.9685811     0.0002169    10    12      0.000022+i*     0.000010
 -0.33333 -0.33333  0.00000    -4.2052738    -0.8328566     0.0020886     9    11     -0.000117+i*     0.000200
 -0.33333 -0.33333  0.00000    -2.8912559    -0.8328566     0.0000353    10    11     -0.000004+i*    -0.000001
 -0.33333 -0.33333  0.00000    -2.8912559     1.9685811     0.0000688    10    12     -0.000007+i*    -0.000003
    23BSE eigenvalue    2.97857371      IP-eigenvalue:    5.31731987
  0.00000  0.00000  0.00000    -6.0785256    -1.5869842     0.0070368     9    11     -0.000782+i*     0.000000
  0.00000  0.00000  0.00000    -4.1241113    -1.5869842     0.0004898    10    11     -0.000054+i*     0.000002
  0.00000  0.00000  0.00000    -4.1241113     1.1932086     0.0142718    10    12      0.001582+i*    -0.000104
  0.33333  0.00000  0.00000    -4.5946561    -0.0464668     0.0031120     9    11      0.000175+i*    -0.000298
  0.33333  0.00000  0.00000    -2.8335705    -0.0464668     0.0014870    10    11     -0.000153+i*    -0.000061
  0.33333  0.00000  0.00000    -2.8335705     2.6619915     0.0356389    10    12      0.003677+i*     0.001469
  0.00000  0.33333  0.00000    -5.1496778    -1.5869842     0.0014217     9    11      0.000082+i*     0.000135
  0.00000  0.33333  0.00000    -3.1203342    -1.5869842     0.0020927    10    11     -0.000199+i*     0.000121
  0.00000  0.33333  0.00000    -3.1203342     1.1932086     0.2124210    10    12      0.020161+i*    -0.012272
  0.33333  0.33333  0.00000    -4.2052738    -0.0451223     0.0005190     9    11     -0.000052+i*    -0.000024
  0.33333  0.33333  0.00000    -2.8912559    -0.0451223     0.0369838    10    11     -0.002250+i*     0.003438
  0.33333  0.33333  0.00000    -2.8912559     2.6226298     0.5443506    10    12     -0.033829+i*     0.050138
 -0.33333  0.33333  0.00000    -4.4620760    -0.0464668     0.0005009     9    11     -0.000056+i*    -0.000002
 -0.33333  0.33333  0.00000    -3.2688503    -0.0464668     1.0600343    10    11      0.091144+i*     0.074601
 -0.33333  0.33333  0.00000    -3.2688503     2.6619915     8.9147081    10    12     -0.766508+i*    -0.627377
 -0.33333  0.00000  0.00000    -4.5946561    -0.0451223     0.0006204     9    11      0.000055+i*     0.000042
 -0.33333  0.00000  0.00000    -2.8335705    -0.0451223     0.0008569    10    11     -0.000068+i*     0.000067
 -0.33333  0.00000  0.00000    -2.8335705     2.6226298     0.0148625    10    12     -0.001162+i*     0.001174
  0.00000 -0.33333  0.00000    -5.1496778    -2.3708546     0.0147800     9    11     -0.000954+i*     0.001337
  0.00000 -0.33333  0.00000    -3.1203342    -2.3708546     0.0001965    10    11     -0.000018+i*    -0.000013
  0.00000 -0.33333  0.00000    -5.1496778     0.4107230     0.2403295     9    12      0.015581+i*    -0.021686
  0.00000 -0.33333  0.00000    -3.1203342     0.4107230     0.0061584    10    12     -0.000557+i*    -0.000398
  0.33333 -0.33333  0.00000    -4.4620760    -0.8328566     0.0218539     9    11      0.001178+i*     0.002123
  0.33333 -0.33333  0.00000    -3.2688503    -0.8328566     0.0003906    10    11     -0.000040+i*    -0.000016
  0.33333 -0.33333  0.00000    -3.2688503     1.9685811     0.0292217    10    12      0.002988+i*     0.001271
 -0.33333 -0.33333  0.00000    -4.2052738    -0.8328566     0.0097260     9    11      0.000545+i*    -0.000933
 -0.33333 -0.33333  0.00000    -2.8912559    -0.8328566     0.0001478    10    11     -0.000015+i*    -0.000006
 -0.33333 -0.33333  0.00000    -2.8912559     1.9685811     0.0171242    10    12      0.001761+i*     0.000720
    24BSE eigenvalue    3.27695238      IP-eigenvalue:    5.45620037
  0.00000  0.00000  0.00000    -6.0785256    -1.5869842     0.0005585     9    11     -0.000062+i*     0.000000
  0.00000  0.00000  0.00000    -4.1241113    -1.5869842     0.0003064    10    11      0.000034+i*    -0.000005
  0.00000  0.00000  0.00000    -4.1241113     1.1932086     0.0050433    10    12     -0.000554+i*     0.000084
  0.33333  0.00000  0.00000    -4.5946561    -0.0464668     0.0001388     9    11     -0.000008+i*     0.000013
  0.33333  0.00000  0.00000    -2.8335705    -0.0464668     0.0009362    10    11      0.000096+i*     0.000039
  0.33333  0.00000  0.00000    -2.8335705     2.6619915     0.0054378    10    12     -0.000560+i*    -0.000226
  0.00000  0.33333  0.00000    -5.1496778    -1.5869842     0.0252463     9    11     -0.001449+i*    -0.002402
  0.00000  0.33333  0.00000    -3.1203342    -1.5869842     0.0000268    10    11      0.000003+i*    -0.000002
  0.00000  0.33333  0.00000    -3.1203342     1.1932086     0.0000924    10    12      0.000009+i*    -0.000005
  0.33333  0.33333  0.00000    -4.2052738    -0.0451223     8.9999190     9    11      0.905301+i*     0.424749
  0.33333  0.33333  0.00000    -2.8912559    -0.0451223     0.0002304    10    11     -0.000014+i*     0.000021
  0.33333  0.33333  0.00000    -2.8912559     2.6226298     0.0003204    10    12     -0.000020+i*     0.000030
 -0.33333  0.33333  0.00000    -4.4620760    -0.0464668     0.0022954     9    11     -0.000255+i*    -0.000009
 -0.33333  0.33333  0.00000    -3.2688503    -0.0464668     0.0001393    10    11      0.000012+i*     0.000010
 -0.33333  0.33333  0.00000    -3.2688503     2.6619915     0.0007934    10    12     -0.000068+i*    -0.000056
 -0.33333  0.00000  0.00000    -4.5946561    -0.0451223     0.0007930     9    11     -0.000071+i*    -0.000053
 -0.33333  0.00000  0.00000    -2.8335705    -0.0451223     0.0004217    10    11      0.000034+i*    -0.000033
 -0.33333  0.00000  0.00000    -2.8335705     2.6226298     0.0115877    10    12      0.000916+i*    -0.000905
  0.00000 -0.33333  0.00000    -5.1496778    -2.3708546     0.0007214     9    11      0.000047+i*    -0.000065
  0.00000 -0.33333  0.00000    -3.1203342    -2.3708546     0.0006318    10    11     -0.000057+i*    -0.000041
  0.00000 -0.33333  0.00000    -5.1496778     0.4107230     0.0086983     9    12     -0.000565+i*     0.000784
  0.00000 -0.33333  0.00000    -3.1203342     0.4107230     0.0007382    10    12      0.000067+i*     0.000048
  0.33333 -0.33333  0.00000    -4.4620760    -0.8328566     0.0118128     9    11     -0.000637+i*    -0.001148
  0.33333 -0.33333  0.00000    -3.2688503    -0.8328566     0.0188922    10    11      0.001923+i*     0.000841
  0.33333 -0.33333  0.00000    -3.2688503     1.9685811     0.0056674    10    12      0.000577+i*     0.000252
 -0.33333 -0.33333  0.00000    -4.2052738    -0.8328566     0.0003993     9    11     -0.000022+i*     0.000038
 -0.33333 -0.33333  0.00000    -2.8912559    -0.8328566     0.0000706    10    11      0.000007+i*     0.000003
 -0.33333 -0.33333  0.00000    -2.8912559     1.9685811     0.0041319    10    12     -0.000425+i*    -0.000174
    25BSE eigenvalue    3.53200142      IP-eigenvalue:    5.49556207
  0.00000  0.00000  0.00000    -6.0785256    -1.5869842     0.0046279     9    11      0.000514+i*     0.000000
  0.00000  0.00000  0.00000    -4.1241113    -1.5869842     0.0000956    10    11     -0.000010+i*     0.000002
  0.00000  0.00000  0.00000    -4.1241113     1.1932086     0.0070992    10    12      0.000780+i*    -0.000120
  0.33333  0.00000  0.00000    -4.5946561    -0.0464668     0.0026880     9    11     -0.000150+i*     0.000258
  0.33333  0.00000  0.00000    -2.8335705    -0.0464668     0.0001499    10    11     -0.000015+i*    -0.000006
  0.33333  0.00000  0.00000    -2.8335705     2.6619915     0.0061975    10    12      0.000639+i*     0.000256
  0.00000  0.33333  0.00000    -5.1496778    -1.5869842     0.0172729     9    11      0.000995+i*     0.001641
  0.00000  0.33333  0.00000    -3.1203342    -1.5869842     0.0000234    10    11     -0.000002+i*     0.000001
  0.00000  0.33333  0.00000    -3.1203342     1.1932086     0.0000225    10    12      0.000002+i*    -0.000001
  0.33333  0.33333  0.00000    -4.2052738    -0.0451223     0.0022322     9    11     -0.000225+i*    -0.000105
  0.33333  0.33333  0.00000    -2.8912559    -0.0451223     0.0000560    10    11      0.000003+i*    -0.000005
  0.33333  0.33333  0.00000    -2.8912559     2.6226298     0.0004569    10    12      0.000028+i*    -0.000042
 -0.33333  0.33333  0.00000    -4.4620760    -0.0464668     8.9999557     9    11     -0.999511+i*    -0.031101
 -0.33333  0.33333  0.00000    -3.2688503    -0.0464668     0.0002118    10    11     -0.000018+i*    -0.000015
 -0.33333  0.33333  0.00000    -3.2688503     2.6619915     0.0007212    10    12      0.000062+i*     0.000051
 -0.33333  0.00000  0.00000    -4.5946561    -0.0451223     0.0004352     9    11     -0.000038+i*    -0.000030
 -0.33333  0.00000  0.00000    -2.8335705    -0.0451223     0.0007232    10    11     -0.000058+i*     0.000056
 -0.33333  0.00000  0.00000    -2.8335705     2.6226298     0.0040677    10    12     -0.000321+i*     0.000319
  0.00000 -0.33333  0.00000    -5.1496778    -2.3708546     0.0005768     9    11     -0.000037+i*     0.000052
  0.00000 -0.33333  0.00000    -3.1203342    -2.3708546     0.0006057    10    11      0.000055+i*     0.000039
  0.00000 -0.33333  0.00000    -5.1496778     0.4107230     0.0080110     9    12      0.000517+i*    -0.000724
  0.00000 -0.33333  0.00000    -3.1203342     0.4107230     0.0007010    10    12     -0.000063+i*    -0.000046
  0.33333 -0.33333  0.00000    -4.4620760    -0.8328566     0.0005140     9    11     -0.000028+i*    -0.000050
  0.33333 -0.33333  0.00000    -3.2688503    -0.8328566     0.0000880    10    11     -0.000009+i*    -0.000004
  0.33333 -0.33333  0.00000    -3.2688503     1.9685811     0.0070250    10    12      0.000716+i*     0.000311
 -0.33333 -0.33333  0.00000    -4.2052738    -0.8328566     0.0059862     9    11     -0.000334+i*     0.000575
 -0.33333 -0.33333  0.00000    -2.8912559    -0.8328566     0.0141079    10    11     -0.001452+i*    -0.000590
 -0.33333 -0.33333  0.00000    -2.8912559     1.9685811     0.0030238    10    12     -0.000311+i*    -0.000126
    26BSE eigenvalue    3.60785276      IP-eigenvalue:    5.51388569
  0.00000  0.00000  0.00000    -6.0785256    -1.5869842     8.9917348     9    11     -0.999082+i*     0.000000
  0.00000  0.00000  0.00000    -4.1241113    -1.5869842     0.0000257    10    11      0.000003+i*    -0.000000
  0.00000  0.00000  0.00000    -4.1241113     1.1932086     0.0000949    10    12      0.000010+i*    -0.000002
  0.33333  0.00000  0.00000    -4.5946561    -0.0464668     0.2725832     9    11      0.015282+i*    -0.026149
  0.33333  0.00000  0.00000    -2.8335705    -0.0464668     0.0000280    10    11      0.000003+i*     0.000001
  0.33333  0.00000  0.00000    -2.8335705     2.6619915     0.0000881    10    12      0.000009+i*     0.000004
  0.00000  0.33333  0.00000    -5.1496778    -1.5869842     0.0000746     9    11      0.000004+i*     0.000007
  0.00000  0.33333  0.00000    -3.1203342    -1.5869842     0.0003122    10    11     -0.000030+i*     0.000018
  0.00000  0.33333  0.00000    -3.1203342     1.1932086     0.0001056    10    12     -0.000010+i*     0.000006
  0.33333  0.33333  0.00000    -4.2052738    -0.0451223     0.0005773     9    11     -0.000058+i*    -0.000027
  0.33333  0.33333  0.00000    -2.8912559    -0.0451223     0.0001955    10    11      0.000012+i*    -0.000018
  0.33333  0.33333  0.00000    -2.8912559     2.6226298     0.0015297    10    12      0.000095+i*    -0.000141
 -0.33333  0.33333  0.00000    -4.4620760    -0.0464668     0.0046959     9    11     -0.000522+i*    -0.000016
 -0.33333  0.33333  0.00000    -3.2688503    -0.0464668     0.0002305    10    11     -0.000020+i*    -0.000016
 -0.33333  0.33333  0.00000    -3.2688503     2.6619915     0.0068002    10    12      0.000585+i*     0.000479
 -0.33333  0.00000  0.00000    -4.5946561    -0.0451223     0.2690719     9    11     -0.023635+i*    -0.018309
 -0.33333  0.00000  0.00000    -2.8335705    -0.0451223     0.0000244    10    11      0.000002+i*    -0.000002
 -0.33333  0.00000  0.00000    -2.8335705     2.6226298     0.0000689    10    12     -0.000005+i*     0.000005
  0.00000 -0.33333  0.00000    -5.1496778    -2.3708546     0.0412547     9    11     -0.002662+i*     0.003732
  0.00000 -0.33333  0.00000    -3.1203342    -2.3708546     0.0001138    10    11      0.000010+i*     0.000007
  0.00000 -0.33333  0.00000    -5.1496778     0.4107230     0.0122399     9    12     -0.000793+i*     0.001105
  0.00000 -0.33333  0.00000    -3.1203342     0.4107230     0.0000790    10    12      0.000007+i*     0.000005
  0.33333 -0.33333  0.00000    -4.4620760    -0.8328566     0.0070012     9    11      0.000377+i*     0.000680
  0.33333 -0.33333  0.00000    -3.2688503    -0.8328566     0.0000436    10    11      0.000004+i*     0.000002
  0.33333 -0.33333  0.00000    -3.2688503     1.9685811     0.0000428    10    12      0.000004+i*     0.000003
 -0.33333 -0.33333  0.00000    -4.2052738    -0.8328566     0.0055917     9    11     -0.000313+i*     0.000536
 -0.33333 -0.33333  0.00000    -2.8912559    -0.8328566     0.0000071    10    11     -0.000001+i*    -0.000000
 -0.33333 -0.33333  0.00000    -2.8912559     1.9685811     0.0001173    10    12     -0.000012+i*    -0.000005
    27BSE eigenvalue    3.66381682      IP-eigenvalue:    5.56040079
  0.00000  0.00000  0.00000    -6.0785256    -1.5869842     0.2406434     9    11      0.026738+i*     0.000000
  0.00000  0.00000  0.00000    -4.1241113    -1.5869842     0.0000230    10    11      0.000003+i*    -0.000000
  0.00000  0.00000  0.00000    -4.1241113     1.1932086     0.0001143    10    12      0.000013+i*    -0.000002
  0.33333  0.00000  0.00000    -4.5946561    -0.0464668     8.9389462     9    11      0.501147+i*    -0.857514
  0.33333  0.00000  0.00000    -2.8335705    -0.0464668     0.0000225    10    11      0.000002+i*     0.000001
  0.33333  0.00000  0.00000    -2.8335705     2.6619915     0.0001305    10    12      0.000013+i*     0.000005
  0.00000  0.33333  0.00000    -5.1496778    -1.5869842     0.0003659     9    11     -0.000021+i*    -0.000035
  0.00000  0.33333  0.00000    -3.1203342    -1.5869842     0.0000529    10    11      0.000005+i*    -0.000003
  0.00000  0.33333  0.00000    -3.1203342     1.1932086     0.0017204    10    12      0.000163+i*    -0.000099
  0.33333  0.33333  0.00000    -4.2052738    -0.0451223     0.0003429     9    11      0.000034+i*     0.000016
  0.33333  0.33333  0.00000    -2.8912559    -0.0451223     0.0004414    10    11      0.000027+i*    -0.000041
  0.33333  0.33333  0.00000    -2.8912559     2.6226298     0.0012129    10    12     -0.000075+i*     0.000112
 -0.33333  0.33333  0.00000    -4.4620760    -0.0464668     0.0026014     9    11     -0.000289+i*    -0.000010
 -0.33333  0.33333  0.00000    -3.2688503    -0.0464668     0.0000414    10    11     -0.000004+i*    -0.000003
 -0.33333  0.33333  0.00000    -3.2688503     2.6619915     0.0034081    10    12      0.000293+i*     0.000240
 -0.33333  0.00000  0.00000    -4.5946561    -0.0451223     1.0157575     9    11      0.089222+i*     0.069118
 -0.33333  0.00000  0.00000    -2.8335705    -0.0451223     0.0000207    10    11      0.000002+i*    -0.000002
 -0.33333  0.00000  0.00000    -2.8335705     2.6226298     0.0000817    10    12     -0.000006+i*     0.000006
  0.00000 -0.33333  0.00000    -5.1496778    -2.3708546     0.0011461     9    11     -0.000074+i*     0.000104
  0.00000 -0.33333  0.00000    -3.1203342    -2.3708546     0.0000030    10    11     -0.000000+i*    -0.000000
  0.00000 -0.33333  0.00000    -5.1496778     0.4107230     0.0039465     9    12      0.000256+i*    -0.000356
  0.00000 -0.33333  0.00000    -3.1203342     0.4107230     0.0000359    10    12      0.000003+i*     0.000002
  0.33333 -0.33333  0.00000    -4.4620760    -0.8328566     0.0739492     9    11      0.003986+i*     0.007185
  0.33333 -0.33333  0.00000    -3.2688503    -0.8328566     0.0001929    10    11     -0.000020+i*    -0.000009
  0.33333 -0.33333  0.00000    -3.2688503     1.9685811     0.0001359    10    12     -0.000014+i*    -0.000006
 -0.33333 -0.33333  0.00000    -4.2052738    -0.8328566     0.0077270     9    11      0.000433+i*    -0.000741
 -0.33333 -0.33333  0.00000    -2.8912559    -0.8328566     0.0000390    10    11      0.000004+i*     0.000002
 -0.33333 -0.33333  0.00000    -2.8912559     1.9685811     0.0000432    10    12      0.000004+i*     0.000002
    28BSE eigenvalue    3.66479007      IP-eigenvalue:    5.93084182
  0.00000  0.00000  0.00000    -6.0785256    -1.5869842     0.2980609     9    11     -0.033118+i*     0.000000
  0.00000  0.00000  0.00000    -4.1241113    -1.5869842     0.0000300    10    11     -0.000003+i*     0.000000
  0.00000  0.00000  0.00000    -4.1241113     1.1932086     0.0001940    10    12     -0.000021+i*     0.000003
  0.33333  0.00000  0.00000    -4.5946561    -0.0464668     1.0076411     9    11     -0.056492+i*     0.096663
  0.33333  0.00000  0.00000    -2.8335705    -0.0464668     0.0000312    10    11     -0.000003+i*    -0.000001
  0.33333  0.00000  0.00000    -2.8335705     2.6619915     0.0002387    10    12     -0.000025+i*    -0.000010
  0.00000  0.33333  0.00000    -5.1496778    -1.5869842     0.0002719     9    11      0.000016+i*     0.000026
  0.00000  0.33333  0.00000    -3.1203342    -1.5869842     0.0000677    10    11      0.000006+i*    -0.000004
  0.00000  0.33333  0.00000    -3.1203342     1.1932086     0.0005225    10    12     -0.000050+i*     0.000030
  0.33333  0.33333  0.00000    -4.2052738    -0.0451223     0.0007416     9    11      0.000074+i*     0.000037
  0.33333  0.33333  0.00000    -2.8912559    -0.0451223     0.0001324    10    11     -0.000008+i*     0.000012
  0.33333  0.33333  0.00000    -2.8912559     2.6226298     0.0045845    10    12     -0.000285+i*     0.000422
 -0.33333  0.33333  0.00000    -4.4620760    -0.0464668     0.0003287     9    11     -0.000037+i*    -0.000001
 -0.33333  0.33333  0.00000    -3.2688503    -0.0464668     0.0005910    10    11      0.000051+i*     0.000042
 -0.33333  0.33333  0.00000    -3.2688503     2.6619915     0.0007573    10    12      0.000065+i*     0.000053
 -0.33333  0.00000  0.00000    -4.5946561    -0.0451223     8.9382406     9    11      0.785112+i*     0.608213
 -0.33333  0.00000  0.00000    -2.8335705    -0.0451223     0.0000257    10    11     -0.000002+i*     0.000002
 -0.33333  0.00000  0.00000    -2.8335705     2.6226298     0.0001739    10    12      0.000014+i*    -0.000014
  0.00000 -0.33333  0.00000    -5.1496778    -2.3708546     0.0014457     9    11      0.000093+i*    -0.000131
  0.00000 -0.33333  0.00000    -3.1203342    -2.3708546     0.0000356    10    11      0.000003+i*     0.000002
  0.00000 -0.33333  0.00000    -5.1496778     0.4107230     0.0047941     9    12     -0.000311+i*     0.000432
  0.00000 -0.33333  0.00000    -3.1203342     0.4107230     0.0000839    10    12      0.000007+i*     0.000006
  0.33333 -0.33333  0.00000    -4.4620760    -0.8328566     0.0075445     9    11     -0.000407+i*    -0.000733
  0.33333 -0.33333  0.00000    -3.2688503    -0.8328566     0.0000043    10    11     -0.000000+i*    -0.000000
  0.33333 -0.33333  0.00000    -3.2688503     1.9685811     0.0000022    10    12      0.000000+i*     0.000000
 -0.33333 -0.33333  0.00000    -4.2052738    -0.8328566     0.0597416     9    11      0.003348+i*    -0.005732
 -0.33333 -0.33333  0.00000    -2.8912559    -0.8328566     0.0001648    10    11      0.000017+i*     0.000007
 -0.33333 -0.33333  0.00000    -2.8912559     1.9685811     0.0000111    10    12      0.000001+i*     0.000000
