# AMAT exchange matrix
# mode paw_full
# implementation full_grid_only
# response_basis TODO
# shape 28 28
# q_ext 0.000000000000 0.333333333333 0.000000000000
# vasp_storage 0
# i j real imag
     1      1  0.0000000000000000e+00  0.0000000000000000e+00
     1      2 -6.4100263899652046e-06 -9.8001273009447525e-07
     1      3 -1.4530636909889861e-05 -2.1980918652140958e-06
     1      4  8.5916874821469257e-04  1.4701240506468528e-03
     1      5 -5.7584703411387964e-06  2.3205188157258084e-06
     1      6 -1.2717670580969361e-05  5.1265288795685338e-06
     1      7 -3.4984603741867768e-06  5.7999012113487281e-06
     1      8  8.9475469467827670e-05  5.4479838294927633e-05
     1      9 -1.9537035630847680e-04 -1.1897150821428451e-04
     1     10  2.9787733890646711e-05 -1.3975834209109974e-05
     1     11 -4.1368279498033578e-06 -6.3235497382865770e-06
     1     12 -2.3398538702135076e-04 -3.4693703899561714e-04
     1     13  4.6634658057615033e-05 -1.4688960804371459e-06
     1     14 -3.0240984107962345e-05  2.4726729438855591e-05
     1     15 -5.7357422103413238e-04  4.6940847642140964e-04
     1     16 -1.3506358689449162e-03  1.0463161876571347e-03
     1     17 -3.7488698771722790e-06 -3.6050273610265429e-06
     1     18  6.1880017909050604e-06  6.1182831102350977e-06
     1     19  4.6021196951695990e-03  6.4526677562623267e-03
     1     20 -3.8657968915431550e-05  2.7817670125408562e-05
     1     21  1.0111646554048352e-03  1.4081653777029317e-03
     1     22 -1.9631838124855978e-05  1.4220590049930835e-05
     1     23 -2.1874213264245289e-04  3.9458121148086485e-04
     1     24 -1.0858450837130547e-05  5.4649280750493577e-06
     1     25 -9.2376395503453692e-06  5.9058089483923051e-06
     1     26  2.3701309386793147e-04  4.0571815938599372e-04
     1     27 -7.4881090320147757e-07  3.0615224758921541e-07
     1     28  1.7352639175105109e-05 -7.0920784701013402e-06
     2      1 -6.4100353474305867e-06  9.8001408605898907e-07
     2      2  0.0000000000000000e+00  0.0000000000000000e+00
     2      3 -7.1699093867048203e-02  4.1062019671017318e-06
     2      4  4.3876187530425142e-06  5.4356212475833954e-06
     2      5 -1.3573035531588913e-03  8.0129411823701884e-04
     2      6 -1.2596452624405287e-03  7.4364591358208501e-04
     2      7  4.9983345093900923e-05 -1.2074386919446481e-04
     2      8 -6.8113571163143818e-06 -2.8532363378510767e-06
     2      9 -4.3463262216698699e-05 -1.8210416189454052e-05
     2     10  2.8339131514252722e-05 -1.8930374949855428e-05
     2     11  5.4942635127816520e-06  6.1449199909895752e-06
     2     12 -9.2627445384083095e-05 -1.0071681320587684e-04
     2     13 -1.6239917455159510e-05  3.0055758068314592e-06
     2     14 -2.5658131949669858e-06  2.8971125197603416e-06
     2     15 -7.4934007705893457e-05  7.9831871637857149e-05
     2     16 -5.3602414495502003e-06  5.6233311300595634e-06
     2     17 -1.2897910856933294e-03 -9.1230151109074017e-04
     2     18  1.1617108842192768e-03  8.4642138619587495e-04
     2     19  4.1941020458720571e-05  4.3272292389418858e-05
     2     20  5.2100091923569106e-03 -5.0923369211434023e-03
     2     21  2.1340244699901261e-04  2.1876516672203456e-04
     2     22  1.9356404295326308e-03 -1.9041251827973289e-03
     2     23 -9.4171326029131713e-07  4.6645044132942023e-07
     2     24 -3.7493779804779982e-04  2.3641395081066852e-04
     2     25 -4.4373697086610010e-04  2.7917077126460494e-04
     2     26  7.2744783018139270e-06  9.0151834071396115e-06
     2     27 -3.9431156730440392e-04  2.3545609086616473e-04
     2     28 -4.6520786554206080e-04  2.7778868565926868e-04
     3      1 -1.4530635910371063e-05  2.1980917159374184e-06
     3      2 -7.1699093867064218e-02 -4.1061975118890735e-06
     3      3  0.0000000000000000e+00  0.0000000000000000e+00
     3      4  1.3124166384629685e-05  1.6264431880596951e-05
     3      5 -1.3211635117812155e-03  7.7985608463354301e-04
     3      6 -3.8200954341459939e-02  2.2549456642077179e-02
     3      7  1.0393758305105616e-04 -2.5103610279803620e-04
     3      8  1.5902106158204851e-05  6.6614006152893512e-06
     3      9 -2.2139070900047565e-04 -9.2824905742716537e-05
     3     10  5.4297742649979082e-05 -3.6265148699485240e-05
     3     11  5.6434490102291293e-05  6.3127189564318487e-05
     3     12 -7.8593248448500608e-04 -8.5474584432035600e-04
     3     13 -3.3974706839360583e-04  6.3301264921197226e-05
     3     14 -3.2390771478645446e-05  3.2574921233762197e-05
     3     15 -6.3976537884204046e-04  5.8400215615857622e-04
     3     16 -2.0662056349172547e-05  2.1671532580482719e-05
     3     17 -1.3293987819859758e-03 -9.4043063347880426e-04
     3     18  3.5342297733424254e-02  2.5753404623813238e-02
     3     19  2.4128073435751715e-05  2.4897269903621665e-05
     3     20  1.8678211803621783e-03 -1.8254261612898357e-03
     3     21  1.0072483456094051e-03  1.0326904902149805e-03
     3     22  5.9890915141771889e-02 -5.8909130207502131e-02
     3     23 -1.4986439276750566e-06 -1.9807102194390369e-06
     3     24 -4.3366907792502128e-04  2.7283249762993832e-04
     3     25 -1.0390332417649292e-02  6.5402397088552833e-03
     3     26  1.8656748555255042e-05  2.3123648934526234e-05
     3     27 -4.5395304629259042e-04  2.7103531698503781e-04
     3     28 -1.1193067995617714e-02  6.6828766791962174e-03
     4      1  8.5916874821469213e-04 -1.4701240506468157e-03
     4      2  4.3876187530447258e-06 -5.4356212475848455e-06
     4      3  1.3124166384629573e-05 -1.6264431880596890e-05
     4      4  0.0000000000000000e+00  0.0000000000000000e+00
     4      5  9.8474752343054133e-07 -6.6367721717389165e-06
     4      6  2.8827467974521845e-06 -1.9639816421556353e-05
     4      7  2.1419993731965343e-05  3.9463730098735942e-05
     4      8  3.5101829394032418e-05 -1.8935601478177778e-05
     4      9  6.9313015286800105e-04 -3.7426828131375384e-04
     4     10  5.7003891138673561e-07 -6.2986367431506102e-06
     4     11  1.0540788746548176e-04 -5.3209455352652287e-06
     4     12  2.0659925598231555e-04 -1.3336816174129856e-05
     4     13 -2.0960628868067781e-05  3.8803016933734872e-05
     4     14 -4.5103117461471541e-06 -2.8522083659391449e-05
     4     15 -8.9719440026945314e-05 -5.6738153998811840e-04
     4     16  7.5993372499693785e-06  5.8023996545571591e-05
     4     17  5.4240723753549150e-06 -1.5367293705318038e-06
     4     18 -1.4232852544757157e-05  3.8192898437879394e-06
     4     19 -4.7294815572198847e-04  4.2992373762148609e-05
     4     20  1.4297591915054162e-07  1.5031693985179399e-06
     4     21  4.7935937674031511e-04 -4.5128990026379744e-05
     4     22 -7.9476596739260093e-07 -8.1061378919084764e-06
     4     23 -3.8769458891676710e-03 -6.5353170489674860e-03
     4     24 -5.2858922559586965e-06  4.5105222240511722e-05
     4     25 -2.4289454354380231e-06  2.0699780473560030e-05
     4     26  1.0761336609173123e-04  2.6568691078452481e-08
     4     27  9.8263097663988389e-07 -6.8801431156338977e-06
     4     28  9.2833607978513747e-07 -8.8809282023156794e-06
     5      1 -5.7584703411401838e-06 -2.3205188157269802e-06
     5      2 -1.3573035531588497e-03 -8.0129411823693828e-04
     5      3 -1.3211635117812137e-03 -7.7985608463354344e-04
     5      4  9.8474754483064854e-07  6.6367816467698135e-06
     5      5  0.0000000000000000e+00  0.0000000000000000e+00
     5      6 -7.4419150826893737e-02  2.9126057870831850e-07
     5      7 -1.2733374738641812e-05  9.5639315626782048e-06
     5      8 -2.2384228293176151e-06 -2.8962273963828650e-06
     5      9 -6.2586355476779523e-05 -8.7644176749301992e-05
     5     10  1.3369957353408408e-04 -7.4443497001116443e-06
     5     11  2.0203668093672988e-06  1.0161360629734154e-05
     5     12 -1.3109955502151467e-05 -6.1401693220674972e-05
     5     13 -5.9432958923301153e-06 -2.1658472059980925e-06
     5     14 -6.6407441497640870e-06  2.0737200400381097e-06
     5     15 -1.7389499291379059e-04  5.4300137092732869e-05
     5     16 -7.2221935214700997e-06  2.0458426986175366e-06
     5     17 -3.2494131684978403e-06 -7.2398741148037155e-06
     5     18 -1.6336245869412078e-04 -3.7810202463238679e-04
     5     19  2.6404141115758441e-06  1.0956744840683268e-05
     5     20  4.5007323749778099e-04 -1.1046374113142164e-04
     5     21  6.8084554598199376e-05  2.7859126348790458e-04
     5     22  5.5548811042843054e-04 -1.3823140144453614e-04
     5     23 -4.5466712805038317e-05  3.6860572744179709e-05
     5     24 -6.9494940492085848e-03  2.0255974968434105e-04
     5     25 -2.6239299628003643e-03  7.6481095245818070e-05
     5     26  8.3999492065718968e-07  5.7024604087842708e-06
     5     27  3.4709608822998915e-05 -1.9754960053842329e-07
     5     28  1.1558913284927122e-03 -6.3562123217559324e-06
     6      1 -1.2717670580969327e-05 -5.1265288795683178e-06
     6      2 -1.2596452624405279e-03 -7.4364591358208479e-04
     6      3 -3.8200954341459814e-02 -2.2549456642077088e-02
     6      4  2.8827467204697145e-06  1.9639815362867541e-05
     6      5 -7.4419150826921687e-02 -2.9125596604175709e-07
     6      6  0.0000000000000000e+00  0.0000000000000000e+00
     6      7 -2.2211003102670624e-04  1.6742749208277578e-04
     6      8 -2.3330175047770694e-05 -3.4799765153330713e-05
     6      9 -4.4550809496759808e-04 -7.3864123044927788e-04
     6     10  2.9454431948792807e-04 -1.6398315177555287e-05
     6     11  4.1531785047503817e-06  2.0895238032290543e-05
     6     12 -7.8295863849502979e-05 -3.6708681215465513e-04
     6     13 -1.3655377670474585e-04 -4.9762967956203406e-05
     6     14 -1.1324558828182861e-04  3.5361702237477663e-05
     6     15 -1.4772438937442575e-03  4.6118939103159283e-04
     6     16 -2.8287232036830483e-05  8.0111647952397967e-06
     6     17  1.8574772021762100e-04  4.1386375074564273e-04
     6     18 -6.8323167134186104e-03 -1.5813526397289245e-02
     6     19  5.9575941004710898e-06  2.4722852589824083e-05
     6     20  5.1621518181558862e-04 -1.2669551087947091e-04
     6     21  3.2490304562673099e-04  1.3295040258853132e-03
     6     22  1.3038946152622619e-02 -3.2446384660269022e-03
     6     23 -2.9682277016105592e-05  2.4065052268189059e-05
     6     24 -2.4194727880864171e-03  7.0511194391325644e-05
     6     25 -7.6931880500709038e-02  2.2420512492339799e-03
     6     26  8.7686346697071464e-07  8.9503916292837924e-06
     6     27  1.0610537837001655e-03 -5.8877245838121592e-06
     6     28  4.2688141370654985e-02 -2.2119440208168440e-04
     7      1 -8.2376892710086970e-06 -1.3657608209347545e-05
     7      2  3.4678965808283198e-05  8.3772979473737682e-05
     7      3 -3.5686059038372056e-04 -8.6192335885880531e-04
     7      4  1.8839350503577683e-05 -3.4730964663617895e-05
     7      5 -4.5858080213228455e-05 -3.4485783293128655e-05
     7      6 -1.1875445601659046e-03 -8.9378008838969232e-04
     7      7  0.0000000000000000e+00  0.0000000000000000e+00
     7      8 -1.4102083083457865e-07  3.0791335250353253e-05
     7      9  2.7516459088774676e-07 -6.4542286689467027e-05
     7     10 -1.3972026893622079e-03 -9.3427291948641256e-04
     7     11  1.5126774309077479e-06 -3.1415526261416904e-06
     7     12  3.2538700610882310e-05 -7.0071755126139908e-05
     7     13 -8.9333705213940761e-04 -1.3744922108686951e-03
     7     14  4.2369849746200698e-06  1.5101137719976145e-06
     7     15 -7.1535470020532219e-05 -2.5495999032950718e-05
     7     16  2.4976837231075337e-05  9.6579739164801037e-06
     7     17  2.1613168864450900e-06 -9.5243363001455673e-06
     7     18 -2.6777947553821406e-04  1.1077699145431333e-03
     7     19 -3.2202667574399071e-04  7.4390226927622909e-04
     7     20 -3.5038215015676028e-03 -1.4993313146657757e-03
     7     21  5.4116023067760132e-04 -1.2612055904573161e-03
     7     22 -1.1542112124365714e-04 -4.8951662779209214e-05
     7     23 -5.3231921262255263e-05  1.9299238346200770e-06
     7     24  1.8069067529416597e-04  1.2787445138904465e-04
     7     25 -6.6165944717671969e-04 -4.6825585160590114e-04
     7     26 -2.2877969153872878e-05  4.3069870810207340e-05
     7     27  1.7635218479302282e-04  1.3135724485875894e-04
     7     28 -6.7151271757534602e-04 -5.0082976412779885e-04
     8      1  1.1804142115293573e-04 -7.1872995423633704e-05
     8      2 -1.0795431793612839e-05  4.5220660259505041e-06
     8      3 -3.0151767089544570e-04  1.2632523980742212e-04
     8      4  6.3948615075949769e-06  3.4391410591758608e-06
     8      5 -5.3690251030818241e-06  7.0939278188182439e-06
     8      6 -2.3218904417236634e-04  3.1484751081878651e-04
     8      7 -1.4101938677899661e-07 -3.0791345281592940e-05
     8      8  0.0000000000000000e+00  0.0000000000000000e+00
     8      9 -7.1314403402321730e-02 -4.0851154714510332e-06
     8     10  4.0797845483333385e-06 -6.1570722267836915e-06
     8     11  1.4244042162329059e-03  6.7852156347009368e-04
     8     12 -1.2108478809218202e-03 -5.5607617180207882e-04
     8     13  5.0474130604578481e-06 -3.3105403840385288e-06
     8     14 -5.1386913814089469e-04  1.4612695415692134e-03
     8     15 -4.3086659774332827e-04  1.2252237044344555e-03
     8     16  1.4849838919054494e-05 -3.8889468853112408e-05
     8     17 -1.3802844633112076e-05 -3.0711408241854303e-06
     8     18  4.1008708432786349e-04  9.7305426240316078e-05
     8     19 -3.5473244356760791e-03 -1.5179469034330086e-03
     8     20  7.1836100855200745e-05 -1.6985408434220742e-04
     8     21 -1.3107668837265304e-03 -5.5591679183556743e-04
     8     22  1.7876626459921029e-04 -4.2648952331382245e-04
     8     23 -1.1120672228947676e-05 -2.7485917178948055e-04
     8     24 -1.8154449360992843e-05  2.5883335106115982e-05
     8     25 -2.6810303366368258e-04  3.8223848410109235e-04
     8     26 -2.3717469544512587e-04 -1.2814960030081075e-04
     8     27 -2.4968319739198235e-05  3.4059171726876907e-05
     8     28 -3.1989526005214599e-04  4.3261246634716924e-04
     9      1  3.2293733316047824e-04 -1.9665723587040923e-04
     9      2  7.2116611388848293e-05 -3.0216060524768631e-05
     9      3 -1.1923317036373975e-03  4.9965332376178233e-04
     9      4  1.5592661846381502e-04  8.4318813000473775e-05
     9      5  3.1533881947459628e-06 -5.1204888091500628e-07
     9      6 -1.1166465619603392e-03  1.6386048878204071e-03
     9      7  2.7516452457345039e-07  6.4542287754293571e-05
     9      8 -7.1314403402306159e-02  4.0851197109081470e-06
     9      9  0.0000000000000000e+00  0.0000000000000000e+00
     9     10 -1.6015750859520757e-05  2.4175623642086064e-05
     9     11  1.3602167015808156e-03  6.4784971652464304e-04
     9     12 -3.5690620578596011e-02 -1.6388291899925397e-02
     9     13 -4.2529623914986636e-05  2.7903058174916887e-05
     9     14 -4.5113486122384751e-04  1.2831068255029087e-03
     9     15 -1.2458928738787442e-02  3.5435033751577180e-02
     9     16  6.8846596591114548e-05 -1.8033294618440660e-04
     9     17 -5.0615284622970377e-05 -1.1257379158123424e-05
     9     18  2.2620661739671463e-03  5.3657053167175913e-04
     9     19 -1.2660760063085612e-03 -5.4168742420483988e-04
     9     20  1.6663570975851675e-05 -3.9406871269905935e-05
     9     21 -4.0937165492786282e-02 -1.7359315062133895e-02
     9     22  9.8034618196220398e-04 -2.3393953832109614e-03
     9     23 -1.7968987530304714e-05 -4.4349419607734778e-04
     9     24 -3.0427924181987041e-05  4.3390589641164565e-05
     9     25 -1.5029242626540861e-03  2.1430777714604716e-03
     9     26 -3.8924352392269120e-04 -2.0941328324221853e-04
     9     27 -7.4458626860810423e-05  1.0010884659807135e-04
     9     28 -1.9698317565598712e-03  2.6423531271783638e-03
    10      1  7.9208752979642686e-06  3.7164902044171361e-06
    10      2 -5.1418806537193451e-06 -3.4349931770892572e-06
    10      3 -1.0631514510506240e-03 -7.1009261704630452e-04
    10      4  2.4195458103898306e-06  2.6748046247019779e-05
    10      5  9.1660228141008987e-05  5.1035940772918648e-06
    10      6 -1.0525460406948857e-03 -5.8602406331867085e-05
    10      7 -1.3972026893621183e-03  9.3427291948634231e-04
    10      8  4.0797845483326702e-06  6.1570722267839440e-06
    10      9 -1.6015750859520578e-05 -2.4175623642086125e-05
    10     10  0.0000000000000000e+00  0.0000000000000000e+00
    10     11 -4.8601167491335872e-06 -3.4426115720023799e-05
    10     12 -5.2492903445574176e-06 -3.3663975546308028e-05
    10     13  5.4288279610953172e-05  2.3278239236799746e-05
    10     14  6.6475373048044595e-06 -1.6765278265184603e-06
    10     15 -3.7461397085274194e-05  9.4460104603054131e-06
    10     16  2.8929713759922752e-05 -5.7929749635132005e-06
    10     17 -2.2637096757244910e-05 -5.8804096835303951e-05
    10     18  6.0855827594735832e-04  1.6551006264951826e-03
    10     19  1.1720760777705244e-05  6.1095662094598708e-05
    10     20 -2.2128466141770967e-04  4.1367480022885053e-05
    10     21 -1.6591472287898686e-04 -8.8432973085907866e-04
    10     22  9.4619233875768986e-04 -1.7954892166172591e-04
    10     23 -5.7556137885552805e-04  4.1581162713997860e-04
    10     24  3.6100711765163726e-03  9.5628118267502223e-05
    10     25  1.0272844730643566e-04  2.7207070536608603e-06
    10     26 -1.8216957726749052e-06 -2.0180953359854646e-05
    10     27 -3.6077615495475944e-05 -1.8276444056362352e-06
    10     28 -1.4049697486436985e-03 -7.1171389573804639e-05
    11      1 -2.2295995554983506e-05  3.4081462233170747e-05
    11      2  6.9322752237216366e-06 -7.7530135990547980e-06
    11      3  2.4190513682918258e-04 -2.7058252980517223e-04
    11      4  1.3792231943347008e-04  6.9622405905654734e-06
    11      5  2.6133135893076217e-06 -1.3143658898948319e-05
    11      6  5.9479009019831808e-05 -2.9916768802135834e-04
    11      7  1.5126774309066260e-06  3.1415526261389287e-06
    11      8  1.4244042162328827e-03 -6.7852156347003026e-04
    11      9  1.3602167015808147e-03 -6.4784971652464629e-04
    11     10 -4.8601190472179700e-06  3.4426126055940309e-05
    11     11  0.0000000000000000e+00  0.0000000000000000e+00
    11     12  7.8568503947138435e-02 -1.1029277854753222e-03
    11     13 -2.4259369773749719e-06  3.9948022385751940e-06
    11     14 -3.8993942057514863e-07 -3.6514953574941147e-06
    11     15  6.6583925711867129e-05  6.2344135600474995e-04
    11     16 -8.5582332414405673e-07 -1.0213406402056348e-05
    11     17  1.1379846993818685e-05 -2.4250205897624428e-06
    11     18 -4.0561788729664972e-04  8.5231739057724156e-05
    11     19  2.6820601824845955e-04 -1.0750674506566303e-05
    11     20  1.9442024400498131e-06  4.0679577907992993e-05
    11     21  4.8881425968418904e-04 -2.1957738068636915e-05
    11     22  2.1823882563269382e-05  4.6827512350937199e-04
    11     23  1.7332890144405044e-03  3.2891590626635508e-03
    11     24  3.2078831653000278e-05 -1.9018484643633322e-04
    11     25  6.7275469158534486e-05 -3.9881790003672179e-04
    11     26  9.6629785533022350e-06  4.8943596723605723e-07
    11     27  1.8912696955679878e-06 -9.7682683781715170e-06
    11     28  7.9222524836073088e-05 -4.0917764785052956e-04
    12      1  9.3019987476911667e-05 -1.3792731331488509e-04
    12      2 -1.5636454292609794e-06  1.6979390308925752e-06
    12      3 -1.2916328910599901e-03  1.4046308222467902e-03
    12      4 -3.8099536582773689e-04 -2.4599187593688968e-05
    12      5  1.1818011693254561e-05 -5.5383142514816376e-05
    12      6 -2.4897066493692919e-04  1.1665960469756913e-03
    12      7  3.2538700610882358e-05  7.0071755126139746e-05
    12      8 -1.2108478809218202e-03  5.5607617180208142e-04
    12      9 -3.5690620578596011e-02  1.6388291899925411e-02
    12     10 -5.2492905623654415e-06  3.3663976739957746e-05
    12     11  7.8568503947153603e-02  1.1029277807400397e-03
    12     12  0.0000000000000000e+00  0.0000000000000000e+00
    12     13 -3.2002303574110101e-05  5.1077653018162899e-05
    12     14 -5.2599432009444455e-05 -5.6784782895275129e-04
    12     15 -2.1839848178985882e-03 -2.3579158792507937e-02
    12     16  1.9111669121773008e-05  2.8757492647681960e-04
    12     17 -8.9052628221203317e-05  1.7237632136139235e-05
    12     18  2.4020694760377090e-03 -4.2398388576242723e-04
    12     19 -4.2731124888976187e-04  1.1852093389319159e-05
    12     20 -3.0120513559545004e-06 -1.1278005877291332e-04
    12     21 -1.2907404263621764e-02  3.8949931026849174e-04
    12     22 -8.4017239005040089e-05 -2.9218143146281170e-03
    12     23 -5.8939769017458791e-04 -1.1575761361754368e-03
    12     24 -7.6475700167383662e-06  4.1772748178379350e-05
    12     25 -4.0501569771503440e-04  2.2117131314694622e-03
    12     26 -3.6003254392886206e-05 -2.3291681682685944e-06
    12     27 -1.2118026158711304e-05  5.8206997585741747e-05
    12     28 -5.0122070331629770e-04  2.4073927502259980e-03
    13      1  3.1827431945685361e-05  9.7104987567092323e-07
    13      2 -5.6611145690542371e-05 -1.0512649917182314e-05
    13      3 -1.6186299984694780e-03 -3.0102874572638814e-04
    13      4 -1.5697111557477383e-05 -2.9058969415900403e-05
    13      5 -4.6089164685281110e-05  1.6795306642764990e-05
    13      6 -1.3630259206707949e-03  4.9670503719518710e-04
    13      7 -8.9333705213953175e-04  1.3744922108687183e-03
    13      8  5.0474130604565623e-06  3.3105403840392708e-06
    13      9 -4.2529623914986643e-05 -2.7903058174916795e-05
    13     10  5.4288279610980155e-05 -2.3278239236818056e-05
    13     11 -2.4259369773760429e-06 -3.9948022385744977e-06
    13     12 -3.2002303574110372e-05 -5.1077653018163014e-05
    13     13  0.0000000000000000e+00  0.0000000000000000e+00
    13     14  1.8743422430173598e-05 -1.4296081132759152e-05
    13     15 -4.4459005091818063e-05  3.3943926845330360e-05
    13     16 -1.0525379015155847e-05  7.6024149723152851e-06
    13     17  5.8023781258533124e-05  5.9680781998724657e-05
    13     18  7.5305980780617193e-04  7.9663047255423705e-04
    13     19  3.2559534057368503e-05  4.9059531581247417e-05
    13     20 -1.8849039849747008e-04  1.2623974488616647e-04
    13     21 -6.6610472546933287e-04 -9.9669782998218688e-04
    13     22  8.1339521293135491e-04 -5.4856572350855482e-04
    13     23  1.7630135083480787e-05 -2.9440802670082123e-05
    13     24 -5.2950969789592286e-05  2.1050862211531122e-05
    13     25 -1.5654005522257406e-03  6.2234645257434613e-04
    13     26  3.3358547982342601e-04  6.1779907188976263e-04
    13     27  3.4385782926556804e-03 -1.2725845829713004e-03
    13     28 -1.4360633636852343e-06  5.3701925125716234e-07
    14      1 -5.5496064655512628e-06 -4.5250224693202411e-06
    14      2 -4.8483749749756762e-06 -5.4232056647198105e-06
    14      3 -2.4454458253990143e-04 -2.6732031508276379e-04
    14      4  3.5224855723525583e-07 -2.2272241887824718e-06
    14      5 -1.0748938010430637e-05 -3.3565395293424814e-06
    14      6 -4.2036150500174779e-04 -1.3126007163008022e-04
    14      7  4.2369849746210278e-06 -1.5101137719964405e-06
    14      8 -5.1386913814090184e-04 -1.4612695415692164e-03
    14      9 -4.5113486122384783e-04 -1.2831068255029056e-03
    14     10  6.6475373048044137e-06  1.6765278265198801e-06
    14     11 -3.8993942059056971e-07  3.6514953574910247e-06
    14     12 -5.2599432009445052e-05  5.6784782895275129e-04
    14     13  1.8743431521676448e-05  1.4296087579326859e-05
    14     14  0.0000000000000000e+00  0.0000000000000000e+00
    14     15 -7.4226044139118527e-02 -2.8912013389473900e-07
    14     16  1.3230661046872278e-04  3.5213125838797607e-06
    14     17 -1.7510935795060196e-06 -1.4620127164424185e-05
    14     18  3.3909999291078010e-05  3.2126731412034668e-04
    14     19  1.7668867457682763e-05 -2.6657883829561837e-04
    14     20  3.0812923034040256e-05  1.9121391504050243e-06
    14     21  2.8410706265779523e-05 -4.5057295679402465e-04
    14     22  4.3883465040909185e-04  2.5821364962998325e-05
    14     23 -9.5107730457323066e-06  3.7711799797135934e-06
    14     24 -1.0970715453288966e-05 -3.0931026645973746e-06
    14     25 -4.6977109608778227e-04 -1.3252231038852070e-04
    14     26  5.7115523689586518e-04 -3.6076655052607732e-03
    14     27 -1.8515922807051940e-04 -5.6796121072492726e-05
    14     28 -4.1929292225124432e-04 -1.2862553243669344e-04
    15      1 -1.3303143500587267e-04 -1.0897472726072654e-04
    15      2  1.3747472138718654e-05  1.8297828983447552e-05
    15      3 -1.2147840363939989e-03 -1.2202727448165193e-03
    15      4 -3.4400440105080820e-07  2.1813703370129802e-06
    15      5 -6.1998468584384183e-05 -1.9360634116094734e-05
    15      6 -2.3618059378789791e-03 -7.3741213742668907e-04
    15      7 -7.1535470020532232e-05  2.5495999032950661e-05
    15      8 -4.3086659774332740e-04 -1.2252237044344555e-03
    15      9 -1.2458928738787428e-02 -3.5435033751577166e-02
    15     10 -3.7461397085274133e-05 -9.4460104603055012e-06
    15     11  6.6583925711867427e-05 -6.2344135600474952e-04
    15     12 -2.1839848178985899e-03  2.3579158792507923e-02
    15     13 -4.4459006089732115e-05 -3.3943927540159489e-05
    15     14 -7.4226044139090869e-02  2.8912449896106242e-07
    15     15  0.0000000000000000e+00  0.0000000000000000e+00
    15     16  3.8166636208886834e-04  1.0155451873565665e-05
    15     17  2.1051791759115490e-06  1.7582294062820327e-05
    15     18  1.4030395454964515e-04  1.3286882715620235e-03
    15     19  2.8046316495101220e-05 -4.2313225503488210e-04
    15     20  4.6370464591275883e-05  2.8771098875356093e-06
    15     21  7.9928825906119719e-04 -1.2677338826698158e-02
    15     22  2.3788982505876218e-03  1.3989544141851271e-04
    15     23 -2.4582884258920893e-04  9.7503729159066369e-05
    15     24 -9.8863022824188820e-05 -2.8414239200141969e-05
    15     25 -2.8551084182878409e-03 -8.2455933699843739e-04
    15     26  2.0374764696221877e-04 -1.2870005359675810e-03
    15     27 -4.6151097540226166e-05 -1.4154605108287896e-05
    15     28 -2.2515509561050672e-03 -6.9059130854713896e-04
    16      1 -1.3506358689449438e-03 -1.0463161876571347e-03
    16      2 -5.3602414495519511e-06 -5.6233311300591823e-06
    16      3 -2.0662056349172635e-05 -2.1671532580482821e-05
    16      4  7.5993372499583891e-06 -5.8023996545524537e-05
    16      5 -7.2221935214699946e-06 -2.0458426986186708e-06
    16      6 -2.8287232036830510e-05 -8.0111647952397492e-06
    16      7  1.9632420466361355e-05 -7.5915028163159400e-06
    16      8  4.1232731431108220e-06  1.0798492445510666e-05
    16      9 -1.5169624276937464e-04 -3.9733422258709215e-04
    16     10  3.7732206702906375e-05  7.7653288735925157e-06
    16     11 -3.2982788178435660e-06  4.0759193360204510e-05
    16     12  5.8485052694303910e-05 -8.8549413684309297e-04
    16     13 -1.0688119828397005e-05 -7.7199390026886965e-06
    16     14  1.0352808620118286e-04 -2.7553346526952396e-06
    16     15 -1.9885107952403232e-04  5.2924396980361693e-06
    16     16  0.0000000000000000e+00  0.0000000000000000e+00
    16     17 -9.1359461810014670e-07 -6.2887511793554835e-06
    16     18  3.0059148541471069e-06  2.2673667029991871e-05
    16     19 -1.8562288317827637e-05  4.7179246995862493e-04
    16     20  1.4138728788816417e-05 -1.3898215834767482e-07
    16     21  1.6047877448697594e-05 -4.6049452647291701e-04
    16     22  3.2381857126053117e-05 -4.0614315090339299e-07
    16     23  6.1448481032692396e-05 -2.6357359059361960e-05
    16     24 -6.6538913977008858e-06 -1.6770801630024165e-06
    16     25 -4.7431141713342869e-06 -1.1941641638811180e-06
    16     26 -1.0248251798736399e-03  7.8141681640376496e-03
    16     27  4.4957443939700996e-05  1.2492132958793786e-05
    16     28  3.6396107763552532e-06  1.0125023894056925e-06
    17      1 -3.7488698771717648e-06  3.6050273610272878e-06
    17      2 -1.2897910856933647e-03  9.1230151109088740e-04
    17      3 -1.3293987819859745e-03  9.4043063347879841e-04
    17      4  5.4240723753560153e-06  1.5367293705318305e-06
    17      5 -3.2494131684981283e-06  7.2398741148168208e-06
    17      6  1.8574772021762056e-04 -4.1386375074564338e-04
    17      7 -7.4527937530650781e-06 -3.2843367313947538e-05
    17      8 -7.1308203236599010e-06  1.5866552602769691e-06
    17      9 -1.2677709529092707e-04  2.8200379633175706e-05
    17     10 -6.4774818635113218e-06  1.6672733488957261e-05
    17     11  6.9179645368308823e-06  1.4009153079527420e-06
    17     12 -1.7426937481322642e-04 -3.5540390906621324e-05
    17     13  8.9579966952661513e-05 -9.2138032567598986e-05
    17     14 -1.0499039663397295e-06  8.7661033193013028e-06
    17     15 -7.8817728981694814e-06  6.5799456710840490e-05
    17     16 -9.1359463901815696e-07  6.2887606485048310e-06
    17     17  0.0000000000000000e+00  0.0000000000000000e+00
    17     18  7.9184258762107343e-02  1.1115723580685513e-03
    17     19 -1.2873305520408611e-06  4.4370275862335217e-07
    17     20  8.3857965748499461e-05 -4.5783945626087259e-04
    17     21  2.1467314646900557e-04  4.1184361531918868e-05
    17     22  1.1253592593276268e-04 -6.2155095848706078e-04
    17     23  1.4184646236132706e-06  5.3458597530973240e-06
    17     24  1.7822866586559435e-06 -4.3024936576330555e-06
    17     25  2.5301766813241270e-04 -6.1078195584181273e-04
    17     26  5.7648285175226540e-05  1.6342031271423771e-05
    17     27 -2.9474417528791647e-03  6.6561438880374116e-03
    17     28 -1.2007425686776313e-03  2.7116124395355976e-03
    18      1  6.1880017909051087e-06 -6.1182831102351544e-06
    18      2  1.1617108842192760e-03 -8.4642138619586802e-04
    18      3  3.5342297733424254e-02 -2.5753404623813224e-02
    18      4 -1.4232852544757186e-05 -3.8192898437879411e-06
    18      5 -1.6336245869412013e-04  3.7810202463238723e-04
    18      6 -6.8323167134186104e-03  1.5813526397289238e-02
    18      7  1.7039238987848307e-05  7.0495505006744168e-05
    18      8  6.6561950244976593e-05 -1.5792685966058499e-05
    18      9  1.0578807135833207e-03 -2.5088563472925132e-04
    18     10  1.4036403789879508e-04 -3.8123427197578547e-04
    18     11 -1.2563365853914140e-04 -2.5095043385613237e-05
    18     12  1.4894633593495652e-03  2.4134863973911645e-04
    18     13 -1.4836675609512849e-04  1.5695492219866189e-04
    18     14 -1.9883828552637970e-07  1.8573324317343136e-06
    18     15  3.0514258709452393e-05 -2.8848528692831032e-04
    18     16  3.0059147835007852e-06 -2.2673665912767749e-05
    18     17  7.9184258762089718e-02 -1.1115723630626621e-03
    18     18  0.0000000000000000e+00  0.0000000000000000e+00
    18     19  1.1835223989110071e-05  6.7996386068224293e-07
    18     20 -9.2021964336272801e-05  5.4214630140515937e-04
    18     21 -1.0328012733410450e-03 -2.2385193408893189e-04
    18     22 -2.2954900016767116e-03  1.3823728166019678e-02
    18     23 -5.0703228386208078e-06 -1.8075654699436275e-05
    18     24 -2.0341441161137483e-04  5.1121899049998750e-04
    18     25 -8.9704793198944997e-03  2.2544459711931225e-02
    18     26 -3.0417639119975100e-05 -8.1628700692530553e-06
    18     27  9.8542246375593742e-04 -2.3125043235840345e-03
    18     28  3.1822838306049692e-02 -7.4679062346463640e-02
    19      1  4.6021196951695946e-03 -6.4526677562622183e-03
    19      2  4.1941020458723390e-05 -4.3272292389420383e-05
    19      3  2.4128073435751529e-05 -2.4897269903621567e-05
    19      4 -4.7294815572201314e-04 -4.2992373762136283e-05
    19      5  2.6404141115776750e-06 -1.0956744840682338e-05
    19      6  5.9575941004710229e-06 -2.4722852589824222e-05
    19      7 -3.1706322055826672e-04 -7.3243697745845428e-04
    19      8 -3.5154693483726795e-03  1.5043155852955707e-03
    19      9 -6.8929843165053354e-04  2.9491287119070143e-04
    19     10  6.7791235034634196e-06 -3.4069483687338109e-05
    19     11  2.3393009033275419e-04  9.3715156412459397e-06
    19     12  1.7783751467405037e-04  3.9918871970688213e-06
    19     13  2.2528727408420016e-05 -3.3945184233117011e-05
    19     14  1.5479727056255430e-05  2.3355118967421679e-04
    19     15 -1.0966430770581440e-05 -1.6546609090989785e-04
    19     16 -1.8562288317833031e-05 -4.7179246995864346e-04
    19     17 -1.2873305520403622e-06 -4.4370275862149553e-07
    19     18  1.1835223989109962e-05 -6.7996386068224886e-07
    19     19  0.0000000000000000e+00  0.0000000000000000e+00
    19     20 -9.2784368990636415e-08 -1.9279138652611944e-05
    19     21 -6.9492203880205564e-02  2.2339436465377793e-04
    19     22 -7.0141706028572340e-08 -9.4108753559087787e-06
    19     23 -7.0455025531963303e-04 -1.4782085347298760e-03
    19     24  1.2218750446559686e-06 -5.8075475312975877e-06
    19     25 -2.2609469466924470e-06  1.0745241745203514e-05
    19     26 -1.6666256894395232e-03 -1.5179861906911718e-04
    19     27  1.4125380802820466e-06 -5.9928295158980379e-06
    19     28 -1.8744281712136287e-06  7.9503650623793503e-06
    20      1 -3.8657968915433637e-05 -2.7817670125408840e-05
    20      2  5.2100091923567918e-03  5.0923369211433537e-03
    20      3  1.8678211803621818e-03  1.8254261612898361e-03
    20      4  1.4297591915271003e-07 -1.5031693985171598e-06
    20      5  4.5007323749780874e-04  1.1046374113145558e-04
    20      6  5.1621518181558775e-04  1.2669551087946950e-04
    20      7 -3.5399636206330837e-03  1.5147970145249318e-03
    20      8  7.0404435573557649e-05  1.6646910072966146e-04
    20      9  6.8265371386852367e-05  1.6143046612685899e-04
    20     10 -2.5995186953995015e-04 -4.8605837167336206e-05
    20     11  1.8748939769629119e-06 -3.9119328374620894e-05
    20     12 -7.3106570345179377e-06  2.5422197112108991e-04
    20     13 -2.2193077499095030e-04 -1.4863618112166495e-04
    20     14  2.8045492841242548e-05 -1.7403345514928211e-06
    20     15  1.8559169450740274e-04 -1.1516778158235868e-05
    20     16  1.4138728788816031e-05  1.3898215834722833e-07
    20     17  8.3857965748494447e-05  4.5783945626085720e-04
    20     18 -9.2021964336272909e-05 -5.4214630140516328e-04
    20     19 -9.2785813178189955e-08  1.9279128619167521e-05
    20     20  0.0000000000000000e+00  0.0000000000000000e+00
    20     21  2.7838334546871695e-07 -2.8587546131416080e-04
    20     22 -6.9408298699476359e-02  2.2312304360073003e-04
    20     23  5.8598630399064437e-06 -2.7627968355138145e-06
    20     24  1.5102670351422869e-03  3.2433184375433368e-04
    20     25  1.2471883646313668e-03  2.6783579268614373e-04
    20     26  6.0427297798489221e-07 -6.3402811954125844e-06
    20     27  1.5265738813590942e-03  3.6657733202425790e-04
    20     28  1.2936985261683932e-03  3.1065641756197385e-04
    21      1  1.0111646554048399e-03 -1.4081653777029343e-03
    21      2  2.1340244699901242e-04 -2.1876516672203450e-04
    21      3  1.0072483456094053e-03 -1.0326904902149805e-03
    21      4  4.7935937674031337e-04  4.5128990026380123e-05
    21      5  6.8084554598199363e-05 -2.7859126348790474e-04
    21      6  3.2490304562673148e-04 -1.3295040258853154e-03
    21      7  1.9468301805520682e-04  4.5371599100831484e-04
    21      8 -1.1241049852226963e-03  4.7674908419167734e-04
    21      9 -3.7019919093384666e-02  1.5698215433742398e-02
    21     10 -8.0303848943202649e-05  4.2448836729955291e-04
    21     11  2.8736574213836198e-04  1.3204139256600870e-05
    21     12 -9.0464026821657634e-03 -2.7597218405125946e-04
    21     13 -2.6697081001064759e-04  3.9946914206162012e-04
    21     14  1.6872277946207910e-05  2.6758493441723854e-04
    21     15  5.7396182414415136e-04  9.1034798694007331e-03
    21     16  1.6047877448698610e-05  4.6049452647291917e-04
    21     17  2.1467314646900565e-04 -4.1184361531918746e-05
    21     18 -1.0328012733410471e-03  2.2385193408892774e-04
    21     19 -6.9492203880227810e-02 -2.2339435773714291e-04
    21     20  2.7838327750997494e-07  2.8587546235502075e-04
    21     21  0.0000000000000000e+00  0.0000000000000000e+00
    21     22  4.8102220755970454e-06  1.1526414332821834e-03
    21     23 -1.7014570473900979e-04 -3.5995182960763764e-04
    21     24  5.8060301741329246e-05 -2.7166383969085055e-04
    21     25  2.4897061627161246e-04 -1.1649553209927288e-03
    21     26 -4.0384668398891436e-04 -3.8094563261005456e-05
    21     27  6.6169730913761816e-05 -2.7675806940720882e-04
    21     28  2.9452871839598485e-04 -1.2319188021508972e-03
    22      1 -1.9631838124855924e-05 -1.4220590049930871e-05
    22      2  1.9356404295326347e-03  1.9041251827973278e-03
    22      3  5.9890915141771917e-02  5.8909130207502131e-02
    22      4 -7.9476596739253772e-07  8.1061378919083612e-06
    22      5  5.5548811042842815e-04  1.3823140144453479e-04
    22      6  1.3038946152622605e-02  3.2446384660268814e-03
    22      7 -1.2445511400012558e-03  5.2783175756487605e-04
    22      8  4.8605560657512373e-05  1.1596471622665360e-04
    22      9  5.8556435727924667e-04  1.3974716289497111e-03
    22     10 -3.9834975441512682e-04 -7.6621655194535857e-05
    22     11  8.9059677024458992e-06 -1.9726046093847943e-04
    22     12 -5.9868949468868169e-05  2.2026900847234784e-03
    22     13 -2.8434566967640664e-04 -1.9176280371314410e-04
    22     14  1.3029875012965055e-04 -7.6669577095823379e-06
    22     15  1.5513133267148552e-03 -9.1185396316204384e-05
    22     16  3.2381857126053049e-05  4.0614315090331463e-07
    22     17  1.1253592593276279e-04  6.2155095848706295e-04
    22     18 -2.2954900016767255e-03 -1.3823728166019691e-02
    22     19 -7.0141644764816051e-08  9.4108763971839093e-06
    22     20 -6.9408298699489487e-02 -2.2312303952595508e-04
    22     21  4.8102238841565926e-06 -1.1526414196622642e-03
    22     22  0.0000000000000000e+00  0.0000000000000000e+00
    22     23 -7.2145997369088609e-07  3.3639032832114194e-07
    22     24  1.2573742220648599e-03  2.7425436796535288e-04
    22     25  3.6904567793612619e-02  8.0495114817386269e-03
    22     26 -2.6349583108575718e-07  2.6723253662589618e-06
    22     27  1.3037821334767941e-03  3.1751389302887145e-04
    22     28  3.8836285567916837e-02  9.4579196888858359e-03
    23      1 -2.1874213264251458e-04 -3.9458121148093576e-04
    23      2 -9.4171326029138934e-07 -4.6645044133014868e-07
    23      3 -1.4986439276749821e-06  1.9807102194391420e-06
    23      4 -3.8769458891678263e-03  6.5353170489675727e-03
    23      5 -4.5466712805035999e-05 -3.6860572744175684e-05
    23      6 -2.9682277016105639e-05 -2.4065052268189296e-05
    23      7 -4.2096224812733179e-05 -1.5264530426027184e-06
    23      8 -9.6547994991502868e-06  2.3862734213010177e-04
    23      9  1.1015969997766173e-05 -2.7185569060186909e-04
    23     10 -5.5437614607247517e-04 -4.0050687258144332e-04
    23     11  1.7163233288913574e-03 -3.2569643044444659e-03
    23     12 -2.7364576096135956e-04  5.3744338705084892e-04
    23     13  2.6273756690954020e-05  4.3857030694039375e-05
    23     14 -4.1918742986048622e-05 -1.6662363780071924e-05
    23     15 -8.7593111011870749e-04 -3.4814888677037729e-04
    23     16  6.1448481032688561e-05  2.6357359059365135e-05
    23     17  1.4184646236142665e-06 -5.3458597530971411e-06
    23     18 -5.0703228386207189e-06  1.8075654699436292e-05
    23     19 -7.0455025531960256e-04  1.4782085347298359e-03
    23     20  5.8598630399050495e-06  2.7627968355134118e-06
    23     21 -1.7014570473901152e-04  3.5995182960764024e-04
    23     22 -7.2145997369079725e-07 -3.3639032832110562e-07
    23     23  0.0000000000000000e+00  0.0000000000000000e+00
    23     24  9.6540963581570790e-06  7.3558544505051195e-06
    23     25  7.7394542564678513e-06  5.9069684424011142e-06
    23     26  2.8132659219256332e-05 -4.7404069885157335e-05
    23     27 -4.6578178121633549e-06 -3.7376687463449882e-06
    23     28  2.6810651118269377e-06  2.1503176628407754e-06
    24      1 -1.0858450837130655e-05 -5.4649280750499964e-06
    24      2 -3.7493779804780285e-04 -2.3641395081062228e-04
    24      3 -4.3366907792501738e-04 -2.7283249762993984e-04
    24      4 -5.2858922559611300e-06 -4.5105222240512617e-05
    24      5 -6.9494940492085535e-03 -2.0255974968432257e-04
    24      6 -2.4194727880864240e-03 -7.0511194391325265e-05
    24      7  2.1164856243766238e-04 -1.4978328854428462e-04
    24      8 -1.5926126127635527e-05 -2.2706233156366551e-05
    24      9 -1.0074631351973954e-04 -1.4365197000153765e-04
    24     10  3.6480213220273609e-03 -9.6633424098510495e-05
    24     11  3.1774789489846054e-05  1.8838219692238052e-04
    24     12 -3.1207299942725843e-05 -1.7038740005472712e-04
    24     13 -1.6863182628104491e-05 -6.6958797118498014e-06
    24     14 -8.0629309173832305e-06  2.2773583564949105e-06
    24     15 -2.2246716121973736e-04  6.3093144102722838e-05
    24     16 -6.6538913977018311e-06  1.6770801630023949e-06
    24     17  1.7822866586546425e-06  4.3024936576091557e-06
    24     18 -2.0341441161137537e-04 -5.1121899049998772e-04
    24     19  1.2218750446547806e-06  5.8075475312979062e-06
    24     20  1.5102670351421945e-03 -3.2433184375441965e-04
    24     21  5.8060301741329354e-05  2.7166383969085055e-04
    24     22  1.2573742220648642e-03 -2.7425436796534985e-04
    24     23  9.6540872622937241e-06 -7.3558480009299562e-06
    24     24  0.0000000000000000e+00  0.0000000000000000e+00
    24     25 -7.0074574398059308e-02 -1.0559493552725380e-08
    24     26  6.7118717567103717e-07  5.7350370830007988e-06
    24     27 -6.9083411188138486e-06 -1.6672211676243892e-07
    24     28  5.0391324353390738e-04  1.2161699246537430e-05
    25      1 -9.2376395503453692e-06 -5.9058089483922153e-06
    25      2 -4.4373697086609598e-04 -2.7917077126460646e-04
    25      3 -1.0390332417649167e-02 -6.5402397088552555e-03
    25      4 -2.4289454354380409e-06 -2.0699780473559953e-05
    25      5 -2.6239299628003721e-03 -7.6481095245817460e-05
    25      6 -7.6931880500709232e-02 -2.2420512492339999e-03
    25      7  3.0696297907928285e-04 -2.1723600908477698e-04
    25      8 -7.6892470994030163e-05 -1.0962876399024673e-04
    25      9 -8.7995688660735599e-04 -1.2548467306442200e-03
    25     10  1.4261851507698922e-03 -3.7778856836299655e-05
    25     11  2.2544161169799233e-05  1.3366186811714325e-04
    25     12 -2.6237662222711373e-04 -1.4330936422475809e-03
    25     13 -3.7609596285310276e-04 -1.4926441275442328e-04
    25     14 -1.7512767351814541e-04  4.9857768974468866e-05
    25     15 -1.9875245850176134e-03  5.8113529721391167e-04
    25     16 -4.7431141713342606e-06  1.1941641638810789e-06
    25     17  2.5301766813241356e-04  6.1078195584181251e-04
    25     18 -8.9704793198945032e-03 -2.2544459711931211e-02
    25     19 -2.2609469466923720e-06 -1.0745241745203541e-05
    25     20  1.2471883646313720e-03 -2.6783579268614097e-04
    25     21  2.4897061627161598e-04  1.1649553209927264e-03
    25     22  3.6904567793612592e-02 -8.0495114817385818e-03
    25     23  7.7394552060974542e-06 -5.9069691076187510e-06
    25     24 -7.0074574398065734e-02  1.0563509363677863e-08
    25     25  0.0000000000000000e+00  0.0000000000000000e+00
    25     26 -9.1618798232597326e-07 -7.8298802044090635e-06
    25     27  5.0452621889019822e-04  1.2176989874998247e-05
    25     28  2.3105862497188580e-02  5.5763975998831031e-04
    26      1  2.3701309386794646e-04 -4.0571815938602148e-04
    26      2  7.2744783018110471e-06 -9.0151834071385273e-06
    26      3  1.8656748555255134e-05 -2.3123648934526343e-05
    26      4  1.0761336609173202e-04 -2.6568691075176347e-08
    26      5  8.3999492065741329e-07 -5.7024604087835855e-06
    26      6  8.7686346697068118e-07 -8.9503916292838059e-06
    26      7 -1.6789441126746444e-05 -3.1908282029280802e-05
    26      8 -2.0607351586216102e-04  1.1135364198044979e-04
    26      9  1.8910307119673333e-04 -1.0287440460666976e-04
    26     10 -4.3272378811240636e-06  4.7938193071426984e-05
    26     11 -2.5418489549178694e-05  1.2876256151757519e-06
    26     12  5.9834713153775199e-04 -3.8737809185258525e-05
    26     13  3.2483431137824385e-04 -6.0159172373952117e-04
    26     14  5.6586377629958429e-04  3.5742420714132781e-03
    26     15  1.0688894900281540e-04  6.7517644018241308e-04
    26     16 -1.0248251798737000e-03 -7.8141681640379029e-03
    26     17  5.7648285175230240e-05 -1.6342031271430107e-05
    26     18 -3.0417639119975015e-05  8.1628700692528215e-06
    26     19 -1.6666256894396004e-03  1.5179861906904624e-04
    26     20  6.0427297798496929e-07  6.3402811954095766e-06
    26     21 -4.0384668398890872e-04  3.8094563261007570e-05
    26     22 -2.6349583108568057e-07 -2.6723253662589169e-06
    26     23  2.8132659219264816e-05  4.7404069885112612e-05
    26     24  6.7118717567096507e-07 -5.7350370830012088e-06
    26     25 -9.1618798232596172e-07  7.8298802044090161e-06
    26     26  0.0000000000000000e+00  0.0000000000000000e+00
    26     27 -3.1923185682257871e-06  2.2645975386949056e-05
    26     28 -1.2523243628124771e-06  8.8558236147894562e-06
    27      1 -7.4881090320119297e-07 -3.0615224759064817e-07
    27      2 -3.9431156730442398e-04 -2.3545609086624762e-04
    27      3 -4.5395304629258955e-04 -2.7103531698503738e-04
    27      4  9.8263097663999676e-07  6.8801431156342941e-06
    27      5  3.4709608823003157e-05  1.9754960053639912e-07
    27      6  1.0610537837001653e-03  5.8877245838121711e-06
    27      7  2.0756245432218865e-04 -1.5459488669690202e-04
    27      8 -2.2696209703138234e-05 -3.0980383578853255e-05
    27      9 -1.5031770995882818e-04 -2.0290082421103899e-04
    27     10  2.8276765740037091e-06 -1.4323538289410848e-07
    27     11  1.5641507584018429e-06  8.0783515713465942e-06
    27     12 -4.0023983688390895e-05 -1.9221427598126810e-04
    27     13  3.4759503936523384e-03  1.2864156515795743e-03
    27     14 -1.8236888355924237e-04  5.5940204662933522e-05
    27     15 -1.7531134184491817e-04  5.3778684942224601e-05
    27     16  4.4957443939704127e-05 -1.2492132958794099e-05
    27     17 -2.9474417528792657e-03 -6.6561438880374238e-03
    27     18  9.8542246375593178e-04  2.3125043235840319e-03
    27     19  1.4125380802815350e-06  5.9928295158967479e-06
    27     20  1.5265738813592176e-03 -3.6657733202423204e-04
    27     21  6.6169730913761708e-05  2.7675806940720882e-04
    27     22  1.3037821334767928e-03 -3.1751389302887167e-04
    27     23 -4.6578178121625612e-06  3.7376687463448794e-06
    27     24 -6.9083411187791541e-06  1.6672211675549939e-07
    27     25  5.0452621889019692e-04 -1.2176989874998606e-05
    27     26 -3.1923162682960567e-06 -2.2645965039792101e-05
    27     27  0.0000000000000000e+00  0.0000000000000000e+00
    27     28 -6.9707244551355407e-02  1.0012874235785638e-08
    28      1  1.7352639175105119e-05  7.0920784701014748e-06
    28      2 -4.6520786554206102e-04 -2.7778868565926824e-04
    28      3 -1.1193067995617700e-02 -6.6828766791962868e-03
    28      4  9.2833607978514573e-07  8.8809282023156574e-06
    28      5  1.1558913284927118e-03  6.3562123217560408e-06
    28      6  4.2688141370654985e-02  2.2119440208168481e-04
    28      7  3.0029774017550871e-04 -2.2273027144913371e-04
    28      8 -1.2050374520280945e-04 -1.6244721779248394e-04
    28      9 -1.3468713484704564e-03 -1.7982140379427362e-03
    28     10 -5.4901525067506938e-05  2.7818564716175376e-06
    28     11  2.7732563035359189e-05  1.4324530659809865e-04
    28     12 -3.4849574903403287e-04 -1.6740214321541574e-03
    28     13  1.2247666114594176e-03  4.5327240636162274e-04
    28     14 -1.2450930924372717e-04  3.8194945963147082e-05
    28     15 -1.4322255705013155e-03  4.3923105231302419e-04
    28     16  3.6396107763551363e-06 -1.0125023894057704e-06
    28     17 -1.2007425686776261e-03 -2.7116124395355941e-03
    28     18  3.1822838306049664e-02  7.4679062346463612e-02
    28     19 -1.8744281712136755e-06 -7.9503650623793520e-06
    28     20  1.2936985261683923e-03 -3.1065641756197353e-04
    28     21  2.9452871839598241e-04  1.2319188021508989e-03
    28     22  3.8836285567916906e-02 -9.4579196888857874e-03
    28     23  2.6810651118270233e-06 -2.1503176628407038e-06
    28     24  5.0391324353390586e-04 -1.2161699246538107e-05
    28     25  2.3105862497188559e-02 -5.5763975998831703e-04
    28     26 -1.2523245459940832e-06 -8.8558246961996827e-06
    28     27 -6.9707244551349093e-02 -1.0008853968449011e-08
    28     28  0.0000000000000000e+00  0.0000000000000000e+00
