                27                10
     1BSE eigenvalue    1.53335143      IP-eigenvalue:    1.53335004
  0.00000  0.00000  0.00000    -6.0785256    -2.3708546     0.0000016     9    11     -0.000000+i*     0.000000
  0.00000  0.00000  0.00000    -4.1241113    -2.3708546     0.0000000    10    11      0.000000+i*     0.000000
  0.00000  0.00000  0.00000    -4.1241113     0.4107230     0.0000000    10    12      0.000000+i*     0.000000
  0.33333  0.00000  0.00000    -4.5946561    -0.8328566     0.0000016     9    11     -0.000000+i*     0.000000
  0.33333  0.00000  0.00000    -2.8335705    -0.8328566     0.0000094    10    11     -0.000000+i*    -0.000001
  0.33333  0.00000  0.00000    -2.8335705     1.9685811     0.0000562    10    12     -0.000001+i*    -0.000006
  0.00000  0.33333  0.00000    -5.1496778    -1.5869842     0.0000017     9    11     -0.000000+i*     0.000000
  0.00000  0.33333  0.00000    -3.1203342    -1.5869842     6.3639624    10    11     -0.017751+i*    -0.706884
  0.00000  0.33333  0.00000    -3.1203342     1.1932086     0.0001276    10    12      0.000000+i*     0.000014
  0.33333  0.33333  0.00000    -4.2052738    -0.0464668     0.0000013     9    11     -0.000000+i*     0.000000
  0.33333  0.33333  0.00000    -2.8912559    -0.0464668     0.0000106    10    11      0.000000+i*    -0.000001
  0.33333  0.33333  0.00000    -2.8912559     2.6619915     0.0001293    10    12      0.000002+i*    -0.000014
 -0.33333  0.33333  0.00000    -4.4620760    -0.0451223     0.0000012     9    11     -0.000000+i*     0.000000
 -0.33333  0.33333  0.00000    -3.2688503    -0.0451223     0.0000121    10    11     -0.000001+i*    -0.000000
 -0.33333  0.33333  0.00000    -3.2688503     2.6226298     0.0001591    10    12      0.000017+i*     0.000004
 -0.33333  0.00000  0.00000    -4.5946561    -0.8328566     0.0000016     9    11     -0.000000+i*     0.000000
 -0.33333  0.00000  0.00000    -2.8335705    -0.8328566     0.0000094    10    11     -0.000000+i*     0.000001
 -0.33333  0.00000  0.00000    -2.8335705     1.9685811     0.0000562    10    12     -0.000001+i*     0.000006
  0.00000 -0.33333  0.00000    -5.1496778    -1.5869842     0.0000017     9    11     -0.000000+i*     0.000000
  0.00000 -0.33333  0.00000    -3.1203342    -1.5869842     6.3639596    10    11      0.011903+i*     0.707006
  0.00000 -0.33333  0.00000    -3.1203342     1.1932086     0.0001276    10    12     -0.000000+i*    -0.000014
  0.33333 -0.33333  0.00000    -4.4620760    -0.0451223     0.0000012     9    11     -0.000000+i*    -0.000000
  0.33333 -0.33333  0.00000    -3.2688503    -0.0451223     0.0000121    10    11     -0.000001+i*     0.000000
  0.33333 -0.33333  0.00000    -3.2688503     2.6226298     0.0001590    10    12      0.000017+i*    -0.000004
 -0.33333 -0.33333  0.00000    -4.2052738    -0.0464668     0.0000013     9    11     -0.000000+i*     0.000000
 -0.33333 -0.33333  0.00000    -2.8912559    -0.0464668     0.0000106    10    11      0.000000+i*     0.000001
 -0.33333 -0.33333  0.00000    -2.8912559     2.6619915     0.0001293    10    12      0.000002+i*     0.000014
     2BSE eigenvalue    1.53344163      IP-eigenvalue:    1.53335004
  0.00000  0.00000  0.00000    -6.0785256    -2.3708546     0.0000000     9    11     -0.000000+i*     0.000000
  0.00000  0.00000  0.00000    -4.1241113    -2.3708546     0.0025133    10    11     -0.000275+i*     0.000049
  0.00000  0.00000  0.00000    -4.1241113     0.4107230     0.0061478    10    12     -0.000673+i*     0.000119
  0.33333  0.00000  0.00000    -4.5946561    -0.8328566     0.0000000     9    11     -0.000000+i*     0.000000
  0.33333  0.00000  0.00000    -2.8335705    -0.8328566     0.0012031    10    11      0.000026+i*     0.000131
  0.33333  0.00000  0.00000    -2.8335705     1.9685811     0.0057156    10    12      0.000123+i*     0.000623
  0.00000  0.33333  0.00000    -5.1496778    -1.5869842     0.0000001     9    11      0.000000+i*    -0.000000
  0.00000  0.33333  0.00000    -3.1203342    -1.5869842     6.3639481    10    11      0.037464+i*     0.706112
  0.00000  0.33333  0.00000    -3.1203342     1.1932086     0.0068516    10    12     -0.000040+i*    -0.000760
  0.33333  0.33333  0.00000    -4.2052738    -0.0464668     0.0000001     9    11      0.000000+i*    -0.000000
  0.33333  0.33333  0.00000    -2.8912559    -0.0464668     0.0004661    10    11     -0.000005+i*     0.000052
  0.33333  0.33333  0.00000    -2.8912559     2.6619915     0.0047944    10    12     -0.000049+i*     0.000530
 -0.33333  0.33333  0.00000    -4.4620760    -0.0451223     0.0000000     9    11      0.000000+i*    -0.000000
 -0.33333  0.33333  0.00000    -3.2688503    -0.0451223     0.0003847    10    11      0.000042+i*     0.000008
 -0.33333  0.33333  0.00000    -3.2688503     2.6226298     0.0044326    10    12     -0.000484+i*    -0.000090
 -0.33333  0.00000  0.00000    -4.5946561    -0.8328566     0.0000000     9    11     -0.000000+i*     0.000000
 -0.33333  0.00000  0.00000    -2.8335705    -0.8328566     0.0012031    10    11     -0.000013+i*     0.000133
 -0.33333  0.00000  0.00000    -2.8335705     1.9685811     0.0057156    10    12     -0.000061+i*     0.000632
  0.00000 -0.33333  0.00000    -5.1496778    -1.5869842     0.0000001     9    11     -0.000000+i*     0.000000
  0.00000 -0.33333  0.00000    -3.1203342    -1.5869842     6.3639510    10    11      0.031622+i*     0.706398
  0.00000 -0.33333  0.00000    -3.1203342     1.1932086     0.0068516    10    12     -0.000034+i*    -0.000761
  0.33333 -0.33333  0.00000    -4.4620760    -0.0451223     0.0000000     9    11     -0.000000+i*    -0.000000
  0.33333 -0.33333  0.00000    -3.2688503    -0.0451223     0.0003846    10    11     -0.000041+i*     0.000012
  0.33333 -0.33333  0.00000    -3.2688503     2.6226298     0.0044318    10    12      0.000473+i*    -0.000137
 -0.33333 -0.33333  0.00000    -4.2052738    -0.0464668     0.0000001     9    11     -0.000000+i*     0.000000
 -0.33333 -0.33333  0.00000    -2.8912559    -0.0464668     0.0004661    10    11      0.000010+i*     0.000051
 -0.33333 -0.33333  0.00000    -2.8912559     2.6619915     0.0047944    10    12      0.000100+i*     0.000523
     3BSE eigenvalue    1.75329770      IP-eigenvalue:    1.75325663
  0.00000  0.00000  0.00000    -6.0785256    -2.3708546     0.0000000     9    11     -0.000000+i*     0.000000
  0.00000  0.00000  0.00000    -4.1241113    -2.3708546     8.9999917    10    11      0.987965+i*    -0.154672
  0.00000  0.00000  0.00000    -4.1241113     0.4107230     0.0043410    10    12     -0.000477+i*     0.000073
  0.33333  0.00000  0.00000    -4.5946561    -0.8328566     0.0000000     9    11     -0.000000+i*     0.000000
  0.33333  0.00000  0.00000    -2.8335705    -0.8328566     0.0015170    10    11      0.000029+i*     0.000166
  0.33333  0.00000  0.00000    -2.8335705     1.9685811     0.0040007    10    12      0.000076+i*     0.000438
  0.00000  0.33333  0.00000    -5.1496778    -1.5869842     0.0000001     9    11      0.000000+i*    -0.000000
  0.00000  0.33333  0.00000    -3.1203342    -1.5869842     0.0017614    10    11      0.000006+i*     0.000196
  0.00000  0.33333  0.00000    -3.1203342     1.1932086     0.0048366    10    12     -0.000016+i*    -0.000537
  0.33333  0.33333  0.00000    -4.2052738    -0.0464668     0.0000000     9    11      0.000000+i*    -0.000000
  0.33333  0.33333  0.00000    -2.8912559    -0.0464668     0.0003704    10    11     -0.000005+i*     0.000041
  0.33333  0.33333  0.00000    -2.8912559     2.6619915     0.0032848    10    12     -0.000042+i*     0.000363
 -0.33333  0.33333  0.00000    -4.4620760    -0.0451223     0.0000000     9    11      0.000000+i*    -0.000000
 -0.33333  0.33333  0.00000    -3.2688503    -0.0451223     0.0002909    10    11      0.000032+i*     0.000007
 -0.33333  0.33333  0.00000    -3.2688503     2.6226298     0.0030138    10    12     -0.000328+i*    -0.000069
 -0.33333  0.00000  0.00000    -4.5946561    -0.8328566     0.0000000     9    11     -0.000000+i*     0.000000
 -0.33333  0.00000  0.00000    -2.8335705    -0.8328566     0.0015170    10    11     -0.000020+i*     0.000167
 -0.33333  0.00000  0.00000    -2.8335705     1.9685811     0.0040007    10    12     -0.000053+i*     0.000441
  0.00000 -0.33333  0.00000    -5.1496778    -1.5869842     0.0000001     9    11     -0.000000+i*     0.000000
  0.00000 -0.33333  0.00000    -3.1203342    -1.5869842     0.0017614    10    11      0.000004+i*     0.000196
  0.00000 -0.33333  0.00000    -3.1203342     1.1932086     0.0048366    10    12     -0.000012+i*    -0.000537
  0.33333 -0.33333  0.00000    -4.4620760    -0.0451223     0.0000000     9    11      0.000000+i*     0.000000
  0.33333 -0.33333  0.00000    -3.2688503    -0.0451223     0.0002908    10    11     -0.000031+i*     0.000009
  0.33333 -0.33333  0.00000    -3.2688503     2.6226298     0.0030132    10    12      0.000324+i*    -0.000086
 -0.33333 -0.33333  0.00000    -4.2052738    -0.0464668     0.0000001     9    11     -0.000000+i*     0.000000
 -0.33333 -0.33333  0.00000    -2.8912559    -0.0464668     0.0003704    10    11      0.000007+i*     0.000041
 -0.33333 -0.33333  0.00000    -2.8912559     2.6619915     0.0032848    10    12      0.000061+i*     0.000360
     4BSE eigenvalue    2.00071425      IP-eigenvalue:    2.00071389
  0.00000  0.00000  0.00000    -6.0785256    -2.3708546     0.0000000     9    11      0.000000+i*     0.000000
  0.00000  0.00000  0.00000    -4.1241113    -2.3708546     0.0000000    10    11      0.000000+i*    -0.000000
  0.00000  0.00000  0.00000    -4.1241113     0.4107230     0.0000000    10    12     -0.000000+i*    -0.000000
  0.33333  0.00000  0.00000    -4.5946561    -0.8328566     0.0000000     9    11      0.000000+i*    -0.000000
  0.33333  0.00000  0.00000    -2.8335705    -0.8328566     6.3639614    10    11      0.113791+i*     0.697891
  0.33333  0.00000  0.00000    -2.8335705     1.9685811     0.0000341    10    12     -0.000001+i*    -0.000004
  0.00000  0.33333  0.00000    -5.1496778    -1.5869842     0.0000000     9    11      0.000000+i*    -0.000000
  0.00000  0.33333  0.00000    -3.1203342    -1.5869842     0.0000094    10    11     -0.000000+i*    -0.000001
  0.00000  0.33333  0.00000    -3.1203342     1.1932086     0.0000761    10    12      0.000000+i*     0.000008
  0.33333  0.33333  0.00000    -4.2052738    -0.0464668     0.0000000     9    11      0.000000+i*    -0.000000
  0.33333  0.33333  0.00000    -2.8912559    -0.0464668     0.0000079    10    11      0.000000+i*    -0.000001
  0.33333  0.33333  0.00000    -2.8912559     2.6619915     0.0000705    10    12      0.000001+i*    -0.000008
 -0.33333  0.33333  0.00000    -4.4620760    -0.0451223     0.0000000     9    11      0.000000+i*    -0.000000
 -0.33333  0.33333  0.00000    -3.2688503    -0.0451223     0.0000078    10    11     -0.000001+i*    -0.000000
 -0.33333  0.33333  0.00000    -3.2688503     2.6226298     0.0000833    10    12      0.000009+i*     0.000002
 -0.33333  0.00000  0.00000    -4.5946561    -0.8328566     0.0000000     9    11      0.000000+i*    -0.000000
 -0.33333  0.00000  0.00000    -2.8335705    -0.8328566     6.3639607    10    11      0.091464+i*    -0.701166
 -0.33333  0.00000  0.00000    -2.8335705     1.9685811     0.0000341    10    12     -0.000000+i*     0.000004
  0.00000 -0.33333  0.00000    -5.1496778    -1.5869842     0.0000000     9    11      0.000000+i*    -0.000000
  0.00000 -0.33333  0.00000    -3.1203342    -1.5869842     0.0000094    10    11      0.000000+i*     0.000001
  0.00000 -0.33333  0.00000    -3.1203342     1.1932086     0.0000761    10    12     -0.000000+i*    -0.000008
  0.33333 -0.33333  0.00000    -4.4620760    -0.0451223     0.0000000     9    11      0.000000+i*     0.000000
  0.33333 -0.33333  0.00000    -3.2688503    -0.0451223     0.0000078    10    11     -0.000001+i*     0.000000
  0.33333 -0.33333  0.00000    -3.2688503     2.6226298     0.0000833    10    12      0.000009+i*    -0.000002
 -0.33333 -0.33333  0.00000    -4.2052738    -0.0464668     0.0000000     9    11      0.000000+i*    -0.000000
 -0.33333 -0.33333  0.00000    -2.8912559    -0.0464668     0.0000079    10    11      0.000000+i*     0.000001
 -0.33333 -0.33333  0.00000    -2.8912559     2.6619915     0.0000705    10    12      0.000001+i*     0.000008
     5BSE eigenvalue    2.00079771      IP-eigenvalue:    2.00071389
  0.00000  0.00000  0.00000    -6.0785256    -2.3708546     0.0000000     9    11      0.000000+i*     0.000000
  0.00000  0.00000  0.00000    -4.1241113    -2.3708546     0.0021210    10    11     -0.000231+i*     0.000045
  0.00000  0.00000  0.00000    -4.1241113     0.4107230     0.0067870    10    12      0.000741+i*    -0.000141
  0.33333  0.00000  0.00000    -4.5946561    -0.8328566     0.0000000     9    11      0.000000+i*    -0.000000
  0.33333  0.00000  0.00000    -2.8335705    -0.8328566     6.3639473    10    11      0.146139+i*     0.691839
  0.33333  0.00000  0.00000    -2.8335705     1.9685811     0.0062065    10    12     -0.000143+i*    -0.000675
  0.00000  0.33333  0.00000    -5.1496778    -1.5869842     0.0000001     9    11     -0.000000+i*     0.000000
  0.00000  0.33333  0.00000    -3.1203342    -1.5869842     0.0011793    10    11     -0.000009+i*    -0.000131
  0.00000  0.33333  0.00000    -3.1203342     1.1932086     0.0076426    10    12      0.000056+i*     0.000847
  0.33333  0.33333  0.00000    -4.2052738    -0.0464668     0.0000001     9    11     -0.000000+i*     0.000000
  0.33333  0.33333  0.00000    -2.8912559    -0.0464668     0.0006824    10    11      0.000006+i*    -0.000076
  0.33333  0.33333  0.00000    -2.8912559     2.6619915     0.0050214    10    12      0.000044+i*    -0.000556
 -0.33333  0.33333  0.00000    -4.4620760    -0.0451223     0.0000000     9    11     -0.000000+i*     0.000000
 -0.33333  0.33333  0.00000    -3.2688503    -0.0451223     0.0004989    10    11     -0.000054+i*    -0.000010
 -0.33333  0.33333  0.00000    -3.2688503     2.6226298     0.0045854    10    12      0.000502+i*     0.000086
 -0.33333  0.00000  0.00000    -4.5946561    -0.8328566     0.0000000     9    11      0.000000+i*    -0.000000
 -0.33333  0.00000  0.00000    -2.8335705    -0.8328566     6.3639480    10    11     -0.058741+i*     0.704661
 -0.33333  0.00000  0.00000    -2.8335705     1.9685811     0.0062065    10    12      0.000057+i*    -0.000687
  0.00000 -0.33333  0.00000    -5.1496778    -1.5869842     0.0000001     9    11      0.000000+i*    -0.000000
  0.00000 -0.33333  0.00000    -3.1203342    -1.5869842     0.0011793    10    11     -0.000008+i*    -0.000131
  0.00000 -0.33333  0.00000    -3.1203342     1.1932086     0.0076426    10    12      0.000050+i*     0.000848
  0.33333 -0.33333  0.00000    -4.4620760    -0.0451223     0.0000000     9    11     -0.000000+i*    -0.000000
  0.33333 -0.33333  0.00000    -3.2688503    -0.0451223     0.0004988    10    11      0.000053+i*    -0.000017
  0.33333 -0.33333  0.00000    -3.2688503     2.6226298     0.0045846    10    12     -0.000487+i*     0.000148
 -0.33333 -0.33333  0.00000    -4.2052738    -0.0464668     0.0000001     9    11      0.000000+i*    -0.000000
 -0.33333 -0.33333  0.00000    -2.8912559    -0.0464668     0.0006824    10    11     -0.000015+i*    -0.000074
 -0.33333 -0.33333  0.00000    -2.8912559     2.6619915     0.0050214    10    12     -0.000113+i*    -0.000546
     6BSE eigenvalue    2.84479255      IP-eigenvalue:    2.84478904
  0.00000  0.00000  0.00000    -6.0785256    -2.3708546     0.0000043     9    11     -0.000000+i*     0.000000
  0.00000  0.00000  0.00000    -4.1241113    -2.3708546     0.0000000    10    11     -0.000000+i*    -0.000000
  0.00000  0.00000  0.00000    -4.1241113     0.4107230     0.0000000    10    12     -0.000000+i*    -0.000000
  0.33333  0.00000  0.00000    -4.5946561    -0.8328566     0.0000040     9    11     -0.000000+i*     0.000000
  0.33333  0.00000  0.00000    -2.8335705    -0.8328566     0.0000079    10    11      0.000000+i*     0.000001
  0.33333  0.00000  0.00000    -2.8335705     1.9685811     0.0001425    10    12     -0.000003+i*    -0.000016
  0.00000  0.33333  0.00000    -5.1496778    -1.5869842     0.0000051     9    11     -0.000001+i*     0.000000
  0.00000  0.33333  0.00000    -3.1203342    -1.5869842     0.0000106    10    11     -0.000000+i*    -0.000001
  0.00000  0.33333  0.00000    -3.1203342     1.1932086     0.0003773    10    12      0.000001+i*     0.000042
  0.33333  0.33333  0.00000    -4.2052738    -0.0464668     0.0000028     9    11     -0.000000+i*     0.000000
  0.33333  0.33333  0.00000    -2.8912559    -0.0464668     6.3639633    10    11     -0.084424+i*     0.702049
  0.33333  0.33333  0.00000    -2.8912559     2.6619915     0.0003064    10    12      0.000004+i*    -0.000034
 -0.33333  0.33333  0.00000    -4.4620760    -0.0451223     0.0000023     9    11     -0.000000+i*     0.000000
 -0.33333  0.33333  0.00000    -3.2688503    -0.0451223     0.0000888    10    11     -0.000010+i*    -0.000002
 -0.33333  0.33333  0.00000    -3.2688503     2.6226298     0.0003701    10    12      0.000040+i*     0.000009
 -0.33333  0.00000  0.00000    -4.5946561    -0.8328566     0.0000040     9    11     -0.000000+i*     0.000000
 -0.33333  0.00000  0.00000    -2.8335705    -0.8328566     0.0000079    10    11      0.000000+i*    -0.000001
 -0.33333  0.00000  0.00000    -2.8335705     1.9685811     0.0001425    10    12     -0.000002+i*     0.000016
  0.00000 -0.33333  0.00000    -5.1496778    -1.5869842     0.0000051     9    11     -0.000001+i*     0.000000
  0.00000 -0.33333  0.00000    -3.1203342    -1.5869842     0.0000106    10    11      0.000000+i*     0.000001
  0.00000 -0.33333  0.00000    -3.1203342     1.1932086     0.0003773    10    12     -0.000001+i*    -0.000042
  0.33333 -0.33333  0.00000    -4.4620760    -0.0451223     0.0000023     9    11     -0.000000+i*    -0.000000
  0.33333 -0.33333  0.00000    -3.2688503    -0.0451223     0.0000888    10    11     -0.000010+i*     0.000003
  0.33333 -0.33333  0.00000    -3.2688503     2.6226298     0.0003700    10    12      0.000040+i*    -0.000010
 -0.33333 -0.33333  0.00000    -4.2052738    -0.0464668     0.0000028     9    11     -0.000000+i*     0.000000
 -0.33333 -0.33333  0.00000    -2.8912559    -0.0464668     6.3639587    10    11     -0.113804+i*    -0.697889
 -0.33333 -0.33333  0.00000    -2.8912559     2.6619915     0.0003064    10    12      0.000005+i*     0.000034
     7BSE eigenvalue    2.84488213      IP-eigenvalue:    2.84478904
  0.00000  0.00000  0.00000    -6.0785256    -2.3708546     0.0000001     9    11     -0.000000+i*     0.000000
  0.00000  0.00000  0.00000    -4.1241113    -2.3708546     0.0004877    10    11      0.000053+i*    -0.000010
  0.00000  0.00000  0.00000    -4.1241113     0.4107230     0.0105429    10    12     -0.001154+i*     0.000203
  0.33333  0.00000  0.00000    -4.5946561    -0.8328566     0.0000000     9    11     -0.000000+i*     0.000000
  0.33333  0.00000  0.00000    -2.8335705    -0.8328566     0.0006425    10    11     -0.000014+i*    -0.000070
  0.33333  0.00000  0.00000    -2.8335705     1.9685811     0.0092290    10    12      0.000197+i*     0.001006
  0.00000  0.33333  0.00000    -5.1496778    -1.5869842     0.0000002     9    11      0.000000+i*    -0.000000
  0.00000  0.33333  0.00000    -3.1203342    -1.5869842     0.0004298    10    11      0.000002+i*     0.000048
  0.00000  0.33333  0.00000    -3.1203342     1.1932086     0.0125716    10    12     -0.000072+i*    -0.001395
  0.33333  0.33333  0.00000    -4.2052738    -0.0464668     0.0000001     9    11      0.000000+i*    -0.000000
  0.33333  0.33333  0.00000    -2.8912559    -0.0464668     6.3639282    10    11      0.065645+i*    -0.704049
  0.33333  0.33333  0.00000    -2.8912559     2.6619915     0.0069133    10    12     -0.000071+i*     0.000765
 -0.33333  0.33333  0.00000    -4.4620760    -0.0451223     0.0000000     9    11      0.000000+i*    -0.000000
 -0.33333  0.33333  0.00000    -3.2688503    -0.0451223     0.0016682    10    11      0.000182+i*     0.000037
 -0.33333  0.33333  0.00000    -3.2688503     2.6226298     0.0061725    10    12     -0.000674+i*    -0.000126
 -0.33333  0.00000  0.00000    -4.5946561    -0.8328566     0.0000000     9    11     -0.000000+i*     0.000000
 -0.33333  0.00000  0.00000    -2.8335705    -0.8328566     0.0006425    10    11      0.000007+i*    -0.000071
 -0.33333  0.00000  0.00000    -2.8335705     1.9685811     0.0092290    10    12     -0.000100+i*     0.001021
  0.00000 -0.33333  0.00000    -5.1496778    -1.5869842     0.0000003     9    11     -0.000000+i*     0.000000
  0.00000 -0.33333  0.00000    -3.1203342    -1.5869842     0.0004298    10    11      0.000002+i*     0.000048
  0.00000 -0.33333  0.00000    -3.1203342     1.1932086     0.0125716    10    12     -0.000061+i*    -0.001396
  0.33333 -0.33333  0.00000    -4.4620760    -0.0451223     0.0000000     9    11     -0.000000+i*    -0.000000
  0.33333 -0.33333  0.00000    -3.2688503    -0.0451223     0.0016677    10    11     -0.000177+i*     0.000054
  0.33333 -0.33333  0.00000    -3.2688503     2.6226298     0.0061716    10    12      0.000659+i*    -0.000190
 -0.33333 -0.33333  0.00000    -4.2052738    -0.0464668     0.0000002     9    11     -0.000000+i*     0.000000
 -0.33333 -0.33333  0.00000    -2.8912559    -0.0464668     6.3639329    10    11     -0.132399+i*    -0.694598
 -0.33333 -0.33333  0.00000    -2.8912559     2.6619915     0.0069133    10    12      0.000144+i*     0.000755
     8BSE eigenvalue    3.22373605      IP-eigenvalue:    3.22372795
  0.00000  0.00000  0.00000    -6.0785256    -2.3708546     0.0000054     9    11     -0.000001+i*     0.000000
  0.00000  0.00000  0.00000    -4.1241113    -2.3708546     0.0000000    10    11     -0.000000+i*     0.000000
  0.00000  0.00000  0.00000    -4.1241113     0.4107230     0.0000009    10    12     -0.000000+i*     0.000000
  0.33333  0.00000  0.00000    -4.5946561    -0.8328566     0.0000049     9    11     -0.000001+i*     0.000000
  0.33333  0.00000  0.00000    -2.8335705    -0.8328566     0.0000077    10    11      0.000000+i*     0.000001
  0.33333  0.00000  0.00000    -2.8335705     1.9685811     0.0002505    10    12     -0.000005+i*    -0.000027
  0.00000  0.33333  0.00000    -5.1496778    -1.5869842     0.0000077     9    11     -0.000001+i*     0.000000
  0.00000  0.33333  0.00000    -3.1203342    -1.5869842     0.0000121    10    11     -0.000000+i*    -0.000001
  0.00000  0.33333  0.00000    -3.1203342     1.1932086     0.0007427    10    12      0.000002+i*     0.000082
  0.33333  0.33333  0.00000    -4.2052738    -0.0464668     0.0000028     9    11     -0.000000+i*     0.000000
  0.33333  0.33333  0.00000    -2.8912559    -0.0464668     0.0000887    10    11     -0.000001+i*     0.000010
  0.33333  0.33333  0.00000    -2.8912559     2.6619915     0.0005303    10    12      0.000007+i*    -0.000059
 -0.33333  0.33333  0.00000    -4.4620760    -0.0451223     0.0000023     9    11     -0.000000+i*     0.000000
 -0.33333  0.33333  0.00000    -3.2688503    -0.0451223     6.3630557    10    11      0.689023+i*     0.158445
 -0.33333  0.33333  0.00000    -3.2688503     2.6226298     0.0006403    10    12      0.000070+i*     0.000015
 -0.33333  0.00000  0.00000    -4.5946561    -0.8328566     0.0000049     9    11     -0.000001+i*     0.000000
 -0.33333  0.00000  0.00000    -2.8335705    -0.8328566     0.0000077    10    11      0.000000+i*    -0.000001
 -0.33333  0.00000  0.00000    -2.8335705     1.9685811     0.0002521    10    12     -0.000003+i*     0.000028
  0.00000 -0.33333  0.00000    -5.1496778    -1.5869842     0.0000077     9    11     -0.000001+i*     0.000000
  0.00000 -0.33333  0.00000    -3.1203342    -1.5869842     0.0000121    10    11      0.000000+i*     0.000001
  0.00000 -0.33333  0.00000    -3.1203342     1.1932086     0.0007452    10    12     -0.000001+i*    -0.000083
  0.33333 -0.33333  0.00000    -4.4620760    -0.0451223     0.0000023     9    11     -0.000000+i*    -0.000000
  0.33333 -0.33333  0.00000    -3.2688503    -0.0451223     6.3648660    10    11      0.681944+i*    -0.187337
  0.33333 -0.33333  0.00000    -3.2688503     2.6226298     0.0006414    10    12      0.000069+i*    -0.000018
 -0.33333 -0.33333  0.00000    -4.2052738    -0.0464668     0.0000028     9    11     -0.000000+i*     0.000000
 -0.33333 -0.33333  0.00000    -2.8912559    -0.0464668     0.0000887    10    11     -0.000002+i*    -0.000010
 -0.33333 -0.33333  0.00000    -2.8912559     2.6619915     0.0005316    10    12      0.000010+i*     0.000058
     9BSE eigenvalue    3.22382946      IP-eigenvalue:    3.22372795
  0.00000  0.00000  0.00000    -6.0785256    -2.3708546     0.0000021     9    11     -0.000000+i*     0.000000
  0.00000  0.00000  0.00000    -4.1241113    -2.3708546     0.0003644    10    11     -0.000040+i*     0.000006
  0.00000  0.00000  0.00000    -4.1241113     0.4107230     0.0139954    10    12      0.001539+i*    -0.000225
  0.33333  0.00000  0.00000    -4.5946561    -0.8328566     0.0000019     9    11     -0.000000+i*     0.000000
  0.33333  0.00000  0.00000    -2.8335705    -0.8328566     0.0004471    10    11      0.000008+i*     0.000049
  0.33333  0.00000  0.00000    -2.8335705     1.9685811     0.0118015    10    12     -0.000215+i*    -0.001294
  0.00000  0.33333  0.00000    -5.1496778    -1.5869842     0.0000035     9    11     -0.000000+i*     0.000000
  0.00000  0.33333  0.00000    -3.1203342    -1.5869842     0.0003374    10    11     -0.000001+i*    -0.000037
  0.00000  0.33333  0.00000    -3.1203342     1.1932086     0.0175164    10    12      0.000045+i*     0.001946
  0.33333  0.33333  0.00000    -4.2052738    -0.0464668     0.0000012     9    11     -0.000000+i*     0.000000
  0.33333  0.33333  0.00000    -2.8912559    -0.0464668     0.0015884    10    11     -0.000021+i*     0.000175
  0.33333  0.33333  0.00000    -2.8912559     2.6619915     0.0083313    10    12      0.000112+i*    -0.000919
 -0.33333  0.33333  0.00000    -4.4620760    -0.0451223     0.0000008     9    11     -0.000000+i*     0.000000
 -0.33333  0.33333  0.00000    -3.2688503    -0.0451223     6.3648135    10    11      0.688876+i*     0.159949
 -0.33333  0.33333  0.00000    -3.2688503     2.6226298     0.0073266    10    12      0.000795+i*     0.000173
 -0.33333  0.00000  0.00000    -4.5946561    -0.8328566     0.0000019     9    11     -0.000000+i*     0.000000
 -0.33333  0.00000  0.00000    -2.8335705    -0.8328566     0.0004470    10    11     -0.000006+i*     0.000049
 -0.33333  0.00000  0.00000    -2.8335705     1.9685811     0.0118014    10    12      0.000166+i*    -0.001301
  0.00000 -0.33333  0.00000    -5.1496778    -1.5869842     0.0000024     9    11     -0.000000+i*     0.000000
  0.00000 -0.33333  0.00000    -3.1203342    -1.5869842     0.0003374    10    11     -0.000001+i*    -0.000037
  0.00000 -0.33333  0.00000    -3.1203342     1.1932086     0.0175159    10    12      0.000029+i*     0.001946
  0.33333 -0.33333  0.00000    -4.4620760    -0.0451223     0.0000007     9    11     -0.000000+i*    -0.000000
  0.33333 -0.33333  0.00000    -3.2688503    -0.0451223     6.3630032    10    11     -0.682139+i*     0.185837
  0.33333 -0.33333  0.00000    -3.2688503     2.6226298     0.0073253    10    12     -0.000788+i*     0.000203
 -0.33333 -0.33333  0.00000    -4.2052738    -0.0464668     0.0000008     9    11     -0.000000+i*     0.000000
 -0.33333 -0.33333  0.00000    -2.8912559    -0.0464668     0.0015884    10    11      0.000028+i*     0.000174
 -0.33333 -0.33333  0.00000    -2.8912559     2.6619915     0.0083311    10    12     -0.000147+i*    -0.000914
    10BSE eigenvalue    3.56269414      IP-eigenvalue:    3.56269363
  0.00000  0.00000  0.00000    -6.0785256    -2.3708546     0.0000000     9    11     -0.000000+i*     0.000000
  0.00000  0.00000  0.00000    -4.1241113    -2.3708546     0.0000001    10    11     -0.000000+i*     0.000000
  0.00000  0.00000  0.00000    -4.1241113     0.4107230     0.0000011    10    12      0.000000+i*    -0.000000
  0.33333  0.00000  0.00000    -4.5946561    -0.8328566     0.0000074     9    11     -0.000001+i*     0.000000
  0.33333  0.00000  0.00000    -2.8335705    -0.8328566     0.0000001    10    11      0.000000+i*     0.000000
  0.33333  0.00000  0.00000    -2.8335705     1.9685811     0.0000008    10    12     -0.000000+i*    -0.000000
  0.00000  0.33333  0.00000    -5.1496778    -1.5869842     6.3639611     9    11      0.587249+i*    -0.393877
  0.00000  0.33333  0.00000    -3.1203342    -1.5869842     0.0000001    10    11     -0.000000+i*    -0.000000
  0.00000  0.33333  0.00000    -3.1203342     1.1932086     0.0000014    10    12      0.000000+i*     0.000000
  0.33333  0.33333  0.00000    -4.2052738    -0.0464668     0.0000092     9    11     -0.000001+i*     0.000001
  0.33333  0.33333  0.00000    -2.8912559    -0.0464668     0.0000002    10    11      0.000000+i*     0.000000
  0.33333  0.33333  0.00000    -2.8912559     2.6619915     0.0000006    10    12     -0.000000+i*    -0.000000
 -0.33333  0.33333  0.00000    -4.4620760    -0.0451223     0.0000104     9    11     -0.000001+i*     0.000001
 -0.33333  0.33333  0.00000    -3.2688503    -0.0451223     0.0000005    10    11      0.000000+i*    -0.000000
 -0.33333  0.33333  0.00000    -3.2688503     2.6226298     0.0000006    10    12      0.000000+i*    -0.000000
 -0.33333  0.00000  0.00000    -4.5946561    -0.8328566     0.0000074     9    11      0.000001+i*    -0.000000
 -0.33333  0.00000  0.00000    -2.8335705    -0.8328566     0.0000001    10    11      0.000000+i*     0.000000
 -0.33333  0.00000  0.00000    -2.8335705     1.9685811     0.0000008    10    12     -0.000000+i*    -0.000000
  0.00000 -0.33333  0.00000    -5.1496778    -1.5869842     6.3639609     9    11     -0.587197+i*     0.393955
  0.00000 -0.33333  0.00000    -3.1203342    -1.5869842     0.0000001    10    11     -0.000000+i*    -0.000000
  0.00000 -0.33333  0.00000    -3.1203342     1.1932086     0.0000014    10    12      0.000000+i*     0.000000
  0.33333 -0.33333  0.00000    -4.4620760    -0.0451223     0.0000104     9    11      0.000001+i*    -0.000000
  0.33333 -0.33333  0.00000    -3.2688503    -0.0451223     0.0000005    10    11     -0.000000+i*     0.000000
  0.33333 -0.33333  0.00000    -3.2688503     2.6226298     0.0000006    10    12     -0.000000+i*     0.000000
 -0.33333 -0.33333  0.00000    -4.2052738    -0.0464668     0.0000092     9    11      0.000001+i*    -0.000001
 -0.33333 -0.33333  0.00000    -2.8912559    -0.0464668     0.0000002    10    11      0.000000+i*     0.000000
 -0.33333 -0.33333  0.00000    -2.8912559     2.6619915     0.0000006    10    12     -0.000000+i*    -0.000000
