                27                27
     1BSE eigenvalue    1.53335148      IP-eigenvalue:    1.53335004
  0.00000  0.00000  0.00000    -6.0785256    -2.3708546     0.0000058     9    11     -0.000001+i*     0.000000
  0.00000  0.00000  0.00000    -4.1241113    -2.3708546     0.0000000    10    11      0.000000+i*    -0.000000
  0.00000  0.00000  0.00000    -4.1241113     0.4107230     0.0000000    10    12      0.000000+i*     0.000000
  0.33333  0.00000  0.00000    -4.5946561    -0.8328566     0.0000056     9    11     -0.000001+i*     0.000000
  0.33333  0.00000  0.00000    -2.8335705    -0.8328566     0.0000096    10    11     -0.000000+i*    -0.000001
  0.33333  0.00000  0.00000    -2.8335705     1.9685811     0.0000554    10    12     -0.000001+i*    -0.000006
  0.00000  0.33333  0.00000    -5.1496778    -1.5869842     0.0000060     9    11     -0.000001+i*     0.000000
  0.00000  0.33333  0.00000    -3.1203342    -1.5869842     6.3639610    10    11     -0.017745+i*    -0.706884
  0.00000  0.33333  0.00000    -3.1203342     1.1932086     0.0001284    10    12      0.000000+i*     0.000014
  0.33333  0.33333  0.00000    -4.2052738    -0.0464668     0.0000044     9    11     -0.000000+i*     0.000000
  0.33333  0.33333  0.00000    -2.8912559    -0.0464668     0.0000110    10    11      0.000000+i*    -0.000001
  0.33333  0.33333  0.00000    -2.8912559     2.6619915     0.0001300    10    12      0.000002+i*    -0.000014
 -0.33333  0.33333  0.00000    -4.4620760    -0.0451223     0.0000038     9    11     -0.000000+i*     0.000000
 -0.33333  0.33333  0.00000    -3.2688503    -0.0451223     0.0000127    10    11     -0.000001+i*    -0.000000
 -0.33333  0.33333  0.00000    -3.2688503     2.6226298     0.0001609    10    12      0.000017+i*     0.000004
 -0.33333  0.00000  0.00000    -4.5946561    -0.8328566     0.0000056     9    11     -0.000001+i*     0.000000
 -0.33333  0.00000  0.00000    -2.8335705    -0.8328566     0.0000096    10    11     -0.000000+i*     0.000001
 -0.33333  0.00000  0.00000    -2.8335705     1.9685811     0.0000554    10    12     -0.000001+i*     0.000006
  0.00000 -0.33333  0.00000    -5.1496778    -1.5869842     0.0000060     9    11     -0.000001+i*     0.000000
  0.00000 -0.33333  0.00000    -3.1203342    -1.5869842     6.3639610    10    11      0.011897+i*     0.707007
  0.00000 -0.33333  0.00000    -3.1203342     1.1932086     0.0001284    10    12     -0.000000+i*    -0.000014
  0.33333 -0.33333  0.00000    -4.4620760    -0.0451223     0.0000038     9    11     -0.000000+i*    -0.000000
  0.33333 -0.33333  0.00000    -3.2688503    -0.0451223     0.0000127    10    11     -0.000001+i*     0.000000
  0.33333 -0.33333  0.00000    -3.2688503     2.6226298     0.0001609    10    12      0.000017+i*    -0.000004
 -0.33333 -0.33333  0.00000    -4.2052738    -0.0464668     0.0000044     9    11     -0.000000+i*     0.000000
 -0.33333 -0.33333  0.00000    -2.8912559    -0.0464668     0.0000110    10    11      0.000000+i*     0.000001
 -0.33333 -0.33333  0.00000    -2.8912559     2.6619915     0.0001300    10    12      0.000002+i*     0.000014
     2BSE eigenvalue    1.53344154      IP-eigenvalue:    1.53335004
  0.00000  0.00000  0.00000    -6.0785256    -2.3708546     0.0000000     9    11     -0.000000+i*     0.000000
  0.00000  0.00000  0.00000    -4.1241113    -2.3708546     0.0025040    10    11     -0.000076+i*     0.000268
  0.00000  0.00000  0.00000    -4.1241113     0.4107230     0.0062065    10    12     -0.000190+i*     0.000663
  0.33333  0.00000  0.00000    -4.5946561    -0.8328566     0.0000000     9    11     -0.000000+i*    -0.000000
  0.33333  0.00000  0.00000    -2.8335705    -0.8328566     0.0012004    10    11      0.000129+i*     0.000034
  0.33333  0.00000  0.00000    -2.8335705     1.9685811     0.0057798    10    12      0.000621+i*     0.000165
  0.00000  0.33333  0.00000    -5.1496778    -1.5869842     0.0000002     9    11     -0.000000+i*     0.000000
  0.00000  0.33333  0.00000    -3.1203342    -1.5869842     6.3639493    10    11      0.650927+i*     0.276211
  0.00000  0.33333  0.00000    -3.1203342     1.1932086     0.0069273    10    12     -0.000709+i*    -0.000301
  0.33333  0.33333  0.00000    -4.2052738    -0.0464668     0.0000002     9    11     -0.000000+i*     0.000000
  0.33333  0.33333  0.00000    -2.8912559    -0.0464668     0.0004668    10    11      0.000044+i*     0.000027
  0.33333  0.33333  0.00000    -2.8912559     2.6619915     0.0048523    10    12      0.000461+i*     0.000280
 -0.33333  0.33333  0.00000    -4.4620760    -0.0451223     0.0000003     9    11     -0.000000+i*     0.000000
 -0.33333  0.33333  0.00000    -3.2688503    -0.0451223     0.0003880    10    11      0.000026+i*    -0.000034
 -0.33333  0.33333  0.00000    -3.2688503     2.6226298     0.0045052    10    12     -0.000298+i*     0.000402
 -0.33333  0.00000  0.00000    -4.5946561    -0.8328566     0.0000000     9    11     -0.000000+i*    -0.000000
 -0.33333  0.00000  0.00000    -2.8335705    -0.8328566     0.0012004    10    11      0.000114+i*     0.000070
 -0.33333  0.00000  0.00000    -2.8335705     1.9685811     0.0057798    10    12      0.000547+i*     0.000336
  0.00000 -0.33333  0.00000    -5.1496778    -1.5869842     0.0000002     9    11      0.000000+i*    -0.000000
  0.00000 -0.33333  0.00000    -3.1203342    -1.5869842     6.3639493    10    11      0.648620+i*     0.281586
  0.00000 -0.33333  0.00000    -3.1203342     1.1932086     0.0069273    10    12     -0.000706+i*    -0.000306
  0.33333 -0.33333  0.00000    -4.4620760    -0.0451223     0.0000003     9    11      0.000000+i*    -0.000000
  0.33333 -0.33333  0.00000    -3.2688503    -0.0451223     0.0003880    10    11     -0.000007+i*     0.000043
  0.33333 -0.33333  0.00000    -3.2688503     2.6226298     0.0045052    10    12      0.000086+i*    -0.000493
 -0.33333 -0.33333  0.00000    -4.2052738    -0.0464668     0.0000002     9    11      0.000000+i*    -0.000000
 -0.33333 -0.33333  0.00000    -2.8912559    -0.0464668     0.0004668    10    11      0.000050+i*     0.000014
 -0.33333 -0.33333  0.00000    -2.8912559     2.6619915     0.0048523    10    12      0.000520+i*     0.000141
     3BSE eigenvalue    1.75329742      IP-eigenvalue:    1.75325663
  0.00000  0.00000  0.00000    -6.0785256    -2.3708546     0.0000000     9    11     -0.000000+i*     0.000000
  0.00000  0.00000  0.00000    -4.1241113    -2.3708546     8.9999916    10    11     -0.665893+i*     0.746046
  0.00000  0.00000  0.00000    -4.1241113     0.4107230     0.0043731    10    12      0.000325+i*    -0.000361
  0.33333  0.00000  0.00000    -4.5946561    -0.8328566     0.0000000     9    11     -0.000000+i*     0.000000
  0.33333  0.00000  0.00000    -2.8335705    -0.8328566     0.0015090    10    11     -0.000127+i*    -0.000110
  0.33333  0.00000  0.00000    -2.8335705     1.9685811     0.0040379    10    12     -0.000340+i*    -0.000293
  0.00000  0.33333  0.00000    -5.1496778    -1.5869842     0.0000001     9    11      0.000000+i*    -0.000000
  0.00000  0.33333  0.00000    -3.1203342    -1.5869842     0.0017544    10    11     -0.000128+i*    -0.000147
  0.00000  0.33333  0.00000    -3.1203342     1.1932086     0.0048828    10    12      0.000356+i*     0.000409
  0.33333  0.33333  0.00000    -4.2052738    -0.0464668     0.0000001     9    11      0.000000+i*    -0.000000
  0.33333  0.33333  0.00000    -2.8912559    -0.0464668     0.0003699    10    11     -0.000022+i*    -0.000035
  0.33333  0.33333  0.00000    -2.8912559     2.6619915     0.0033205    10    12     -0.000200+i*    -0.000310
 -0.33333  0.33333  0.00000    -4.4620760    -0.0451223     0.0000002     9    11      0.000000+i*    -0.000000
 -0.33333  0.33333  0.00000    -3.2688503    -0.0451223     0.0002926    10    11     -0.000029+i*     0.000015
 -0.33333  0.33333  0.00000    -3.2688503     2.6226298     0.0030599    10    12      0.000302+i*    -0.000157
 -0.33333  0.00000  0.00000    -4.5946561    -0.8328566     0.0000000     9    11     -0.000000+i*     0.000000
 -0.33333  0.00000  0.00000    -2.8335705    -0.8328566     0.0015090    10    11     -0.000090+i*    -0.000141
 -0.33333  0.00000  0.00000    -2.8335705     1.9685811     0.0040379    10    12     -0.000241+i*    -0.000378
  0.00000 -0.33333  0.00000    -5.1496778    -1.5869842     0.0000001     9    11     -0.000000+i*     0.000000
  0.00000 -0.33333  0.00000    -3.1203342    -1.5869842     0.0017544    10    11     -0.000127+i*    -0.000148
  0.00000 -0.33333  0.00000    -3.1203342     1.1932086     0.0048828    10    12      0.000353+i*     0.000412
  0.33333 -0.33333  0.00000    -4.4620760    -0.0451223     0.0000002     9    11     -0.000000+i*     0.000000
  0.33333 -0.33333  0.00000    -3.2688503    -0.0451223     0.0002926    10    11      0.000019+i*    -0.000027
  0.33333 -0.33333  0.00000    -3.2688503     2.6226298     0.0030599    10    12     -0.000199+i*     0.000276
 -0.33333 -0.33333  0.00000    -4.2052738    -0.0464668     0.0000001     9    11     -0.000000+i*     0.000000
 -0.33333 -0.33333  0.00000    -2.8912559    -0.0464668     0.0003699    10    11     -0.000031+i*    -0.000027
 -0.33333 -0.33333  0.00000    -2.8912559     2.6619915     0.0033205    10    12     -0.000278+i*    -0.000243
     4BSE eigenvalue    2.00071426      IP-eigenvalue:    2.00071389
  0.00000  0.00000  0.00000    -6.0785256    -2.3708546     0.0000000     9    11      0.000000+i*     0.000000
  0.00000  0.00000  0.00000    -4.1241113    -2.3708546     0.0000000    10    11     -0.000000+i*    -0.000000
  0.00000  0.00000  0.00000    -4.1241113     0.4107230     0.0000000    10    12     -0.000000+i*    -0.000000
  0.33333  0.00000  0.00000    -4.5946561    -0.8328566     0.0000000     9    11      0.000000+i*    -0.000000
  0.33333  0.00000  0.00000    -2.8335705    -0.8328566     6.3639610    10    11      0.116771+i*     0.697398
  0.33333  0.00000  0.00000    -2.8335705     1.9685811     0.0000336    10    12     -0.000001+i*    -0.000004
  0.00000  0.33333  0.00000    -5.1496778    -1.5869842     0.0000000     9    11      0.000000+i*    -0.000000
  0.00000  0.33333  0.00000    -3.1203342    -1.5869842     0.0000096    10    11     -0.000000+i*    -0.000001
  0.00000  0.33333  0.00000    -3.1203342     1.1932086     0.0000751    10    12      0.000000+i*     0.000008
  0.33333  0.33333  0.00000    -4.2052738    -0.0464668     0.0000000     9    11      0.000000+i*    -0.000000
  0.33333  0.33333  0.00000    -2.8912559    -0.0464668     0.0000081    10    11      0.000000+i*    -0.000001
  0.33333  0.33333  0.00000    -2.8912559     2.6619915     0.0000704    10    12      0.000001+i*    -0.000008
 -0.33333  0.33333  0.00000    -4.4620760    -0.0451223     0.0000000     9    11      0.000000+i*    -0.000000
 -0.33333  0.33333  0.00000    -3.2688503    -0.0451223     0.0000081    10    11     -0.000001+i*    -0.000000
 -0.33333  0.33333  0.00000    -3.2688503     2.6226298     0.0000845    10    12      0.000009+i*     0.000002
 -0.33333  0.00000  0.00000    -4.5946561    -0.8328566     0.0000000     9    11      0.000000+i*    -0.000000
 -0.33333  0.00000  0.00000    -2.8335705    -0.8328566     6.3639610    10    11      0.088468+i*    -0.701551
 -0.33333  0.00000  0.00000    -2.8335705     1.9685811     0.0000336    10    12     -0.000000+i*     0.000004
  0.00000 -0.33333  0.00000    -5.1496778    -1.5869842     0.0000000     9    11      0.000000+i*    -0.000000
  0.00000 -0.33333  0.00000    -3.1203342    -1.5869842     0.0000096    10    11      0.000000+i*     0.000001
  0.00000 -0.33333  0.00000    -3.1203342     1.1932086     0.0000751    10    12     -0.000000+i*    -0.000008
  0.33333 -0.33333  0.00000    -4.4620760    -0.0451223     0.0000000     9    11      0.000000+i*     0.000000
  0.33333 -0.33333  0.00000    -3.2688503    -0.0451223     0.0000081    10    11     -0.000001+i*     0.000000
  0.33333 -0.33333  0.00000    -3.2688503     2.6226298     0.0000845    10    12      0.000009+i*    -0.000002
 -0.33333 -0.33333  0.00000    -4.2052738    -0.0464668     0.0000000     9    11      0.000000+i*    -0.000000
 -0.33333 -0.33333  0.00000    -2.8912559    -0.0464668     0.0000081    10    11      0.000000+i*     0.000001
 -0.33333 -0.33333  0.00000    -2.8912559     2.6619915     0.0000704    10    12      0.000001+i*     0.000008
     5BSE eigenvalue    2.00079737      IP-eigenvalue:    2.00071389
  0.00000  0.00000  0.00000    -6.0785256    -2.3708546     0.0000000     9    11      0.000000+i*     0.000000
  0.00000  0.00000  0.00000    -4.1241113    -2.3708546     0.0021092    10    11     -0.000053+i*     0.000228
  0.00000  0.00000  0.00000    -4.1241113     0.4107230     0.0068475    10    12      0.000176+i*    -0.000740
  0.33333  0.00000  0.00000    -4.5946561    -0.8328566     0.0000000     9    11      0.000000+i*     0.000000
  0.33333  0.00000  0.00000    -2.8335705    -0.8328566     6.3639473    10    11      0.690991+i*     0.150096
  0.33333  0.00000  0.00000    -2.8335705     1.9685811     0.0062733    10    12     -0.000681+i*    -0.000148
  0.00000  0.33333  0.00000    -5.1496778    -1.5869842     0.0000002     9    11      0.000000+i*    -0.000000
  0.00000  0.33333  0.00000    -3.1203342    -1.5869842     0.0011761    10    11     -0.000123+i*    -0.000045
  0.00000  0.33333  0.00000    -3.1203342     1.1932086     0.0077259    10    12      0.000805+i*     0.000299
  0.33333  0.33333  0.00000    -4.2052738    -0.0464668     0.0000002     9    11      0.000000+i*    -0.000000
  0.33333  0.33333  0.00000    -2.8912559    -0.0464668     0.0006823    10    11     -0.000067+i*    -0.000036
  0.33333  0.33333  0.00000    -2.8912559     2.6619915     0.0050822    10    12     -0.000495+i*    -0.000271
 -0.33333  0.33333  0.00000    -4.4620760    -0.0451223     0.0000003     9    11     -0.000000+i*    -0.000000
 -0.33333  0.33333  0.00000    -3.2688503    -0.0451223     0.0005024    10    11     -0.000032+i*     0.000046
 -0.33333  0.33333  0.00000    -3.2688503     2.6226298     0.0046611    10    12      0.000289+i*    -0.000430
 -0.33333  0.00000  0.00000    -4.5946561    -0.8328566     0.0000000     9    11      0.000000+i*     0.000000
 -0.33333  0.00000  0.00000    -2.8335705    -0.8328566     6.3639473    10    11      0.618760+i*     0.342249
 -0.33333  0.00000  0.00000    -2.8335705     1.9685811     0.0062733    10    12     -0.000610+i*    -0.000337
  0.00000 -0.33333  0.00000    -5.1496778    -1.5869842     0.0000002     9    11     -0.000000+i*     0.000000
  0.00000 -0.33333  0.00000    -3.1203342    -1.5869842     0.0011761    10    11     -0.000122+i*    -0.000046
  0.00000 -0.33333  0.00000    -3.1203342     1.1932086     0.0077259    10    12      0.000802+i*     0.000305
  0.33333 -0.33333  0.00000    -4.4620760    -0.0451223     0.0000003     9    11     -0.000000+i*     0.000000
  0.33333 -0.33333  0.00000    -3.2688503    -0.0451223     0.0005024    10    11      0.000006+i*    -0.000055
  0.33333 -0.33333  0.00000    -3.2688503     2.6226298     0.0046611    10    12     -0.000065+i*     0.000514
 -0.33333 -0.33333  0.00000    -4.2052738    -0.0464668     0.0000002     9    11     -0.000000+i*     0.000000
 -0.33333 -0.33333  0.00000    -2.8912559    -0.0464668     0.0006823    10    11     -0.000074+i*    -0.000016
 -0.33333 -0.33333  0.00000    -2.8912559     2.6619915     0.0050822    10    12     -0.000551+i*    -0.000123
     6BSE eigenvalue    2.84479266      IP-eigenvalue:    2.84478904
  0.00000  0.00000  0.00000    -6.0785256    -2.3708546     0.0000164     9    11     -0.000002+i*     0.000000
  0.00000  0.00000  0.00000    -4.1241113    -2.3708546     0.0000000    10    11     -0.000000+i*    -0.000000
  0.00000  0.00000  0.00000    -4.1241113     0.4107230     0.0000000    10    12     -0.000000+i*    -0.000000
  0.33333  0.00000  0.00000    -4.5946561    -0.8328566     0.0000153     9    11     -0.000002+i*     0.000000
  0.33333  0.00000  0.00000    -2.8335705    -0.8328566     0.0000081    10    11      0.000000+i*     0.000001
  0.33333  0.00000  0.00000    -2.8335705     1.9685811     0.0001416    10    12     -0.000003+i*    -0.000016
  0.00000  0.33333  0.00000    -5.1496778    -1.5869842     0.0000190     9    11     -0.000002+i*     0.000000
  0.00000  0.33333  0.00000    -3.1203342    -1.5869842     0.0000110    10    11     -0.000000+i*    -0.000001
  0.00000  0.33333  0.00000    -3.1203342     1.1932086     0.0003780    10    12      0.000001+i*     0.000042
  0.33333  0.33333  0.00000    -4.2052738    -0.0464668     0.0000099     9    11     -0.000001+i*     0.000000
  0.33333  0.33333  0.00000    -2.8912559    -0.0464668     6.3639610    10    11     -0.084436+i*     0.702047
  0.33333  0.33333  0.00000    -2.8912559     2.6619915     0.0003052    10    12      0.000004+i*    -0.000034
 -0.33333  0.33333  0.00000    -4.4620760    -0.0451223     0.0000077     9    11     -0.000001+i*     0.000000
 -0.33333  0.33333  0.00000    -3.2688503    -0.0451223     0.0000917    10    11     -0.000010+i*    -0.000002
 -0.33333  0.33333  0.00000    -3.2688503     2.6226298     0.0003694    10    12      0.000040+i*     0.000009
 -0.33333  0.00000  0.00000    -4.5946561    -0.8328566     0.0000153     9    11     -0.000002+i*     0.000000
 -0.33333  0.00000  0.00000    -2.8335705    -0.8328566     0.0000081    10    11      0.000000+i*    -0.000001
 -0.33333  0.00000  0.00000    -2.8335705     1.9685811     0.0001416    10    12     -0.000002+i*     0.000016
  0.00000 -0.33333  0.00000    -5.1496778    -1.5869842     0.0000190     9    11     -0.000002+i*     0.000000
  0.00000 -0.33333  0.00000    -3.1203342    -1.5869842     0.0000110    10    11      0.000000+i*     0.000001
  0.00000 -0.33333  0.00000    -3.1203342     1.1932086     0.0003780    10    12     -0.000001+i*    -0.000042
  0.33333 -0.33333  0.00000    -4.4620760    -0.0451223     0.0000077     9    11     -0.000001+i*    -0.000000
  0.33333 -0.33333  0.00000    -3.2688503    -0.0451223     0.0000917    10    11     -0.000010+i*     0.000003
  0.33333 -0.33333  0.00000    -3.2688503     2.6226298     0.0003694    10    12      0.000040+i*    -0.000010
 -0.33333 -0.33333  0.00000    -4.2052738    -0.0464668     0.0000099     9    11     -0.000001+i*     0.000000
 -0.33333 -0.33333  0.00000    -2.8912559    -0.0464668     6.3639610    10    11     -0.113791+i*    -0.697891
 -0.33333 -0.33333  0.00000    -2.8912559     2.6619915     0.0003052    10    12      0.000005+i*     0.000033
     7BSE eigenvalue    2.84488231      IP-eigenvalue:    2.84478904
  0.00000  0.00000  0.00000    -6.0785256    -2.3708546     0.0000000     9    11     -0.000000+i*     0.000000
  0.00000  0.00000  0.00000    -4.1241113    -2.3708546     0.0004862    10    11      0.000013+i*    -0.000052
  0.00000  0.00000  0.00000    -4.1241113     0.4107230     0.0106693    10    12     -0.000290+i*     0.001149
  0.33333  0.00000  0.00000    -4.5946561    -0.8328566     0.0000000     9    11     -0.000000+i*    -0.000000
  0.33333  0.00000  0.00000    -2.8335705    -0.8328566     0.0006414    10    11     -0.000069+i*    -0.000016
  0.33333  0.00000  0.00000    -2.8335705     1.9685811     0.0093541    10    12      0.001012+i*     0.000235
  0.00000  0.33333  0.00000    -5.1496778    -1.5869842     0.0000005     9    11     -0.000000+i*     0.000000
  0.00000  0.33333  0.00000    -3.1203342    -1.5869842     0.0004295    10    11      0.000045+i*     0.000017
  0.00000  0.33333  0.00000    -3.1203342     1.1932086     0.0127369    10    12     -0.001320+i*    -0.000511
  0.33333  0.33333  0.00000    -4.2052738    -0.0464668     0.0000004     9    11     -0.000000+i*     0.000000
  0.33333  0.33333  0.00000    -2.8912559    -0.0464668     6.3639297    10    11     -0.615684+i*    -0.347747
  0.33333  0.33333  0.00000    -2.8912559     2.6619915     0.0070100    10    12      0.000678+i*     0.000383
 -0.33333  0.33333  0.00000    -4.4620760    -0.0451223     0.0000005     9    11      0.000000+i*     0.000000
 -0.33333  0.33333  0.00000    -3.2688503    -0.0451223     0.0016833    10    11      0.000109+i*    -0.000152
 -0.33333  0.33333  0.00000    -3.2688503     2.6226298     0.0062849    10    12     -0.000398+i*     0.000574
 -0.33333  0.00000  0.00000    -4.5946561    -0.8328566     0.0000000     9    11     -0.000000+i*    -0.000000
 -0.33333  0.00000  0.00000    -2.8335705    -0.8328566     0.0006414    10    11     -0.000062+i*    -0.000035
 -0.33333  0.00000  0.00000    -2.8335705     1.9685811     0.0093541    10    12      0.000902+i*     0.000516
  0.00000 -0.33333  0.00000    -5.1496778    -1.5869842     0.0000005     9    11      0.000000+i*    -0.000000
  0.00000 -0.33333  0.00000    -3.1203342    -1.5869842     0.0004295    10    11      0.000044+i*     0.000018
  0.00000 -0.33333  0.00000    -3.1203342     1.1932086     0.0127369    10    12     -0.001316+i*    -0.000522
  0.33333 -0.33333  0.00000    -4.4620760    -0.0451223     0.0000005     9    11      0.000000+i*    -0.000000
  0.33333 -0.33333  0.00000    -3.2688503    -0.0451223     0.0016833    10    11     -0.000024+i*     0.000186
  0.33333 -0.33333  0.00000    -3.2688503     2.6226298     0.0062849    10    12      0.000098+i*    -0.000691
 -0.33333 -0.33333  0.00000    -4.2052738    -0.0464668     0.0000004     9    11      0.000000+i*    -0.000000
 -0.33333 -0.33333  0.00000    -2.8912559    -0.0464668     6.3639297    10    11     -0.688025+i*    -0.163146
 -0.33333 -0.33333  0.00000    -2.8912559     2.6619915     0.0070100    10    12      0.000758+i*     0.000180
     8BSE eigenvalue    3.22373629      IP-eigenvalue:    3.22372795
  0.00000  0.00000  0.00000    -6.0785256    -2.3708546     0.0000338     9    11      0.000004+i*     0.000000
  0.00000  0.00000  0.00000    -4.1241113    -2.3708546     0.0000000    10    11      0.000000+i*    -0.000000
  0.00000  0.00000  0.00000    -4.1241113     0.4107230     0.0000000    10    12     -0.000000+i*    -0.000000
  0.33333  0.00000  0.00000    -4.5946561    -0.8328566     0.0000301     9    11      0.000003+i*    -0.000000
  0.33333  0.00000  0.00000    -2.8335705    -0.8328566     0.0000081    10    11     -0.000000+i*    -0.000001
  0.33333  0.00000  0.00000    -2.8335705     1.9685811     0.0002530    10    12      0.000005+i*     0.000028
  0.00000  0.33333  0.00000    -5.1496778    -1.5869842     0.0000466     9    11      0.000005+i*    -0.000000
  0.00000  0.33333  0.00000    -3.1203342    -1.5869842     0.0000126    10    11      0.000000+i*     0.000001
  0.00000  0.33333  0.00000    -3.1203342     1.1932086     0.0007492    10    12     -0.000002+i*    -0.000083
  0.33333  0.33333  0.00000    -4.2052738    -0.0464668     0.0000161     9    11      0.000002+i*    -0.000000
  0.33333  0.33333  0.00000    -2.8912559    -0.0464668     0.0000916    10    11      0.000001+i*    -0.000010
  0.33333  0.33333  0.00000    -2.8912559     2.6619915     0.0005292    10    12     -0.000007+i*     0.000058
 -0.33333  0.33333  0.00000    -4.4620760    -0.0451223     0.0000118     9    11      0.000001+i*    -0.000001
 -0.33333  0.33333  0.00000    -3.2688503    -0.0451223     6.3639610    10    11     -0.689111+i*    -0.158513
 -0.33333  0.33333  0.00000    -3.2688503     2.6226298     0.0006374    10    12     -0.000069+i*    -0.000015
 -0.33333  0.00000  0.00000    -4.5946561    -0.8328566     0.0000301     9    11      0.000003+i*    -0.000000
 -0.33333  0.00000  0.00000    -2.8335705    -0.8328566     0.0000081    10    11     -0.000000+i*     0.000001
 -0.33333  0.00000  0.00000    -2.8335705     1.9685811     0.0002530    10    12      0.000003+i*    -0.000028
  0.00000 -0.33333  0.00000    -5.1496778    -1.5869842     0.0000466     9    11      0.000005+i*    -0.000000
  0.00000 -0.33333  0.00000    -3.1203342    -1.5869842     0.0000126    10    11     -0.000000+i*    -0.000001
  0.00000 -0.33333  0.00000    -3.1203342     1.1932086     0.0007492    10    12      0.000001+i*     0.000083
  0.33333 -0.33333  0.00000    -4.4620760    -0.0451223     0.0000118     9    11      0.000001+i*     0.000000
  0.33333 -0.33333  0.00000    -3.2688503    -0.0451223     6.3639609    10    11     -0.681859+i*     0.187266
  0.33333 -0.33333  0.00000    -3.2688503     2.6226298     0.0006374    10    12     -0.000069+i*     0.000018
 -0.33333 -0.33333  0.00000    -4.2052738    -0.0464668     0.0000161     9    11      0.000002+i*    -0.000000
 -0.33333 -0.33333  0.00000    -2.8912559    -0.0464668     0.0000916    10    11      0.000002+i*     0.000010
 -0.33333 -0.33333  0.00000    -2.8912559     2.6619915     0.0005292    10    12     -0.000009+i*    -0.000058
     9BSE eigenvalue    3.22383101      IP-eigenvalue:    3.22372795
  0.00000  0.00000  0.00000    -6.0785256    -2.3708546     0.0000000     9    11      0.000000+i*     0.000000
  0.00000  0.00000  0.00000    -4.1241113    -2.3708546     0.0003655    10    11     -0.000004+i*     0.000040
  0.00000  0.00000  0.00000    -4.1241113     0.4107230     0.0142407    10    12      0.000176+i*    -0.001573
  0.33333  0.00000  0.00000    -4.5946561    -0.8328566     0.0000000     9    11      0.000000+i*     0.000000
  0.33333  0.00000  0.00000    -2.8335705    -0.8328566     0.0004490    10    11      0.000050+i*     0.000005
  0.33333  0.00000  0.00000    -2.8335705     1.9685811     0.0120265    10    12     -0.001331+i*    -0.000122
  0.00000  0.33333  0.00000    -5.1496778    -1.5869842     0.0000012     9    11      0.000000+i*    -0.000000
  0.00000  0.33333  0.00000    -3.1203342    -1.5869842     0.0003392    10    11     -0.000037+i*    -0.000009
  0.00000  0.33333  0.00000    -3.1203342     1.1932086     0.0178405    10    12      0.001929+i*     0.000458
  0.33333  0.33333  0.00000    -4.2052738    -0.0464668     0.0000005     9    11      0.000000+i*    -0.000000
  0.33333  0.33333  0.00000    -2.8912559    -0.0464668     0.0016012    10    11      0.000165+i*     0.000066
  0.33333  0.33333  0.00000    -2.8912559     2.6619915     0.0084913    10    12     -0.000877+i*    -0.000348
 -0.33333  0.33333  0.00000    -4.4620760    -0.0451223     0.0000007     9    11     -0.000000+i*    -0.000000
 -0.33333  0.33333  0.00000    -3.2688503    -0.0451223     6.3639063    10    11      0.329288+i*    -0.625748
 -0.33333  0.33333  0.00000    -3.2688503     2.6226298     0.0074977    10    12      0.000378+i*    -0.000743
 -0.33333  0.00000  0.00000    -4.5946561    -0.8328566     0.0000000     9    11      0.000000+i*     0.000000
 -0.33333  0.00000  0.00000    -2.8335705    -0.8328566     0.0004490    10    11      0.000046+i*     0.000019
 -0.33333  0.00000  0.00000    -2.8335705     1.9685811     0.0120265    10    12     -0.001239+i*    -0.000499
  0.00000 -0.33333  0.00000    -5.1496778    -1.5869842     0.0000012     9    11     -0.000000+i*     0.000000
  0.00000 -0.33333  0.00000    -3.1203342    -1.5869842     0.0003392    10    11     -0.000037+i*    -0.000009
  0.00000 -0.33333  0.00000    -3.1203342     1.1932086     0.0178405    10    12      0.001925+i*     0.000474
  0.33333 -0.33333  0.00000    -4.4620760    -0.0451223     0.0000007     9    11     -0.000000+i*     0.000000
  0.33333 -0.33333  0.00000    -3.2688503    -0.0451223     6.3639064    10    11      0.006868+i*     0.707067
  0.33333 -0.33333  0.00000    -3.2688503     2.6226298     0.0074977    10    12     -0.000004+i*     0.000833
 -0.33333 -0.33333  0.00000    -4.2052738    -0.0464668     0.0000005     9    11     -0.000000+i*     0.000000
 -0.33333 -0.33333  0.00000    -2.8912559    -0.0464668     0.0016012    10    11      0.000177+i*     0.000017
 -0.33333 -0.33333  0.00000    -2.8912559     2.6619915     0.0084913    10    12     -0.000939+i*    -0.000091
    10BSE eigenvalue    3.56269409      IP-eigenvalue:    3.56269363
  0.00000  0.00000  0.00000    -6.0785256    -2.3708546     0.0000000     9    11      0.000000+i*     0.000000
  0.00000  0.00000  0.00000    -4.1241113    -2.3708546     0.0000002    10    11     -0.000000+i*     0.000000
  0.00000  0.00000  0.00000    -4.1241113     0.4107230     0.0000029    10    12      0.000000+i*    -0.000000
  0.33333  0.00000  0.00000    -4.5946561    -0.8328566     0.0000066     9    11      0.000000+i*    -0.000001
  0.33333  0.00000  0.00000    -2.8335705    -0.8328566     0.0000002    10    11      0.000000+i*     0.000000
  0.33333  0.00000  0.00000    -2.8335705     1.9685811     0.0000024    10    12     -0.000000+i*    -0.000000
  0.00000  0.33333  0.00000    -5.1496778    -1.5869842     6.3639610     9    11     -0.444563+i*     0.549876
  0.00000  0.33333  0.00000    -3.1203342    -1.5869842     0.0000002    10    11     -0.000000+i*    -0.000000
  0.00000  0.33333  0.00000    -3.1203342     1.1932086     0.0000043    10    12      0.000000+i*     0.000000
  0.33333  0.33333  0.00000    -4.2052738    -0.0464668     0.0000081     9    11      0.000001+i*    -0.000001
  0.33333  0.33333  0.00000    -2.8912559    -0.0464668     0.0000005    10    11      0.000000+i*     0.000000
  0.33333  0.33333  0.00000    -2.8912559     2.6619915     0.0000017    10    12     -0.000000+i*    -0.000000
 -0.33333  0.33333  0.00000    -4.4620760    -0.0451223     0.0000092     9    11      0.000000+i*    -0.000001
 -0.33333  0.33333  0.00000    -3.2688503    -0.0451223     0.0000012    10    11      0.000000+i*    -0.000000
 -0.33333  0.33333  0.00000    -3.2688503     2.6226298     0.0000015    10    12      0.000000+i*    -0.000000
 -0.33333  0.00000  0.00000    -4.5946561    -0.8328566     0.0000066     9    11     -0.000000+i*     0.000001
 -0.33333  0.00000  0.00000    -2.8335705    -0.8328566     0.0000002    10    11      0.000000+i*     0.000000
 -0.33333  0.00000  0.00000    -2.8335705     1.9685811     0.0000024    10    12     -0.000000+i*    -0.000000
  0.00000 -0.33333  0.00000    -5.1496778    -1.5869842     6.3639610     9    11      0.444490+i*    -0.549935
  0.00000 -0.33333  0.00000    -3.1203342    -1.5869842     0.0000002    10    11     -0.000000+i*    -0.000000
  0.00000 -0.33333  0.00000    -3.1203342     1.1932086     0.0000043    10    12      0.000000+i*     0.000000
  0.33333 -0.33333  0.00000    -4.4620760    -0.0451223     0.0000092     9    11     -0.000001+i*     0.000000
  0.33333 -0.33333  0.00000    -3.2688503    -0.0451223     0.0000012    10    11     -0.000000+i*     0.000000
  0.33333 -0.33333  0.00000    -3.2688503     2.6226298     0.0000015    10    12     -0.000000+i*     0.000000
 -0.33333 -0.33333  0.00000    -4.2052738    -0.0464668     0.0000081     9    11     -0.000001+i*     0.000001
 -0.33333 -0.33333  0.00000    -2.8912559    -0.0464668     0.0000005    10    11      0.000000+i*     0.000000
 -0.33333 -0.33333  0.00000    -2.8912559     2.6619915     0.0000017    10    12     -0.000000+i*    -0.000000
    11BSE eigenvalue    3.56319133      IP-eigenvalue:    3.56269363
  0.00000  0.00000  0.00000    -6.0785256    -2.3708546     0.0220772     9    11     -0.002453+i*     0.000000
  0.00000  0.00000  0.00000    -4.1241113    -2.3708546     0.0000000    10    11     -0.000000+i*     0.000000
  0.00000  0.00000  0.00000    -4.1241113     0.4107230     0.0000000    10    12      0.000000+i*     0.000000
  0.33333  0.00000  0.00000    -4.5946561    -0.8328566     0.0160394     9    11     -0.001782+i*     0.000037
  0.33333  0.00000  0.00000    -2.8335705    -0.8328566     0.0000000    10    11     -0.000000+i*    -0.000000
  0.33333  0.00000  0.00000    -2.8335705     1.9685811     0.0000015    10    12      0.000000+i*     0.000000
  0.00000  0.33333  0.00000    -5.1496778    -1.5869842     6.3639184     9    11      0.706948+i*    -0.014772
  0.00000  0.33333  0.00000    -3.1203342    -1.5869842     0.0000059    10    11     -0.000000+i*    -0.000001
  0.00000  0.33333  0.00000    -3.1203342     1.1932086     0.0007584    10    12      0.000002+i*     0.000084
  0.33333  0.33333  0.00000    -4.2052738    -0.0464668     0.0052759     9    11     -0.000586+i*     0.000012
  0.33333  0.33333  0.00000    -2.8912559    -0.0464668     0.0000189    10    11     -0.000000+i*     0.000002
  0.33333  0.33333  0.00000    -2.8912559     2.6619915     0.0002985    10    12      0.000004+i*    -0.000033
 -0.33333  0.33333  0.00000    -4.4620760    -0.0451223     0.0036617     9    11     -0.000370+i*     0.000168
 -0.33333  0.33333  0.00000    -3.2688503    -0.0451223     0.0000463    10    11      0.000005+i*     0.000001
 -0.33333  0.33333  0.00000    -3.2688503     2.6226298     0.0002674    10    12      0.000029+i*     0.000006
 -0.33333  0.00000  0.00000    -4.5946561    -0.8328566     0.0160394     9    11     -0.001782+i*     0.000038
 -0.33333  0.00000  0.00000    -2.8335705    -0.8328566     0.0000000    10    11     -0.000000+i*     0.000000
 -0.33333  0.00000  0.00000    -2.8335705     1.9685811     0.0000015    10    12      0.000000+i*    -0.000000
  0.00000 -0.33333  0.00000    -5.1496778    -1.5869842     6.3639184     9    11      0.706946+i*    -0.014865
  0.00000 -0.33333  0.00000    -3.1203342    -1.5869842     0.0000059    10    11      0.000000+i*     0.000001
  0.00000 -0.33333  0.00000    -3.1203342     1.1932086     0.0007585    10    12     -0.000001+i*    -0.000084
  0.33333 -0.33333  0.00000    -4.4620760    -0.0451223     0.0036617     9    11     -0.000377+i*    -0.000152
  0.33333 -0.33333  0.00000    -3.2688503    -0.0451223     0.0000463    10    11      0.000005+i*    -0.000001
  0.33333 -0.33333  0.00000    -3.2688503     2.6226298     0.0002674    10    12      0.000029+i*    -0.000007
 -0.33333 -0.33333  0.00000    -4.2052738    -0.0464668     0.0052759     9    11     -0.000586+i*     0.000012
 -0.33333 -0.33333  0.00000    -2.8912559    -0.0464668     0.0000189    10    11     -0.000000+i*    -0.000002
 -0.33333 -0.33333  0.00000    -2.8912559     2.6619915     0.0002985    10    12      0.000005+i*     0.000033
    12BSE eigenvalue    3.70792303      IP-eigenvalue:    3.70767091
  0.00000  0.00000  0.00000    -6.0785256    -2.3708546     8.9997730     9    11      0.999975+i*     0.000000
  0.00000  0.00000  0.00000    -4.1241113    -2.3708546     0.0000000    10    11     -0.000000+i*     0.000000
  0.00000  0.00000  0.00000    -4.1241113     0.4107230     0.0000000    10    12     -0.000000+i*    -0.000000
  0.33333  0.00000  0.00000    -4.5946561    -0.8328566     0.0420496     9    11     -0.004671+i*     0.000097
  0.33333  0.00000  0.00000    -2.8335705    -0.8328566     0.0000000    10    11     -0.000000+i*    -0.000000
  0.33333  0.00000  0.00000    -2.8335705     1.9685811     0.0000015    10    12      0.000000+i*     0.000000
  0.00000  0.33333  0.00000    -5.1496778    -1.5869842     0.0154987     9    11      0.001722+i*    -0.000036
  0.00000  0.33333  0.00000    -3.1203342    -1.5869842     0.0000041    10    11     -0.000000+i*    -0.000000
  0.00000  0.33333  0.00000    -3.1203342     1.1932086     0.0006863    10    12      0.000002+i*     0.000076
  0.33333  0.33333  0.00000    -4.2052738    -0.0464668     0.0049463     9    11     -0.000549+i*     0.000012
  0.33333  0.33333  0.00000    -2.8912559    -0.0464668     0.0000115    10    11     -0.000000+i*     0.000001
  0.33333  0.33333  0.00000    -2.8912559     2.6619915     0.0002349    10    12      0.000003+i*    -0.000026
 -0.33333  0.33333  0.00000    -4.4620760    -0.0451223     0.0031228     9    11     -0.000316+i*     0.000143
 -0.33333  0.33333  0.00000    -3.2688503    -0.0451223     0.0000236    10    11      0.000003+i*     0.000001
 -0.33333  0.33333  0.00000    -3.2688503     2.6226298     0.0002078    10    12      0.000023+i*     0.000005
 -0.33333  0.00000  0.00000    -4.5946561    -0.8328566     0.0420496     9    11     -0.004671+i*     0.000099
 -0.33333  0.00000  0.00000    -2.8335705    -0.8328566     0.0000000    10    11     -0.000000+i*     0.000000
 -0.33333  0.00000  0.00000    -2.8335705     1.9685811     0.0000015    10    12      0.000000+i*    -0.000000
  0.00000 -0.33333  0.00000    -5.1496778    -1.5869842     0.0154987     9    11      0.001722+i*    -0.000036
  0.00000 -0.33333  0.00000    -3.1203342    -1.5869842     0.0000041    10    11      0.000000+i*     0.000000
  0.00000 -0.33333  0.00000    -3.1203342     1.1932086     0.0006864    10    12     -0.000001+i*    -0.000076
  0.33333 -0.33333  0.00000    -4.4620760    -0.0451223     0.0031228     9    11     -0.000322+i*    -0.000130
  0.33333 -0.33333  0.00000    -3.2688503    -0.0451223     0.0000236    10    11      0.000003+i*    -0.000001
  0.33333 -0.33333  0.00000    -3.2688503     2.6226298     0.0002079    10    12      0.000022+i*    -0.000006
 -0.33333 -0.33333  0.00000    -4.2052738    -0.0464668     0.0049463     9    11     -0.000549+i*     0.000012
 -0.33333 -0.33333  0.00000    -2.8912559    -0.0464668     0.0000115    10    11     -0.000000+i*    -0.000001
 -0.33333 -0.33333  0.00000    -2.8912559     2.6619915     0.0002350    10    12      0.000004+i*     0.000026
    13BSE eigenvalue    3.76179952      IP-eigenvalue:    3.76179942
  0.00000  0.00000  0.00000    -6.0785256    -2.3708546     0.0000000     9    11      0.000000+i*     0.000000
  0.00000  0.00000  0.00000    -4.1241113    -2.3708546     0.0000000    10    11     -0.000000+i*     0.000000
  0.00000  0.00000  0.00000    -4.1241113     0.4107230     0.0000000    10    12      0.000000+i*    -0.000000
  0.33333  0.00000  0.00000    -4.5946561    -0.8328566     6.3639610     9    11      0.403148+i*    -0.580923
  0.33333  0.00000  0.00000    -2.8335705    -0.8328566     0.0000000    10    11      0.000000+i*    -0.000000
  0.33333  0.00000  0.00000    -2.8335705     1.9685811     0.0000000    10    12     -0.000000+i*    -0.000000
  0.00000  0.33333  0.00000    -5.1496778    -1.5869842     0.0000066     9    11      0.000000+i*    -0.000001
  0.00000  0.33333  0.00000    -3.1203342    -1.5869842     0.0000000    10    11     -0.000000+i*    -0.000000
  0.00000  0.33333  0.00000    -3.1203342     1.1932086     0.0000000    10    12      0.000000+i*     0.000000
  0.33333  0.33333  0.00000    -4.2052738    -0.0464668     0.0000056     9    11     -0.000000+i*     0.000001
  0.33333  0.33333  0.00000    -2.8912559    -0.0464668     0.0000000    10    11      0.000000+i*    -0.000000
  0.33333  0.33333  0.00000    -2.8912559     2.6619915     0.0000000    10    12     -0.000000+i*    -0.000000
 -0.33333  0.33333  0.00000    -4.4620760    -0.0451223     0.0000055     9    11     -0.000000+i*     0.000001
 -0.33333  0.33333  0.00000    -3.2688503    -0.0451223     0.0000000    10    11     -0.000000+i*    -0.000000
 -0.33333  0.33333  0.00000    -3.2688503     2.6226298     0.0000000    10    12      0.000000+i*    -0.000000
 -0.33333  0.00000  0.00000    -4.5946561    -0.8328566     6.3639610     9    11     -0.402974+i*     0.581044
 -0.33333  0.00000  0.00000    -2.8335705    -0.8328566     0.0000000    10    11     -0.000000+i*     0.000000
 -0.33333  0.00000  0.00000    -2.8335705     1.9685811     0.0000000    10    12     -0.000000+i*    -0.000000
  0.00000 -0.33333  0.00000    -5.1496778    -1.5869842     0.0000066     9    11     -0.000000+i*     0.000001
  0.00000 -0.33333  0.00000    -3.1203342    -1.5869842     0.0000000    10    11     -0.000000+i*    -0.000000
  0.00000 -0.33333  0.00000    -3.1203342     1.1932086     0.0000000    10    12      0.000000+i*     0.000000
  0.33333 -0.33333  0.00000    -4.4620760    -0.0451223     0.0000055     9    11      0.000001+i*    -0.000000
  0.33333 -0.33333  0.00000    -3.2688503    -0.0451223     0.0000000    10    11     -0.000000+i*    -0.000000
  0.33333 -0.33333  0.00000    -3.2688503     2.6226298     0.0000000    10    12     -0.000000+i*     0.000000
 -0.33333 -0.33333  0.00000    -4.2052738    -0.0464668     0.0000056     9    11      0.000000+i*    -0.000001
 -0.33333 -0.33333  0.00000    -2.8912559    -0.0464668     0.0000000    10    11     -0.000000+i*     0.000000
 -0.33333 -0.33333  0.00000    -2.8912559     2.6619915     0.0000000    10    12     -0.000000+i*    -0.000000
    14BSE eigenvalue    3.76230865      IP-eigenvalue:    3.76179942
  0.00000  0.00000  0.00000    -6.0785256    -2.3708546     0.0593991     9    11     -0.006600+i*     0.000000
  0.00000  0.00000  0.00000    -4.1241113    -2.3708546     0.0000000    10    11      0.000000+i*    -0.000000
  0.00000  0.00000  0.00000    -4.1241113     0.4107230     0.0000000    10    12      0.000000+i*     0.000000
  0.33333  0.00000  0.00000    -4.5946561    -0.8328566     6.3637949     9    11     -0.706935+i*     0.014712
  0.33333  0.00000  0.00000    -2.8335705    -0.8328566     0.0000000    10    11      0.000000+i*     0.000000
  0.33333  0.00000  0.00000    -2.8335705     1.9685811     0.0000024    10    12     -0.000000+i*    -0.000000
  0.00000  0.33333  0.00000    -5.1496778    -1.5869842     0.0161325     9    11     -0.001792+i*     0.000037
  0.00000  0.33333  0.00000    -3.1203342    -1.5869842     0.0000056    10    11      0.000000+i*     0.000001
  0.00000  0.33333  0.00000    -3.1203342     1.1932086     0.0010716    10    12     -0.000003+i*    -0.000119
  0.33333  0.33333  0.00000    -4.2052738    -0.0464668     0.0080499     9    11      0.000894+i*    -0.000019
  0.33333  0.33333  0.00000    -2.8912559    -0.0464668     0.0000153    10    11      0.000000+i*    -0.000002
  0.33333  0.33333  0.00000    -2.8912559     2.6619915     0.0003440    10    12     -0.000005+i*     0.000038
 -0.33333  0.33333  0.00000    -4.4620760    -0.0451223     0.0048429     9    11      0.000490+i*    -0.000222
 -0.33333  0.33333  0.00000    -3.2688503    -0.0451223     0.0000302    10    11     -0.000003+i*    -0.000001
 -0.33333  0.33333  0.00000    -3.2688503     2.6226298     0.0003028    10    12     -0.000033+i*    -0.000007
 -0.33333  0.00000  0.00000    -4.5946561    -0.8328566     6.3637949     9    11     -0.706931+i*     0.014924
 -0.33333  0.00000  0.00000    -2.8335705    -0.8328566     0.0000000    10    11      0.000000+i*    -0.000000
 -0.33333  0.00000  0.00000    -2.8335705     1.9685811     0.0000024    10    12     -0.000000+i*     0.000000
  0.00000 -0.33333  0.00000    -5.1496778    -1.5869842     0.0161325     9    11     -0.001792+i*     0.000038
  0.00000 -0.33333  0.00000    -3.1203342    -1.5869842     0.0000056    10    11     -0.000000+i*    -0.000001
  0.00000 -0.33333  0.00000    -3.1203342     1.1932086     0.0010716    10    12      0.000002+i*     0.000119
  0.33333 -0.33333  0.00000    -4.4620760    -0.0451223     0.0048429     9    11      0.000499+i*     0.000202
  0.33333 -0.33333  0.00000    -3.2688503    -0.0451223     0.0000302    10    11     -0.000003+i*     0.000001
  0.33333 -0.33333  0.00000    -3.2688503     2.6226298     0.0003028    10    12     -0.000033+i*     0.000008
 -0.33333 -0.33333  0.00000    -4.2052738    -0.0464668     0.0080499     9    11      0.000894+i*    -0.000019
 -0.33333 -0.33333  0.00000    -2.8912559    -0.0464668     0.0000153    10    11      0.000000+i*     0.000002
 -0.33333 -0.33333  0.00000    -2.8912559     2.6619915     0.0003440    10    12     -0.000006+i*    -0.000038
    15BSE eigenvalue    4.15880828      IP-eigenvalue:    4.15880699
  0.00000  0.00000  0.00000    -6.0785256    -2.3708546     0.0000000     9    11     -0.000000+i*     0.000000
  0.00000  0.00000  0.00000    -4.1241113    -2.3708546     0.0000002    10    11     -0.000000+i*     0.000000
  0.00000  0.00000  0.00000    -4.1241113     0.4107230     0.0000053    10    12      0.000000+i*    -0.000000
  0.33333  0.00000  0.00000    -4.5946561    -0.8328566     0.0000056     9    11     -0.000000+i*     0.000000
  0.33333  0.00000  0.00000    -2.8335705    -0.8328566     0.0000002    10    11      0.000000+i*     0.000000
  0.33333  0.00000  0.00000    -2.8335705     1.9685811     0.0000033    10    12     -0.000000+i*    -0.000000
  0.00000  0.33333  0.00000    -5.1496778    -1.5869842     0.0000081     9    11     -0.000001+i*     0.000001
  0.00000  0.33333  0.00000    -3.1203342    -1.5869842     0.0000002    10    11     -0.000000+i*    -0.000000
  0.00000  0.33333  0.00000    -3.1203342     1.1932086     0.0000151    10    12      0.000001+i*     0.000001
  0.33333  0.33333  0.00000    -4.2052738    -0.0464668     6.3639610     9    11     -0.549396+i*     0.445156
  0.33333  0.33333  0.00000    -2.8912559    -0.0464668     0.0000003    10    11      0.000000+i*     0.000000
  0.33333  0.33333  0.00000    -2.8912559     2.6619915     0.0000018    10    12     -0.000000+i*    -0.000000
 -0.33333  0.33333  0.00000    -4.4620760    -0.0451223     0.0000517     9    11      0.000003+i*    -0.000005
 -0.33333  0.33333  0.00000    -3.2688503    -0.0451223     0.0000005    10    11      0.000000+i*    -0.000000
 -0.33333  0.33333  0.00000    -3.2688503     2.6226298     0.0000016    10    12      0.000000+i*    -0.000000
 -0.33333  0.00000  0.00000    -4.5946561    -0.8328566     0.0000056     9    11      0.000000+i*    -0.000000
 -0.33333  0.00000  0.00000    -2.8335705    -0.8328566     0.0000002    10    11      0.000000+i*     0.000000
 -0.33333  0.00000  0.00000    -2.8335705     1.9685811     0.0000033    10    12     -0.000000+i*    -0.000000
  0.00000 -0.33333  0.00000    -5.1496778    -1.5869842     0.0000081     9    11      0.000001+i*    -0.000001
  0.00000 -0.33333  0.00000    -3.1203342    -1.5869842     0.0000002    10    11     -0.000000+i*    -0.000000
  0.00000 -0.33333  0.00000    -3.1203342     1.1932086     0.0000151    10    12      0.000001+i*     0.000001
  0.33333 -0.33333  0.00000    -4.4620760    -0.0451223     0.0000517     9    11     -0.000006+i*     0.000002
  0.33333 -0.33333  0.00000    -3.2688503    -0.0451223     0.0000005    10    11     -0.000000+i*     0.000000
  0.33333 -0.33333  0.00000    -3.2688503     2.6226298     0.0000016    10    12     -0.000000+i*     0.000000
 -0.33333 -0.33333  0.00000    -4.2052738    -0.0464668     6.3639610     9    11      0.549373+i*    -0.445184
 -0.33333 -0.33333  0.00000    -2.8912559    -0.0464668     0.0000003    10    11      0.000000+i*     0.000000
 -0.33333 -0.33333  0.00000    -2.8912559     2.6619915     0.0000018    10    12     -0.000000+i*    -0.000000
    16BSE eigenvalue    4.15930094      IP-eigenvalue:    4.15880699
  0.00000  0.00000  0.00000    -6.0785256    -2.3708546     0.0070428     9    11      0.000783+i*     0.000000
  0.00000  0.00000  0.00000    -4.1241113    -2.3708546     0.0000000    10    11     -0.000000+i*     0.000000
  0.00000  0.00000  0.00000    -4.1241113     0.4107230     0.0000000    10    12      0.000000+i*     0.000000
  0.33333  0.00000  0.00000    -4.5946561    -0.8328566     0.0079939     9    11      0.000888+i*    -0.000018
  0.33333  0.00000  0.00000    -2.8335705    -0.8328566     0.0000001    10    11     -0.000000+i*    -0.000000
  0.33333  0.00000  0.00000    -2.8335705     1.9685811     0.0000083    10    12      0.000000+i*     0.000001
  0.00000  0.33333  0.00000    -5.1496778    -1.5869842     0.0053008     9    11      0.000589+i*    -0.000012
  0.00000  0.33333  0.00000    -3.1203342    -1.5869842     0.0000043    10    11     -0.000000+i*    -0.000000
  0.00000  0.33333  0.00000    -3.1203342     1.1932086     0.0034903    10    12      0.000010+i*     0.000388
  0.33333  0.33333  0.00000    -4.2052738    -0.0464668     6.3639392     9    11      0.706949+i*    -0.014800
  0.33333  0.33333  0.00000    -2.8912559    -0.0464668     0.0000097    10    11     -0.000000+i*     0.000001
  0.33333  0.33333  0.00000    -2.8912559     2.6619915     0.0004012    10    12      0.000005+i*    -0.000044
 -0.33333  0.33333  0.00000    -4.4620760    -0.0451223     0.0121718     9    11     -0.001232+i*     0.000559
 -0.33333  0.33333  0.00000    -3.2688503    -0.0451223     0.0000157    10    11      0.000002+i*     0.000000
 -0.33333  0.33333  0.00000    -3.2688503     2.6226298     0.0003366    10    12      0.000037+i*     0.000008
 -0.33333  0.00000  0.00000    -4.5946561    -0.8328566     0.0079939     9    11      0.000888+i*    -0.000019
 -0.33333  0.00000  0.00000    -2.8335705    -0.8328566     0.0000001    10    11     -0.000000+i*     0.000000
 -0.33333  0.00000  0.00000    -2.8335705     1.9685811     0.0000083    10    12      0.000000+i*    -0.000001
  0.00000 -0.33333  0.00000    -5.1496778    -1.5869842     0.0053008     9    11      0.000589+i*    -0.000012
  0.00000 -0.33333  0.00000    -3.1203342    -1.5869842     0.0000043    10    11      0.000000+i*     0.000000
  0.00000 -0.33333  0.00000    -3.1203342     1.1932086     0.0034903    10    12     -0.000007+i*    -0.000388
  0.33333 -0.33333  0.00000    -4.4620760    -0.0451223     0.0121718     9    11     -0.001254+i*    -0.000507
  0.33333 -0.33333  0.00000    -3.2688503    -0.0451223     0.0000157    10    11      0.000002+i*    -0.000000
  0.33333 -0.33333  0.00000    -3.2688503     2.6226298     0.0003366    10    12      0.000036+i*    -0.000009
 -0.33333 -0.33333  0.00000    -4.2052738    -0.0464668     6.3639392     9    11      0.706949+i*    -0.014837
 -0.33333 -0.33333  0.00000    -2.8912559    -0.0464668     0.0000097    10    11     -0.000000+i*    -0.000001
 -0.33333 -0.33333  0.00000    -2.8912559     2.6619915     0.0004012    10    12      0.000007+i*     0.000044
    17BSE eigenvalue    4.31581685      IP-eigenvalue:    4.31354279
  0.00000  0.00000  0.00000    -6.0785256    -2.3708546     0.0009766     9    11     -0.000109+i*     0.000000
  0.00000  0.00000  0.00000    -4.1241113    -2.3708546     0.0000000    10    11     -0.000000+i*    -0.000000
  0.00000  0.00000  0.00000    -4.1241113     0.4107230     0.0000000    10    12     -0.000000+i*     0.000000
  0.33333  0.00000  0.00000    -4.5946561    -0.8328566     0.0010639     9    11     -0.000118+i*     0.000002
  0.33333  0.00000  0.00000    -2.8335705    -0.8328566     0.0000746    10    11     -0.000001+i*    -0.000008
  0.33333  0.00000  0.00000    -2.8335705     1.9685811     0.0150370    10    12      0.000277+i*     0.001648
  0.00000  0.33333  0.00000    -5.1496778    -1.5869842     0.0007612     9    11     -0.000085+i*     0.000002
  0.00000  0.33333  0.00000    -3.1203342    -1.5869842     0.0001275    10    11      0.000000+i*     0.000014
  0.00000  0.33333  0.00000    -3.1203342     1.1932086     6.3638916    10    12      0.017703+i*     0.706877
  0.33333  0.33333  0.00000    -4.2052738    -0.0464668     0.0034761     9    11     -0.000386+i*     0.000008
  0.33333  0.33333  0.00000    -2.8912559    -0.0464668     0.0003759    10    11      0.000005+i*    -0.000041
  0.33333  0.33333  0.00000    -2.8912559     2.6619915     0.0171046    10    12     -0.000227+i*     0.001887
 -0.33333  0.33333  0.00000    -4.4620760    -0.0451223     0.0050593     9    11      0.000512+i*    -0.000232
 -0.33333  0.33333  0.00000    -3.2688503    -0.0451223     0.0007454    10    11     -0.000081+i*    -0.000019
 -0.33333  0.33333  0.00000    -3.2688503     2.6226298     0.0180162    10    12     -0.001957+i*    -0.000421
 -0.33333  0.00000  0.00000    -4.5946561    -0.8328566     0.0010639     9    11     -0.000118+i*     0.000002
 -0.33333  0.00000  0.00000    -2.8335705    -0.8328566     0.0000746    10    11     -0.000001+i*     0.000008
 -0.33333  0.00000  0.00000    -2.8335705     1.9685811     0.0150370    10    12      0.000208+i*    -0.001658
  0.00000 -0.33333  0.00000    -5.1496778    -1.5869842     0.0007612     9    11     -0.000085+i*     0.000002
  0.00000 -0.33333  0.00000    -3.1203342    -1.5869842     0.0001275    10    11     -0.000000+i*    -0.000014
  0.00000 -0.33333  0.00000    -3.1203342     1.1932086     6.3638916    10    12     -0.011937+i*    -0.706998
  0.33333 -0.33333  0.00000    -4.4620760    -0.0451223     0.0050593     9    11      0.000521+i*     0.000211
  0.33333 -0.33333  0.00000    -3.2688503    -0.0451223     0.0007454    10    11     -0.000080+i*     0.000022
  0.33333 -0.33333  0.00000    -3.2688503     2.6226298     0.0180162    10    12     -0.001938+i*     0.000503
 -0.33333 -0.33333  0.00000    -4.2052738    -0.0464668     0.0034761     9    11     -0.000386+i*     0.000008
 -0.33333 -0.33333  0.00000    -2.8912559    -0.0464668     0.0003759    10    11      0.000007+i*     0.000041
 -0.33333 -0.33333  0.00000    -2.8912559     2.6619915     0.0171046    10    12     -0.000306+i*    -0.001876
    18BSE eigenvalue    4.38463051      IP-eigenvalue:    4.31354279
  0.00000  0.00000  0.00000    -6.0785256    -2.3708546     0.0000000     9    11     -0.000000+i*     0.000000
  0.00000  0.00000  0.00000    -4.1241113    -2.3708546     0.0037968    10    11     -0.000367+i*    -0.000207
  0.00000  0.00000  0.00000    -4.1241113     0.4107230     2.7151616    10    12      0.262309+i*     0.149022
  0.33333  0.00000  0.00000    -4.5946561    -0.8328566     0.0000000     9    11      0.000000+i*     0.000000
  0.33333  0.00000  0.00000    -2.8335705    -0.8328566     0.0042983    10    11     -0.000228+i*     0.000420
  0.33333  0.00000  0.00000    -2.8335705     1.9685811     0.9927706    10    12      0.052597+i*    -0.096960
  0.00000  0.33333  0.00000    -5.1496778    -1.5869842     0.0000028     9    11     -0.000000+i*    -0.000000
  0.00000  0.33333  0.00000    -3.1203342    -1.5869842     0.0037862    10    11      0.000251+i*    -0.000338
  0.00000  0.33333  0.00000    -3.1203342     1.1932086     5.9672422    10    12      0.395228+i*    -0.532353
  0.33333  0.33333  0.00000    -4.2052738    -0.0464668     0.0000123     9    11     -0.000001+i*    -0.000001
  0.33333  0.33333  0.00000    -2.8912559    -0.0464668     0.0075172    10    11     -0.000589+i*     0.000592
  0.33333  0.33333  0.00000    -2.8912559     2.6619915     0.3691740    10    12      0.028946+i*    -0.029064
 -0.33333  0.33333  0.00000    -4.4620760    -0.0451223     0.0001713     9    11      0.000019+i*     0.000004
 -0.33333  0.33333  0.00000    -3.2688503    -0.0451223     0.0109782    10    11      0.000768+i*     0.000948
 -0.33333  0.33333  0.00000    -3.2688503     2.6226298     0.2896012    10    12      0.020608+i*     0.024713
 -0.33333  0.00000  0.00000    -4.5946561    -0.8328566     0.0000000     9    11     -0.000000+i*     0.000000
 -0.33333  0.00000  0.00000    -2.8335705    -0.8328566     0.0042983    10    11     -0.000339+i*     0.000337
 -0.33333  0.00000  0.00000    -2.8335705     1.9685811     0.9927706    10    12      0.078232+i*    -0.077766
  0.00000 -0.33333  0.00000    -5.1496778    -1.5869842     0.0000028     9    11      0.000000+i*     0.000000
  0.00000 -0.33333  0.00000    -3.1203342    -1.5869842     0.0037862    10    11      0.000254+i*    -0.000336
  0.00000 -0.33333  0.00000    -3.1203342     1.1932086     5.9672422    10    12      0.399557+i*    -0.529111
  0.33333 -0.33333  0.00000    -4.4620760    -0.0451223     0.0001713     9    11     -0.000009+i*    -0.000016
  0.33333 -0.33333  0.00000    -3.2688503    -0.0451223     0.0109782    10    11     -0.001126+i*    -0.000470
  0.33333 -0.33333  0.00000    -3.2688503     2.6226298     0.2896012    10    12     -0.029515+i*    -0.012817
 -0.33333 -0.33333  0.00000    -4.2052738    -0.0464668     0.0000123     9    11      0.000001+i*     0.000001
 -0.33333 -0.33333  0.00000    -2.8912559    -0.0464668     0.0075172    10    11     -0.000402+i*     0.000732
 -0.33333 -0.33333  0.00000    -2.8912559     2.6619915     0.3691740    10    12      0.019739+i*    -0.035958
    19BSE eigenvalue    4.41695710      IP-eigenvalue:    4.41695368
  0.00000  0.00000  0.00000    -6.0785256    -2.3708546     0.0000000     9    11     -0.000000+i*     0.000000
  0.00000  0.00000  0.00000    -4.1241113    -2.3708546     0.0000003    10    11     -0.000000+i*     0.000000
  0.00000  0.00000  0.00000    -4.1241113     0.4107230     0.0001220    10    12      0.000002+i*    -0.000013
  0.33333  0.00000  0.00000    -4.5946561    -0.8328566     0.0000055     9    11     -0.000000+i*     0.000001
  0.33333  0.00000  0.00000    -2.8335705    -0.8328566     0.0000004    10    11      0.000000+i*     0.000000
  0.33333  0.00000  0.00000    -2.8335705     1.9685811     0.0000382    10    12     -0.000004+i*    -0.000000
  0.00000  0.33333  0.00000    -5.1496778    -1.5869842     0.0000092     9    11     -0.000000+i*     0.000001
  0.00000  0.33333  0.00000    -3.1203342    -1.5869842     0.0000003    10    11     -0.000000+i*    -0.000000
  0.00000  0.33333  0.00000    -3.1203342     1.1932086     0.0001472    10    12     -0.000016+i*    -0.000004
  0.33333  0.33333  0.00000    -4.2052738    -0.0464668     0.0000517     9    11     -0.000001+i*     0.000006
  0.33333  0.33333  0.00000    -2.8912559    -0.0464668     0.0000006    10    11      0.000000+i*     0.000000
  0.33333  0.33333  0.00000    -2.8912559     2.6619915     0.0000138    10    12     -0.000001+i*    -0.000001
 -0.33333  0.33333  0.00000    -4.4620760    -0.0451223     6.3639610     9    11      0.113320+i*     0.697968
 -0.33333  0.33333  0.00000    -3.2688503    -0.0451223     0.0000009    10    11      0.000000+i*    -0.000000
 -0.33333  0.33333  0.00000    -3.2688503     2.6226298     0.0000109    10    12      0.000001+i*    -0.000001
 -0.33333  0.00000  0.00000    -4.5946561    -0.8328566     0.0000055     9    11      0.000000+i*    -0.000001
 -0.33333  0.00000  0.00000    -2.8335705    -0.8328566     0.0000004    10    11      0.000000+i*     0.000000
 -0.33333  0.00000  0.00000    -2.8335705     1.9685811     0.0000382    10    12     -0.000004+i*    -0.000002
  0.00000 -0.33333  0.00000    -5.1496778    -1.5869842     0.0000092     9    11      0.000000+i*    -0.000001
  0.00000 -0.33333  0.00000    -3.1203342    -1.5869842     0.0000003    10    11     -0.000000+i*    -0.000000
  0.00000 -0.33333  0.00000    -3.1203342     1.1932086     0.0001472    10    12     -0.000016+i*    -0.000004
  0.33333 -0.33333  0.00000    -4.4620760    -0.0451223     6.3639610     9    11      0.427450+i*    -0.563282
  0.33333 -0.33333  0.00000    -3.2688503    -0.0451223     0.0000009    10    11      0.000000+i*     0.000000
  0.33333 -0.33333  0.00000    -3.2688503     2.6226298     0.0000109    10    12     -0.000000+i*     0.000001
 -0.33333 -0.33333  0.00000    -4.2052738    -0.0464668     0.0000517     9    11      0.000001+i*    -0.000006
 -0.33333 -0.33333  0.00000    -2.8912559    -0.0464668     0.0000006    10    11      0.000000+i*     0.000000
 -0.33333 -0.33333  0.00000    -2.8912559     2.6619915     0.0000138    10    12     -0.000002+i*    -0.000000
    20BSE eigenvalue    4.41744903      IP-eigenvalue:    4.41695368
  0.00000  0.00000  0.00000    -6.0785256    -2.3708546     0.0044630     9    11      0.000496+i*     0.000000
  0.00000  0.00000  0.00000    -4.1241113    -2.3708546     0.0000000    10    11     -0.000000+i*     0.000000
  0.00000  0.00000  0.00000    -4.1241113     0.4107230     0.0000001    10    12     -0.000000+i*    -0.000000
  0.33333  0.00000  0.00000    -4.5946561    -0.8328566     0.0048290     9    11      0.000536+i*    -0.000011
  0.33333  0.00000  0.00000    -2.8335705    -0.8328566     0.0000000    10    11      0.000000+i*     0.000000
  0.33333  0.00000  0.00000    -2.8335705     1.9685811     0.0000115    10    12     -0.000000+i*    -0.000001
  0.00000  0.33333  0.00000    -5.1496778    -1.5869842     0.0036923     9    11      0.000410+i*    -0.000009
  0.00000  0.33333  0.00000    -3.1203342    -1.5869842     0.0000039    10    11     -0.000000+i*    -0.000000
  0.00000  0.33333  0.00000    -3.1203342     1.1932086     0.0050487    10    12     -0.000014+i*    -0.000561
  0.33333  0.33333  0.00000    -4.2052738    -0.0464668     0.0121629     9    11      0.001351+i*    -0.000028
  0.33333  0.33333  0.00000    -2.8912559    -0.0464668     0.0000080    10    11     -0.000000+i*     0.000001
  0.33333  0.33333  0.00000    -2.8912559     2.6619915     0.0004870    10    12      0.000006+i*    -0.000054
 -0.33333  0.33333  0.00000    -4.4620760    -0.0451223     6.3639437     9    11      0.643906+i*    -0.292202
 -0.33333  0.33333  0.00000    -3.2688503    -0.0451223     0.0000124    10    11      0.000001+i*     0.000000
 -0.33333  0.33333  0.00000    -3.2688503     2.6226298     0.0003969    10    12      0.000043+i*     0.000009
 -0.33333  0.00000  0.00000    -4.5946561    -0.8328566     0.0048290     9    11      0.000536+i*    -0.000011
 -0.33333  0.00000  0.00000    -2.8335705    -0.8328566     0.0000000    10    11      0.000000+i*    -0.000000
 -0.33333  0.00000  0.00000    -2.8335705     1.9685811     0.0000115    10    12     -0.000000+i*     0.000001
  0.00000 -0.33333  0.00000    -5.1496778    -1.5869842     0.0036923     9    11      0.000410+i*    -0.000009
  0.00000 -0.33333  0.00000    -3.1203342    -1.5869842     0.0000039    10    11      0.000000+i*     0.000000
  0.00000 -0.33333  0.00000    -3.1203342     1.1932086     0.0050487    10    12      0.000009+i*     0.000561
  0.33333 -0.33333  0.00000    -4.4620760    -0.0451223     6.3639437     9    11      0.655585+i*     0.264964
  0.33333 -0.33333  0.00000    -3.2688503    -0.0451223     0.0000124    10    11      0.000001+i*    -0.000000
  0.33333 -0.33333  0.00000    -3.2688503     2.6226298     0.0003969    10    12      0.000043+i*    -0.000011
 -0.33333 -0.33333  0.00000    -4.2052738    -0.0464668     0.0121629     9    11      0.001351+i*    -0.000028
 -0.33333 -0.33333  0.00000    -2.8912559    -0.0464668     0.0000080    10    11     -0.000000+i*    -0.000001
 -0.33333 -0.33333  0.00000    -2.8912559     2.6619915     0.0004870    10    12      0.000009+i*     0.000053
    21BSE eigenvalue    4.58321809      IP-eigenvalue:    4.53483427
  0.00000  0.00000  0.00000    -6.0785256    -2.3708546     0.0000000     9    11      0.000000+i*     0.000000
  0.00000  0.00000  0.00000    -4.1241113    -2.3708546     0.0034920    10    11      0.000335+i*     0.000196
  0.00000  0.00000  0.00000    -4.1241113     0.4107230     8.2945100    10    12      0.794363+i*     0.467286
  0.33333  0.00000  0.00000    -4.5946561    -0.8328566     0.0000000     9    11      0.000000+i*    -0.000000
  0.33333  0.00000  0.00000    -2.8335705    -0.8328566     0.0039137    10    11      0.000213+i*    -0.000379
  0.33333  0.00000  0.00000    -2.8335705     1.9685811     1.8578110    10    12     -0.101155+i*     0.179940
  0.00000  0.33333  0.00000    -5.1496778    -1.5869842     0.0000020     9    11      0.000000+i*     0.000000
  0.00000  0.33333  0.00000    -3.1203342    -1.5869842     0.0034731    10    11     -0.000235+i*     0.000306
  0.00000  0.33333  0.00000    -3.1203342     1.1932086     1.5355181    10    12     -0.103758+i*     0.135437
  0.33333  0.33333  0.00000    -4.2052738    -0.0464668     0.0000059     9    11      0.000001+i*     0.000000
  0.33333  0.33333  0.00000    -2.8912559    -0.0464668     0.0065020    10    11      0.000517+i*    -0.000504
  0.33333  0.33333  0.00000    -2.8912559     2.6619915     0.4322166    10    12     -0.034399+i*     0.033511
 -0.33333  0.33333  0.00000    -4.4620760    -0.0451223     0.0000314     9    11      0.000003+i*     0.000001
 -0.33333  0.33333  0.00000    -3.2688503    -0.0451223     0.0091148    10    11     -0.000626+i*    -0.000796
 -0.33333  0.33333  0.00000    -3.2688503     2.6226298     0.3229621    10    12     -0.022563+i*    -0.027904
 -0.33333  0.00000  0.00000    -4.5946561    -0.8328566     0.0000000     9    11      0.000000+i*    -0.000000
 -0.33333  0.00000  0.00000    -2.8335705    -0.8328566     0.0039137    10    11      0.000313+i*    -0.000302
 -0.33333  0.00000  0.00000    -2.8335705     1.9685811     1.8578110    10    12     -0.148578+i*     0.143302
  0.00000 -0.33333  0.00000    -5.1496778    -1.5869842     0.0000020     9    11     -0.000000+i*    -0.000000
  0.00000 -0.33333  0.00000    -3.1203342    -1.5869842     0.0034731    10    11     -0.000237+i*     0.000304
  0.00000 -0.33333  0.00000    -3.1203342     1.1932086     1.5355181    10    12     -0.104859+i*     0.134586
  0.33333 -0.33333  0.00000    -4.4620760    -0.0451223     0.0000314     9    11     -0.000002+i*    -0.000003
  0.33333 -0.33333  0.00000    -3.2688503    -0.0451223     0.0091148    10    11      0.000929+i*     0.000404
  0.33333 -0.33333  0.00000    -3.2688503     2.6226298     0.3229621    10    12      0.032696+i*     0.014789
 -0.33333 -0.33333  0.00000    -4.2052738    -0.0464668     0.0000059     9    11     -0.000001+i*    -0.000000
 -0.33333 -0.33333  0.00000    -2.8912559    -0.0464668     0.0065020    10    11      0.000357+i*    -0.000628
 -0.33333 -0.33333  0.00000    -2.8912559     2.6619915     0.4322166    10    12     -0.023743+i*     0.041744
    22BSE eigenvalue    4.80277311      IP-eigenvalue:    4.80215164
  0.00000  0.00000  0.00000    -6.0785256    -2.3708546     0.0000012     9    11      0.000000+i*     0.000000
  0.00000  0.00000  0.00000    -4.1241113    -2.3708546     0.0000000    10    11     -0.000000+i*     0.000000
  0.00000  0.00000  0.00000    -4.1241113     0.4107230     0.0000000    10    12      0.000000+i*    -0.000000
  0.33333  0.00000  0.00000    -4.5946561    -0.8328566     0.0000012     9    11      0.000000+i*    -0.000000
  0.33333  0.00000  0.00000    -2.8335705    -0.8328566     0.0000334    10    11     -0.000001+i*    -0.000004
  0.33333  0.00000  0.00000    -2.8335705     1.9685811     6.3639152    10    12     -0.116882+i*    -0.697375
  0.00000  0.33333  0.00000    -5.1496778    -1.5869842     0.0000009     9    11      0.000000+i*    -0.000000
  0.00000  0.33333  0.00000    -3.1203342    -1.5869842     0.0000551    10    11      0.000000+i*     0.000006
  0.00000  0.33333  0.00000    -3.1203342     1.1932086     0.0149632    10    12      0.000041+i*     0.001662
  0.33333  0.33333  0.00000    -4.2052738    -0.0464668     0.0000016     9    11      0.000000+i*    -0.000000
  0.33333  0.33333  0.00000    -2.8912559    -0.0464668     0.0001410    10    11      0.000002+i*    -0.000016
  0.33333  0.33333  0.00000    -2.8912559     2.6619915     0.0140425    10    12     -0.000187+i*     0.001549
 -0.33333  0.33333  0.00000    -4.4620760    -0.0451223     0.0000023     9    11      0.000000+i*    -0.000000
 -0.33333  0.33333  0.00000    -3.2688503    -0.0451223     0.0002523    10    11     -0.000027+i*    -0.000006
 -0.33333  0.33333  0.00000    -3.2688503     2.6226298     0.0127349    10    12     -0.001383+i*    -0.000299
 -0.33333  0.00000  0.00000    -4.5946561    -0.8328566     0.0000012     9    11      0.000000+i*    -0.000000
 -0.33333  0.00000  0.00000    -2.8335705    -0.8328566     0.0000334    10    11     -0.000000+i*     0.000004
 -0.33333  0.00000  0.00000    -2.8335705     1.9685811     6.3639152    10    12     -0.088356+i*     0.701560
  0.00000 -0.33333  0.00000    -5.1496778    -1.5869842     0.0000009     9    11      0.000000+i*    -0.000000
  0.00000 -0.33333  0.00000    -3.1203342    -1.5869842     0.0000551    10    11     -0.000000+i*    -0.000006
  0.00000 -0.33333  0.00000    -3.1203342     1.1932086     0.0149632    10    12     -0.000027+i*    -0.001662
  0.33333 -0.33333  0.00000    -4.4620760    -0.0451223     0.0000023     9    11      0.000000+i*     0.000000
  0.33333 -0.33333  0.00000    -3.2688503    -0.0451223     0.0002523    10    11     -0.000027+i*     0.000007
  0.33333 -0.33333  0.00000    -3.2688503     2.6226298     0.0127349    10    12     -0.001370+i*     0.000355
 -0.33333 -0.33333  0.00000    -4.2052738    -0.0464668     0.0000016     9    11      0.000000+i*    -0.000000
 -0.33333 -0.33333  0.00000    -2.8912559    -0.0464668     0.0001410    10    11      0.000003+i*     0.000015
 -0.33333 -0.33333  0.00000    -2.8912559     2.6619915     0.0140425    10    12     -0.000250+i*    -0.001540
    23BSE eigenvalue    4.93727243      IP-eigenvalue:    4.80215164
  0.00000  0.00000  0.00000    -6.0785256    -2.3708546     0.0000000     9    11      0.000000+i*     0.000000
  0.00000  0.00000  0.00000    -4.1241113    -2.3708546     0.0060492    10    11      0.000575+i*     0.000348
  0.00000  0.00000  0.00000    -4.1241113     0.4107230     1.9436286    10    12      0.184376+i*     0.112445
  0.33333  0.00000  0.00000    -4.5946561    -0.8328566     0.0000000     9    11      0.000000+i*    -0.000000
  0.33333  0.00000  0.00000    -2.8335705    -0.8328566     0.0067089    10    11      0.000376+i*    -0.000644
  0.33333  0.00000  0.00000    -2.8335705     1.9685811     5.8675989    10    12      0.328480+i*    -0.563158
  0.00000  0.33333  0.00000    -5.1496778    -1.5869842     0.0000030     9    11      0.000000+i*     0.000000
  0.00000  0.33333  0.00000    -3.1203342    -1.5869842     0.0060667    10    11     -0.000418+i*     0.000529
  0.00000  0.33333  0.00000    -3.1203342     1.1932086     1.2943211    10    12     -0.089264+i*     0.112757
  0.33333  0.33333  0.00000    -4.2052738    -0.0464668     0.0000063     9    11      0.000001+i*     0.000000
  0.33333  0.33333  0.00000    -2.8912559    -0.0464668     0.0105322    10    11      0.000851+i*    -0.000803
  0.33333  0.33333  0.00000    -2.8912559     2.6619915     1.3271314    10    12     -0.107246+i*     0.101205
 -0.33333  0.33333  0.00000    -4.4620760    -0.0451223     0.0000196     9    11      0.000002+i*     0.000001
 -0.33333  0.33333  0.00000    -3.2688503    -0.0451223     0.0141001    10    11     -0.000948+i*    -0.001247
 -0.33333  0.33333  0.00000    -3.2688503     2.6226298     0.8634134    10    12     -0.059127+i*    -0.075548
 -0.33333  0.00000  0.00000    -4.5946561    -0.8328566     0.0000000     9    11      0.000000+i*    -0.000000
 -0.33333  0.00000  0.00000    -2.8335705    -0.8328566     0.0067089    10    11      0.000545+i*    -0.000509
 -0.33333  0.00000  0.00000    -2.8335705     1.9685811     5.8675989    10    12      0.476398+i*    -0.445074
  0.00000 -0.33333  0.00000    -5.1496778    -1.5869842     0.0000030     9    11     -0.000000+i*    -0.000000
  0.00000 -0.33333  0.00000    -3.1203342    -1.5869842     0.0060667    10    11     -0.000423+i*     0.000525
  0.00000 -0.33333  0.00000    -3.1203342     1.1932086     1.2943211    10    12     -0.090181+i*     0.112025
  0.33333 -0.33333  0.00000    -4.4620760    -0.0451223     0.0000196     9    11     -0.000001+i*    -0.000002
  0.33333 -0.33333  0.00000    -3.2688503    -0.0451223     0.0141001    10    11      0.001426+i*     0.000648
  0.33333 -0.33333  0.00000    -3.2688503     2.6226298     0.8634134    10    12      0.086769+i*     0.040922
 -0.33333 -0.33333  0.00000    -4.2052738    -0.0464668     0.0000063     9    11     -0.000001+i*    -0.000000
 -0.33333 -0.33333  0.00000    -2.8912559    -0.0464668     0.0105322    10    11      0.000595+i*    -0.001008
 -0.33333 -0.33333  0.00000    -2.8912559     2.6619915     1.3271314    10    12     -0.074932+i*     0.127001
    24BSE eigenvalue    5.55812668      IP-eigenvalue:    5.55324738
  0.00000  0.00000  0.00000    -6.0785256    -2.3708546     0.0003318     9    11     -0.000037+i*     0.000000
  0.00000  0.00000  0.00000    -4.1241113    -2.3708546     0.0000000    10    11     -0.000000+i*    -0.000000
  0.00000  0.00000  0.00000    -4.1241113     0.4107230     0.0000000    10    12      0.000000+i*     0.000000
  0.33333  0.00000  0.00000    -4.5946561    -0.8328566     0.0003393     9    11     -0.000038+i*     0.000001
  0.33333  0.00000  0.00000    -2.8335705    -0.8328566     0.0000689    10    11     -0.000001+i*    -0.000008
  0.33333  0.00000  0.00000    -2.8335705     1.9685811     0.0137469    10    12     -0.000253+i*    -0.001506
  0.00000  0.33333  0.00000    -5.1496778    -1.5869842     0.0002972     9    11     -0.000033+i*     0.000001
  0.00000  0.33333  0.00000    -3.1203342    -1.5869842     0.0001272    10    11      0.000000+i*     0.000014
  0.00000  0.33333  0.00000    -3.1203342     1.1932086     0.0167753    10    12      0.000047+i*     0.001863
  0.33333  0.33333  0.00000    -4.2052738    -0.0464668     0.0004036     9    11     -0.000045+i*     0.000001
  0.33333  0.33333  0.00000    -2.8912559    -0.0464668     0.0002991    10    11      0.000004+i*    -0.000033
  0.33333  0.33333  0.00000    -2.8912559     2.6619915     6.3626647    10    12      0.084423+i*    -0.701904
 -0.33333  0.33333  0.00000    -4.4620760    -0.0451223     0.0004644     9    11     -0.000047+i*     0.000021
 -0.33333  0.33333  0.00000    -3.2688503    -0.0451223     0.0005189    10    11     -0.000056+i*    -0.000013
 -0.33333  0.33333  0.00000    -3.2688503     2.6226298     0.1265989    10    12     -0.013751+i*    -0.002961
 -0.33333  0.00000  0.00000    -4.5946561    -0.8328566     0.0003393     9    11     -0.000038+i*     0.000001
 -0.33333  0.00000  0.00000    -2.8335705    -0.8328566     0.0000689    10    11     -0.000001+i*     0.000008
 -0.33333  0.00000  0.00000    -2.8335705     1.9685811     0.0137469    10    12     -0.000190+i*     0.001516
  0.00000 -0.33333  0.00000    -5.1496778    -1.5869842     0.0002972     9    11     -0.000033+i*     0.000001
  0.00000 -0.33333  0.00000    -3.1203342    -1.5869842     0.0001272    10    11     -0.000000+i*    -0.000014
  0.00000 -0.33333  0.00000    -3.1203342     1.1932086     0.0167753    10    12     -0.000031+i*    -0.001864
  0.33333 -0.33333  0.00000    -4.4620760    -0.0451223     0.0004644     9    11     -0.000048+i*    -0.000019
  0.33333 -0.33333  0.00000    -3.2688503    -0.0451223     0.0005189    10    11     -0.000056+i*     0.000015
  0.33333 -0.33333  0.00000    -3.2688503     2.6226298     0.1265989    10    12     -0.013615+i*     0.003534
 -0.33333 -0.33333  0.00000    -4.2052738    -0.0464668     0.0004036     9    11     -0.000045+i*     0.000001
 -0.33333 -0.33333  0.00000    -2.8912559    -0.0464668     0.0002991    10    11      0.000005+i*     0.000033
 -0.33333 -0.33333  0.00000    -2.8912559     2.6619915     6.3626646    10    12      0.113768+i*     0.697749
    25BSE eigenvalue    5.66250634      IP-eigenvalue:    5.55324738
  0.00000  0.00000  0.00000    -6.0785256    -2.3708546     0.0000000     9    11     -0.000000+i*     0.000000
  0.00000  0.00000  0.00000    -4.1241113    -2.3708546     0.0036959    10    11     -0.000356+i*    -0.000205
  0.00000  0.00000  0.00000    -4.1241113     0.4107230     0.5219083    10    12     -0.050164+i*    -0.029093
  0.33333  0.00000  0.00000    -4.5946561    -0.8328566     0.0000000     9    11      0.000000+i*     0.000000
  0.33333  0.00000  0.00000    -2.8335705    -0.8328566     0.0040429    10    11     -0.000218+i*     0.000393
  0.33333  0.00000  0.00000    -2.8335705     1.9685811     0.6945978    10    12     -0.037403+i*     0.067508
  0.00000  0.33333  0.00000    -5.1496778    -1.5869842     0.0000015     9    11     -0.000000+i*    -0.000000
  0.00000  0.33333  0.00000    -3.1203342    -1.5869842     0.0037705    10    11      0.000253+i*    -0.000334
  0.00000  0.33333  0.00000    -3.1203342     1.1932086     0.4525718    10    12      0.030334+i*    -0.040106
  0.33333  0.33333  0.00000    -4.2052738    -0.0464668     0.0000026     9    11     -0.000000+i*    -0.000000
  0.33333  0.33333  0.00000    -2.8912559    -0.0464668     0.0059145    10    11     -0.000468+i*     0.000461
  0.33333  0.33333  0.00000    -2.8912559     2.6619915     5.6741322    10    12     -0.448863+i*     0.442720
 -0.33333  0.33333  0.00000    -4.4620760    -0.0451223     0.0000064     9    11     -0.000001+i*    -0.000000
 -0.33333  0.33333  0.00000    -3.2688503    -0.0451223     0.0075119    10    11      0.000520+i*     0.000653
 -0.33333  0.33333  0.00000    -3.2688503     2.6226298     2.7350709    10    12      0.192538+i*     0.235122
 -0.33333  0.00000  0.00000    -4.5946561    -0.8328566     0.0000000     9    11     -0.000000+i*     0.000000
 -0.33333  0.00000  0.00000    -2.8335705    -0.8328566     0.0040429    10    11     -0.000321+i*     0.000314
 -0.33333  0.00000  0.00000    -2.8335705     1.9685811     0.6945978    10    12     -0.055218+i*     0.053920
  0.00000 -0.33333  0.00000    -5.1496778    -1.5869842     0.0000015     9    11      0.000000+i*     0.000000
  0.00000 -0.33333  0.00000    -3.1203342    -1.5869842     0.0037705    10    11      0.000255+i*    -0.000332
  0.00000 -0.33333  0.00000    -3.1203342     1.1932086     0.4525718    10    12      0.030660+i*    -0.039858
  0.33333 -0.33333  0.00000    -4.4620760    -0.0451223     0.0000064     9    11      0.000000+i*     0.000001
  0.33333 -0.33333  0.00000    -3.2688503    -0.0451223     0.0075119    10    11     -0.000767+i*    -0.000329
  0.33333 -0.33333  0.00000    -3.2688503     2.6226298     2.7350709    10    12     -0.277658+i*    -0.123528
 -0.33333 -0.33333  0.00000    -4.2052738    -0.0464668     0.0000026     9    11      0.000000+i*     0.000000
 -0.33333 -0.33333  0.00000    -2.8912559    -0.0464668     0.0059145    10    11     -0.000321+i*     0.000573
 -0.33333 -0.33333  0.00000    -2.8912559     2.6619915     5.6741323    10    12     -0.308302+i*     0.549935
    26BSE eigenvalue    5.90099921      IP-eigenvalue:    5.89148012
  0.00000  0.00000  0.00000    -6.0785256    -2.3708546     0.0003059     9    11      0.000034+i*     0.000000
  0.00000  0.00000  0.00000    -4.1241113    -2.3708546     0.0000000    10    11      0.000000+i*     0.000000
  0.00000  0.00000  0.00000    -4.1241113     0.4107230     0.0000000    10    12     -0.000000+i*    -0.000000
  0.33333  0.00000  0.00000    -4.5946561    -0.8328566     0.0003113     9    11      0.000035+i*    -0.000001
  0.33333  0.00000  0.00000    -2.8335705    -0.8328566     0.0000861    10    11      0.000002+i*     0.000009
  0.33333  0.00000  0.00000    -2.8335705     1.9685811     0.0129683    10    12      0.000239+i*     0.001421
  0.00000  0.33333  0.00000    -5.1496778    -1.5869842     0.0002773     9    11      0.000031+i*    -0.000001
  0.00000  0.33333  0.00000    -3.1203342    -1.5869842     0.0001640    10    11     -0.000000+i*    -0.000018
  0.00000  0.33333  0.00000    -3.1203342     1.1932086     0.0183833    10    12     -0.000051+i*    -0.002042
  0.33333  0.33333  0.00000    -4.2052738    -0.0464668     0.0003545     9    11      0.000039+i*    -0.000001
  0.33333  0.33333  0.00000    -2.8912559    -0.0464668     0.0003767    10    11     -0.000005+i*     0.000042
  0.33333  0.33333  0.00000    -2.8912559     2.6619915     0.1265223    10    12     -0.001679+i*     0.013957
 -0.33333  0.33333  0.00000    -4.4620760    -0.0451223     0.0003908     9    11      0.000040+i*    -0.000018
 -0.33333  0.33333  0.00000    -3.2688503    -0.0451223     0.0006504    10    11      0.000070+i*     0.000016
 -0.33333  0.33333  0.00000    -3.2688503     2.6226298     6.3626634    10    12     -0.691126+i*    -0.148798
 -0.33333  0.00000  0.00000    -4.5946561    -0.8328566     0.0003113     9    11      0.000035+i*    -0.000001
 -0.33333  0.00000  0.00000    -2.8335705    -0.8328566     0.0000861    10    11      0.000001+i*    -0.000009
 -0.33333  0.00000  0.00000    -2.8335705     1.9685811     0.0129683    10    12      0.000179+i*    -0.001430
  0.00000 -0.33333  0.00000    -5.1496778    -1.5869842     0.0002773     9    11      0.000031+i*    -0.000001
  0.00000 -0.33333  0.00000    -3.1203342    -1.5869842     0.0001640    10    11      0.000000+i*     0.000018
  0.00000 -0.33333  0.00000    -3.1203342     1.1932086     0.0183833    10    12      0.000034+i*     0.002042
  0.33333 -0.33333  0.00000    -4.4620760    -0.0451223     0.0003908     9    11      0.000040+i*     0.000016
  0.33333 -0.33333  0.00000    -3.2688503    -0.0451223     0.0006504    10    11      0.000070+i*    -0.000019
  0.33333 -0.33333  0.00000    -3.2688503     2.6226298     6.3626633    10    12     -0.684281+i*     0.177637
 -0.33333 -0.33333  0.00000    -4.2052738    -0.0464668     0.0003545     9    11      0.000039+i*    -0.000001
 -0.33333 -0.33333  0.00000    -2.8912559    -0.0464668     0.0003767    10    11     -0.000007+i*    -0.000041
 -0.33333 -0.33333  0.00000    -2.8912559     2.6619915     0.1265223    10    12     -0.002262+i*    -0.013875
    27BSE eigenvalue    6.16342874      IP-eigenvalue:    5.89148012
  0.00000  0.00000  0.00000    -6.0785256    -2.3708546     0.0000000     9    11     -0.000000+i*     0.000000
  0.00000  0.00000  0.00000    -4.1241113    -2.3708546     0.0079623    10    11     -0.000782+i*    -0.000414
  0.00000  0.00000  0.00000    -4.1241113     0.4107230     0.8823266    10    12     -0.086484+i*    -0.046169
  0.33333  0.00000  0.00000    -4.5946561    -0.8328566     0.0000000     9    11      0.000000+i*     0.000000
  0.33333  0.00000  0.00000    -2.8335705    -0.8328566     0.0086539    10    11     -0.000436+i*     0.000857
  0.33333  0.00000  0.00000    -2.8335705     1.9685811     1.0730521    10    12     -0.054076+i*     0.106259
  0.00000  0.33333  0.00000    -5.1496778    -1.5869842     0.0000032     9    11     -0.000000+i*    -0.000000
  0.00000  0.33333  0.00000    -3.1203342    -1.5869842     0.0082013    10    11      0.000524+i*    -0.000746
  0.00000  0.33333  0.00000    -3.1203342     1.1932086     0.8083959    10    12      0.051628+i*    -0.073502
  0.33333  0.33333  0.00000    -4.2052738    -0.0464668     0.0000049     9    11     -0.000000+i*    -0.000000
  0.33333  0.33333  0.00000    -2.8912559    -0.0464668     0.0122783    10    11     -0.000937+i*     0.000992
  0.33333  0.33333  0.00000    -2.8912559     2.6619915     2.4939253    10    12     -0.190316+i*     0.201410
 -0.33333  0.33333  0.00000    -4.4620760    -0.0451223     0.0000113     9    11     -0.000001+i*    -0.000000
 -0.33333  0.33333  0.00000    -3.2688503    -0.0451223     0.0152781    10    11      0.001103+i*     0.001290
 -0.33333  0.33333  0.00000    -3.2688503     2.6226298     5.6644138    10    12     -0.415642+i*    -0.472610
 -0.33333  0.00000  0.00000    -4.5946561    -0.8328566     0.0000000     9    11     -0.000000+i*     0.000000
 -0.33333  0.00000  0.00000    -2.8335705    -0.8328566     0.0086539    10    11     -0.000664+i*     0.000696
 -0.33333  0.00000  0.00000    -2.8335705     1.9685811     1.0730521    10    12     -0.082319+i*     0.086249
  0.00000 -0.33333  0.00000    -5.1496778    -1.5869842     0.0000032     9    11      0.000000+i*     0.000000
  0.00000 -0.33333  0.00000    -3.1203342    -1.5869842     0.0082013    10    11      0.000530+i*    -0.000741
  0.00000 -0.33333  0.00000    -3.1203342     1.1932086     0.8083959    10    12      0.052226+i*    -0.073078
  0.33333 -0.33333  0.00000    -4.4620760    -0.0451223     0.0000113     9    11      0.000001+i*     0.000001
  0.33333 -0.33333  0.00000    -3.2688503    -0.0451223     0.0152781    10    11     -0.001583+i*    -0.000613
  0.33333 -0.33333  0.00000    -3.2688503     2.6226298     5.6644139    10    12      0.583687+i*     0.235432
 -0.33333 -0.33333  0.00000    -4.2052738    -0.0464668     0.0000049     9    11      0.000000+i*     0.000000
 -0.33333 -0.33333  0.00000    -2.8912559    -0.0464668     0.0122783    10    11     -0.000625+i*     0.001213
 -0.33333 -0.33333  0.00000    -2.8912559     2.6619915     2.4939253    10    12     -0.126916+i*     0.246330
