                27                27
     1BSE eigenvalue    1.53335145      IP-eigenvalue:    1.53335004
  0.00000  0.00000  0.00000    -6.0785256    -2.3708546     0.0000055     9    11      0.000001+i*     0.000000
  0.00000  0.00000  0.00000    -4.1241113    -2.3708546     0.0000000    10    11     -0.000000+i*    -0.000000
  0.00000  0.00000  0.00000    -4.1241113     0.4107230     0.0000000    10    12      0.000000+i*     0.000000
  0.33333  0.00000  0.00000    -4.5946561    -0.8328566     0.0000053     9    11      0.000001+i*    -0.000000
  0.33333  0.00000  0.00000    -2.8335705    -0.8328566     0.0000094    10    11     -0.000000+i*    -0.000001
  0.33333  0.00000  0.00000    -2.8335705     1.9685811     0.0000566    10    12     -0.000001+i*    -0.000006
  0.00000  0.33333  0.00000    -5.1496778    -1.5869842     0.0000056     9    11      0.000001+i*    -0.000000
  0.00000  0.33333  0.00000    -3.1203342    -1.5869842     6.3639610    10    11     -0.017740+i*    -0.706884
  0.00000  0.33333  0.00000    -3.1203342     1.1932086     0.0001307    10    12      0.000000+i*     0.000015
  0.33333  0.33333  0.00000    -4.2052738    -0.0464668     0.0000041     9    11      0.000000+i*    -0.000000
  0.33333  0.33333  0.00000    -2.8912559    -0.0464668     0.0000108    10    11      0.000000+i*    -0.000001
  0.33333  0.33333  0.00000    -2.8912559     2.6619915     0.0001317    10    12      0.000002+i*    -0.000015
 -0.33333  0.33333  0.00000    -4.4620760    -0.0451223     0.0000034     9    11      0.000000+i*    -0.000000
 -0.33333  0.33333  0.00000    -3.2688503    -0.0451223     0.0000123    10    11     -0.000001+i*    -0.000000
 -0.33333  0.33333  0.00000    -3.2688503     2.6226298     0.0001616    10    12      0.000018+i*     0.000004
 -0.33333  0.00000  0.00000    -4.5946561    -0.8328566     0.0000053     9    11      0.000001+i*    -0.000000
 -0.33333  0.00000  0.00000    -2.8335705    -0.8328566     0.0000094    10    11     -0.000000+i*     0.000001
 -0.33333  0.00000  0.00000    -2.8335705     1.9685811     0.0000566    10    12     -0.000001+i*     0.000006
  0.00000 -0.33333  0.00000    -5.1496778    -1.5869842     0.0000056     9    11      0.000001+i*    -0.000000
  0.00000 -0.33333  0.00000    -3.1203342    -1.5869842     6.3639610    10    11      0.011892+i*     0.707007
  0.00000 -0.33333  0.00000    -3.1203342     1.1932086     0.0001307    10    12     -0.000000+i*    -0.000015
  0.33333 -0.33333  0.00000    -4.4620760    -0.0451223     0.0000034     9    11      0.000000+i*     0.000000
  0.33333 -0.33333  0.00000    -3.2688503    -0.0451223     0.0000123    10    11     -0.000001+i*     0.000000
  0.33333 -0.33333  0.00000    -3.2688503     2.6226298     0.0001616    10    12      0.000017+i*    -0.000005
 -0.33333 -0.33333  0.00000    -4.2052738    -0.0464668     0.0000041     9    11      0.000000+i*    -0.000000
 -0.33333 -0.33333  0.00000    -2.8912559    -0.0464668     0.0000108    10    11      0.000000+i*     0.000001
 -0.33333 -0.33333  0.00000    -2.8912559     2.6619915     0.0001317    10    12      0.000002+i*     0.000014
     2BSE eigenvalue    1.53345009      IP-eigenvalue:    1.53335004
  0.00000  0.00000  0.00000    -6.0785256    -2.3708546     0.0000000     9    11      0.000000+i*     0.000000
  0.00000  0.00000  0.00000    -4.1241113    -2.3708546     0.0027586    10    11      0.000053+i*     0.000302
  0.00000  0.00000  0.00000    -4.1241113     0.4107230     0.0066051    10    12      0.000125+i*     0.000723
  0.33333  0.00000  0.00000    -4.5946561    -0.8328566     0.0000000     9    11      0.000000+i*     0.000000
  0.33333  0.00000  0.00000    -2.8335705    -0.8328566     0.0013165    10    11      0.000144+i*    -0.000028
  0.33333  0.00000  0.00000    -2.8335705     1.9685811     0.0061196    10    12      0.000668+i*    -0.000128
  0.00000  0.33333  0.00000    -5.1496778    -1.5869842     0.0000002     9    11     -0.000000+i*    -0.000000
  0.00000  0.33333  0.00000    -3.1203342    -1.5869842     6.3639479    10    11      0.706271+i*    -0.034338
  0.00000  0.33333  0.00000    -3.1203342     1.1932086     0.0073196    10    12     -0.000812+i*     0.000039
  0.33333  0.33333  0.00000    -4.2052738    -0.0464668     0.0000002     9    11     -0.000000+i*    -0.000000
  0.33333  0.33333  0.00000    -2.8912559    -0.0464668     0.0005078    10    11      0.000056+i*     0.000005
  0.33333  0.33333  0.00000    -2.8912559     2.6619915     0.0051062    10    12      0.000565+i*     0.000055
 -0.33333  0.33333  0.00000    -4.4620760    -0.0451223     0.0000003     9    11     -0.000000+i*    -0.000000
 -0.33333  0.33333  0.00000    -3.2688503    -0.0451223     0.0004167    10    11      0.000009+i*    -0.000045
 -0.33333  0.33333  0.00000    -3.2688503     2.6226298     0.0046902    10    12     -0.000098+i*     0.000512
 -0.33333  0.00000  0.00000    -4.5946561    -0.8328566     0.0000000     9    11      0.000000+i*    -0.000000
 -0.33333  0.00000  0.00000    -2.8335705    -0.8328566     0.0013165    10    11      0.000146+i*     0.000015
 -0.33333  0.00000  0.00000    -2.8335705     1.9685811     0.0061196    10    12      0.000676+i*     0.000069
  0.00000 -0.33333  0.00000    -5.1496778    -1.5869842     0.0000002     9    11      0.000000+i*     0.000000
  0.00000 -0.33333  0.00000    -3.1203342    -1.5869842     6.3639479    10    11      0.706531+i*    -0.028495
  0.00000 -0.33333  0.00000    -3.1203342     1.1932086     0.0073196    10    12     -0.000813+i*     0.000033
  0.33333 -0.33333  0.00000    -4.4620760    -0.0451223     0.0000003     9    11     -0.000000+i*     0.000000
  0.33333 -0.33333  0.00000    -3.2688503    -0.0451223     0.0004167    10    11      0.000013+i*     0.000044
  0.33333 -0.33333  0.00000    -3.2688503     2.6226298     0.0046902    10    12     -0.000143+i*    -0.000501
 -0.33333 -0.33333  0.00000    -4.2052738    -0.0464668     0.0000002     9    11      0.000000+i*     0.000000
 -0.33333 -0.33333  0.00000    -2.8912559    -0.0464668     0.0005078    10    11      0.000055+i*    -0.000010
 -0.33333 -0.33333  0.00000    -2.8912559     2.6619915     0.0051062    10    12      0.000558+i*    -0.000104
     3BSE eigenvalue    1.75330189      IP-eigenvalue:    1.75325663
  0.00000  0.00000  0.00000    -6.0785256    -2.3708546     0.0000000     9    11      0.000000+i*     0.000000
  0.00000  0.00000  0.00000    -4.1241113    -2.3708546     8.9999904    10    11     -0.342992+i*     0.939337
  0.00000  0.00000  0.00000    -4.1241113     0.4107230     0.0046896    10    12      0.000180+i*    -0.000489
  0.33333  0.00000  0.00000    -4.5946561    -0.8328566     0.0000000     9    11      0.000000+i*    -0.000000
  0.33333  0.00000  0.00000    -2.8335705    -0.8328566     0.0016669    10    11     -0.000175+i*    -0.000061
  0.33333  0.00000  0.00000    -2.8335705     1.9685811     0.0043069    10    12     -0.000452+i*    -0.000157
  0.00000  0.33333  0.00000    -5.1496778    -1.5869842     0.0000002     9    11     -0.000000+i*     0.000000
  0.00000  0.33333  0.00000    -3.1203342    -1.5869842     0.0019325    10    11     -0.000191+i*    -0.000098
  0.00000  0.33333  0.00000    -3.1203342     1.1932086     0.0051950    10    12      0.000513+i*     0.000264
  0.33333  0.33333  0.00000    -4.2052738    -0.0464668     0.0000002     9    11     -0.000000+i*     0.000000
  0.33333  0.33333  0.00000    -2.8912559    -0.0464668     0.0004054    10    11     -0.000037+i*    -0.000026
  0.33333  0.33333  0.00000    -2.8912559     2.6619915     0.0035172    10    12     -0.000318+i*    -0.000227
 -0.33333  0.33333  0.00000    -4.4620760    -0.0451223     0.0000002     9    11     -0.000000+i*     0.000000
 -0.33333  0.33333  0.00000    -3.2688503    -0.0451223     0.0003166    10    11     -0.000023+i*     0.000026
 -0.33333  0.33333  0.00000    -3.2688503     2.6226298     0.0032062    10    12      0.000233+i*    -0.000270
 -0.33333  0.00000  0.00000    -4.5946561    -0.8328566     0.0000000     9    11      0.000000+i*    -0.000000
 -0.33333  0.00000  0.00000    -2.8335705    -0.8328566     0.0016669    10    11     -0.000150+i*    -0.000108
 -0.33333  0.00000  0.00000    -2.8335705     1.9685811     0.0043069    10    12     -0.000388+i*    -0.000280
  0.00000 -0.33333  0.00000    -5.1496778    -1.5869842     0.0000002     9    11      0.000000+i*    -0.000000
  0.00000 -0.33333  0.00000    -3.1203342    -1.5869842     0.0019325    10    11     -0.000190+i*    -0.000100
  0.00000 -0.33333  0.00000    -3.1203342     1.1932086     0.0051950    10    12      0.000511+i*     0.000268
  0.33333 -0.33333  0.00000    -4.4620760    -0.0451223     0.0000002     9    11      0.000000+i*    -0.000000
  0.33333 -0.33333  0.00000    -3.2688503    -0.0451223     0.0003166    10    11      0.000008+i*    -0.000034
  0.33333 -0.33333  0.00000    -3.2688503     2.6226298     0.0032062    10    12     -0.000087+i*     0.000345
 -0.33333 -0.33333  0.00000    -4.2052738    -0.0464668     0.0000002     9    11      0.000000+i*    -0.000000
 -0.33333 -0.33333  0.00000    -2.8912559    -0.0464668     0.0004054    10    11     -0.000042+i*    -0.000015
 -0.33333 -0.33333  0.00000    -2.8912559     2.6619915     0.0035172    10    12     -0.000369+i*    -0.000130
     4BSE eigenvalue    2.00071425      IP-eigenvalue:    2.00071389
  0.00000  0.00000  0.00000    -6.0785256    -2.3708546     0.0000000     9    11     -0.000000+i*     0.000000
  0.00000  0.00000  0.00000    -4.1241113    -2.3708546     0.0000000    10    11      0.000000+i*    -0.000000
  0.00000  0.00000  0.00000    -4.1241113     0.4107230     0.0000000    10    12      0.000000+i*     0.000000
  0.33333  0.00000  0.00000    -4.5946561    -0.8328566     0.0000000     9    11     -0.000000+i*     0.000000
  0.33333  0.00000  0.00000    -2.8335705    -0.8328566     6.3639610    10    11      0.117558+i*     0.697266
  0.33333  0.00000  0.00000    -2.8335705     1.9685811     0.0000339    10    12     -0.000001+i*    -0.000004
  0.00000  0.33333  0.00000    -5.1496778    -1.5869842     0.0000000     9    11     -0.000000+i*     0.000000
  0.00000  0.33333  0.00000    -3.1203342    -1.5869842     0.0000094    10    11     -0.000000+i*    -0.000001
  0.00000  0.33333  0.00000    -3.1203342     1.1932086     0.0000765    10    12      0.000000+i*     0.000008
  0.33333  0.33333  0.00000    -4.2052738    -0.0464668     0.0000000     9    11     -0.000000+i*     0.000000
  0.33333  0.33333  0.00000    -2.8912559    -0.0464668     0.0000079    10    11      0.000000+i*    -0.000001
  0.33333  0.33333  0.00000    -2.8912559     2.6619915     0.0000706    10    12      0.000001+i*    -0.000008
 -0.33333  0.33333  0.00000    -4.4620760    -0.0451223     0.0000000     9    11     -0.000000+i*     0.000000
 -0.33333  0.33333  0.00000    -3.2688503    -0.0451223     0.0000078    10    11     -0.000001+i*    -0.000000
 -0.33333  0.33333  0.00000    -3.2688503     2.6226298     0.0000840    10    12      0.000009+i*     0.000002
 -0.33333  0.00000  0.00000    -4.5946561    -0.8328566     0.0000000     9    11     -0.000000+i*     0.000000
 -0.33333  0.00000  0.00000    -2.8335705    -0.8328566     6.3639610    10    11      0.087675+i*    -0.701650
 -0.33333  0.00000  0.00000    -2.8335705     1.9685811     0.0000339    10    12     -0.000000+i*     0.000004
  0.00000 -0.33333  0.00000    -5.1496778    -1.5869842     0.0000000     9    11     -0.000000+i*     0.000000
  0.00000 -0.33333  0.00000    -3.1203342    -1.5869842     0.0000094    10    11      0.000000+i*     0.000001
  0.00000 -0.33333  0.00000    -3.1203342     1.1932086     0.0000765    10    12     -0.000000+i*    -0.000008
  0.33333 -0.33333  0.00000    -4.4620760    -0.0451223     0.0000000     9    11     -0.000000+i*    -0.000000
  0.33333 -0.33333  0.00000    -3.2688503    -0.0451223     0.0000078    10    11     -0.000001+i*     0.000000
  0.33333 -0.33333  0.00000    -3.2688503     2.6226298     0.0000840    10    12      0.000009+i*    -0.000002
 -0.33333 -0.33333  0.00000    -4.2052738    -0.0464668     0.0000000     9    11     -0.000000+i*     0.000000
 -0.33333 -0.33333  0.00000    -2.8912559    -0.0464668     0.0000079    10    11      0.000000+i*     0.000001
 -0.33333 -0.33333  0.00000    -2.8912559     2.6619915     0.0000706    10    12      0.000001+i*     0.000008
     5BSE eigenvalue    2.00080568      IP-eigenvalue:    2.00071389
  0.00000  0.00000  0.00000    -6.0785256    -2.3708546     0.0000000     9    11     -0.000000+i*     0.000000
  0.00000  0.00000  0.00000    -4.1241113    -2.3708546     0.0023294    10    11     -0.000030+i*    -0.000257
  0.00000  0.00000  0.00000    -4.1241113     0.4107230     0.0072968    10    12      0.000090+i*     0.000806
  0.33333  0.00000  0.00000    -4.5946561    -0.8328566     0.0000000     9    11     -0.000000+i*     0.000000
  0.33333  0.00000  0.00000    -2.8335705    -0.8328566     6.3639457    10    11     -0.701024+i*     0.092535
  0.33333  0.00000  0.00000    -2.8335705     1.9685811     0.0066496    10    12      0.000732+i*    -0.000097
  0.00000  0.33333  0.00000    -5.1496778    -1.5869842     0.0000003     9    11      0.000000+i*    -0.000000
  0.00000  0.33333  0.00000    -3.1203342    -1.5869842     0.0012894    10    11      0.000143+i*     0.000001
  0.00000  0.33333  0.00000    -3.1203342     1.1932086     0.0081700    10    12     -0.000908+i*    -0.000009
  0.33333  0.33333  0.00000    -4.2052738    -0.0464668     0.0000003     9    11      0.000000+i*    -0.000000
  0.33333  0.33333  0.00000    -2.8912559    -0.0464668     0.0007443    10    11      0.000082+i*     0.000013
  0.33333  0.33333  0.00000    -2.8912559     2.6619915     0.0053513    10    12      0.000587+i*     0.000092
 -0.33333  0.33333  0.00000    -4.4620760    -0.0451223     0.0000004     9    11     -0.000000+i*    -0.000000
 -0.33333  0.33333  0.00000    -3.2688503    -0.0451223     0.0005411    10    11      0.000016+i*    -0.000058
 -0.33333  0.33333  0.00000    -3.2688503     2.6226298     0.0048551    10    12     -0.000132+i*     0.000523
 -0.33333  0.00000  0.00000    -4.5946561    -0.8328566     0.0000000     9    11     -0.000000+i*    -0.000000
 -0.33333  0.00000  0.00000    -2.8335705    -0.8328566     6.3639457    10    11     -0.698062+i*    -0.112724
 -0.33333  0.00000  0.00000    -2.8335705     1.9685811     0.0066496    10    12      0.000729+i*     0.000118
  0.00000 -0.33333  0.00000    -5.1496778    -1.5869842     0.0000003     9    11     -0.000000+i*     0.000000
  0.00000 -0.33333  0.00000    -3.1203342    -1.5869842     0.0012894    10    11      0.000143+i*     0.000003
  0.00000 -0.33333  0.00000    -3.1203342     1.1932086     0.0081700    10    12     -0.000908+i*    -0.000017
  0.33333 -0.33333  0.00000    -4.4620760    -0.0451223     0.0000004     9    11     -0.000000+i*     0.000000
  0.33333 -0.33333  0.00000    -3.2688503    -0.0451223     0.0005411    10    11      0.000014+i*     0.000059
  0.33333 -0.33333  0.00000    -3.2688503     2.6226298     0.0048551    10    12     -0.000117+i*    -0.000527
 -0.33333 -0.33333  0.00000    -4.2052738    -0.0464668     0.0000003     9    11     -0.000000+i*     0.000000
 -0.33333 -0.33333  0.00000    -2.8912559    -0.0464668     0.0007443    10    11      0.000082+i*    -0.000010
 -0.33333 -0.33333  0.00000    -2.8912559     2.6619915     0.0053513    10    12      0.000590+i*    -0.000075
     6BSE eigenvalue    2.84479263      IP-eigenvalue:    2.84478904
  0.00000  0.00000  0.00000    -6.0785256    -2.3708546     0.0000159     9    11      0.000002+i*     0.000000
  0.00000  0.00000  0.00000    -4.1241113    -2.3708546     0.0000000    10    11     -0.000000+i*    -0.000000
  0.00000  0.00000  0.00000    -4.1241113     0.4107230     0.0000000    10    12     -0.000000+i*    -0.000000
  0.33333  0.00000  0.00000    -4.5946561    -0.8328566     0.0000148     9    11      0.000002+i*    -0.000000
  0.33333  0.00000  0.00000    -2.8335705    -0.8328566     0.0000079    10    11      0.000000+i*     0.000001
  0.33333  0.00000  0.00000    -2.8335705     1.9685811     0.0001433    10    12     -0.000003+i*    -0.000016
  0.00000  0.33333  0.00000    -5.1496778    -1.5869842     0.0000184     9    11      0.000002+i*    -0.000000
  0.00000  0.33333  0.00000    -3.1203342    -1.5869842     0.0000108    10    11     -0.000000+i*    -0.000001
  0.00000  0.33333  0.00000    -3.1203342     1.1932086     0.0003850    10    12      0.000001+i*     0.000043
  0.33333  0.33333  0.00000    -4.2052738    -0.0464668     0.0000095     9    11      0.000001+i*    -0.000000
  0.33333  0.33333  0.00000    -2.8912559    -0.0464668     6.3639610    10    11     -0.084447+i*     0.702046
  0.33333  0.33333  0.00000    -2.8912559     2.6619915     0.0003135    10    12      0.000004+i*    -0.000035
 -0.33333  0.33333  0.00000    -4.4620760    -0.0451223     0.0000073     9    11      0.000001+i*    -0.000000
 -0.33333  0.33333  0.00000    -3.2688503    -0.0451223     0.0000909    10    11     -0.000010+i*    -0.000002
 -0.33333  0.33333  0.00000    -3.2688503     2.6226298     0.0003787    10    12      0.000041+i*     0.000009
 -0.33333  0.00000  0.00000    -4.5946561    -0.8328566     0.0000148     9    11      0.000002+i*    -0.000000
 -0.33333  0.00000  0.00000    -2.8335705    -0.8328566     0.0000079    10    11      0.000000+i*    -0.000001
 -0.33333  0.00000  0.00000    -2.8335705     1.9685811     0.0001433    10    12     -0.000002+i*     0.000016
  0.00000 -0.33333  0.00000    -5.1496778    -1.5869842     0.0000184     9    11      0.000002+i*    -0.000000
  0.00000 -0.33333  0.00000    -3.1203342    -1.5869842     0.0000108    10    11      0.000000+i*     0.000001
  0.00000 -0.33333  0.00000    -3.1203342     1.1932086     0.0003850    10    12     -0.000001+i*    -0.000043
  0.33333 -0.33333  0.00000    -4.4620760    -0.0451223     0.0000073     9    11      0.000001+i*     0.000000
  0.33333 -0.33333  0.00000    -3.2688503    -0.0451223     0.0000909    10    11     -0.000010+i*     0.000003
  0.33333 -0.33333  0.00000    -3.2688503     2.6226298     0.0003787    10    12      0.000041+i*    -0.000011
 -0.33333 -0.33333  0.00000    -4.2052738    -0.0464668     0.0000095     9    11      0.000001+i*    -0.000000
 -0.33333 -0.33333  0.00000    -2.8912559    -0.0464668     6.3639610    10    11     -0.113781+i*    -0.697892
 -0.33333 -0.33333  0.00000    -2.8912559     2.6619915     0.0003135    10    12      0.000006+i*     0.000034
     7BSE eigenvalue    2.84488986      IP-eigenvalue:    2.84478904
  0.00000  0.00000  0.00000    -6.0785256    -2.3708546     0.0000000     9    11      0.000000+i*     0.000000
  0.00000  0.00000  0.00000    -4.1241113    -2.3708546     0.0005324    10    11      0.000006+i*     0.000059
  0.00000  0.00000  0.00000    -4.1241113     0.4107230     0.0112100    10    12     -0.000125+i*    -0.001239
  0.33333  0.00000  0.00000    -4.5946561    -0.8328566     0.0000000     9    11      0.000000+i*    -0.000000
  0.33333  0.00000  0.00000    -2.8335705    -0.8328566     0.0006991    10    11      0.000077+i*    -0.000009
  0.33333  0.00000  0.00000    -2.8335705     1.9685811     0.0097797    10    12     -0.001079+i*     0.000130
  0.00000  0.33333  0.00000    -5.1496778    -1.5869842     0.0000007     9    11     -0.000000+i*     0.000000
  0.00000  0.33333  0.00000    -3.1203342    -1.5869842     0.0004668    10    11     -0.000052+i*    -0.000001
  0.00000  0.33333  0.00000    -3.1203342     1.1932086     0.0132931    10    12      0.001477+i*     0.000032
  0.33333  0.33333  0.00000    -4.2052738    -0.0464668     0.0000005     9    11     -0.000000+i*     0.000000
  0.33333  0.33333  0.00000    -2.8912559    -0.0464668     6.3639269    10    11      0.697346+i*     0.117062
  0.33333  0.33333  0.00000    -2.8912559     2.6619915     0.0072881    10    12     -0.000799+i*    -0.000134
 -0.33333  0.33333  0.00000    -4.4620760    -0.0451223     0.0000006     9    11      0.000000+i*     0.000000
 -0.33333  0.33333  0.00000    -3.2688503    -0.0451223     0.0017954    10    11     -0.000054+i*     0.000192
 -0.33333  0.33333  0.00000    -3.2688503     2.6226298     0.0064653    10    12      0.000184+i*    -0.000694
 -0.33333  0.00000  0.00000    -4.5946561    -0.8328566     0.0000000     9    11      0.000000+i*     0.000000
 -0.33333  0.00000  0.00000    -2.8335705    -0.8328566     0.0006991    10    11      0.000077+i*     0.000013
 -0.33333  0.00000  0.00000    -2.8335705     1.9685811     0.0097797    10    12     -0.001071+i*    -0.000185
  0.00000 -0.33333  0.00000    -5.1496778    -1.5869842     0.0000007     9    11      0.000000+i*    -0.000000
  0.00000 -0.33333  0.00000    -3.1203342    -1.5869842     0.0004668    10    11     -0.000052+i*    -0.000002
  0.00000 -0.33333  0.00000    -3.1203342     1.1932086     0.0132931    10    12      0.001476+i*     0.000044
  0.33333 -0.33333  0.00000    -4.4620760    -0.0451223     0.0000006     9    11      0.000000+i*    -0.000000
  0.33333 -0.33333  0.00000    -3.2688503    -0.0451223     0.0017954    10    11     -0.000044+i*    -0.000195
  0.33333 -0.33333  0.00000    -3.2688503     2.6226298     0.0064653    10    12      0.000148+i*     0.000703
 -0.33333 -0.33333  0.00000    -4.2052738    -0.0464668     0.0000005     9    11      0.000000+i*    -0.000000
 -0.33333 -0.33333  0.00000    -2.8912559    -0.0464668     6.3639269    10    11      0.702432+i*    -0.081143
 -0.33333 -0.33333  0.00000    -2.8912559     2.6619915     0.0072881    10    12     -0.000804+i*     0.000093
     8BSE eigenvalue    3.22373624      IP-eigenvalue:    3.22372795
  0.00000  0.00000  0.00000    -6.0785256    -2.3708546     0.0000343     9    11     -0.000004+i*     0.000000
  0.00000  0.00000  0.00000    -4.1241113    -2.3708546     0.0000000    10    11      0.000000+i*    -0.000000
  0.00000  0.00000  0.00000    -4.1241113     0.4107230     0.0000000    10    12      0.000000+i*     0.000000
  0.33333  0.00000  0.00000    -4.5946561    -0.8328566     0.0000305     9    11     -0.000003+i*     0.000000
  0.33333  0.00000  0.00000    -2.8335705    -0.8328566     0.0000078    10    11     -0.000000+i*    -0.000001
  0.33333  0.00000  0.00000    -2.8335705     1.9685811     0.0002547    10    12      0.000005+i*     0.000028
  0.00000  0.33333  0.00000    -5.1496778    -1.5869842     0.0000472     9    11     -0.000005+i*     0.000000
  0.00000  0.33333  0.00000    -3.1203342    -1.5869842     0.0000123    10    11      0.000000+i*     0.000001
  0.00000  0.33333  0.00000    -3.1203342     1.1932086     0.0007586    10    12     -0.000002+i*    -0.000084
  0.33333  0.33333  0.00000    -4.2052738    -0.0464668     0.0000163     9    11     -0.000002+i*     0.000000
  0.33333  0.33333  0.00000    -2.8912559    -0.0464668     0.0000908    10    11      0.000001+i*    -0.000010
  0.33333  0.33333  0.00000    -2.8912559     2.6619915     0.0005440    10    12     -0.000007+i*     0.000060
 -0.33333  0.33333  0.00000    -4.4620760    -0.0451223     0.0000118     9    11     -0.000001+i*     0.000001
 -0.33333  0.33333  0.00000    -3.2688503    -0.0451223     6.3639609    10    11     -0.689107+i*    -0.158529
 -0.33333  0.33333  0.00000    -3.2688503     2.6226298     0.0006546    10    12     -0.000071+i*    -0.000015
 -0.33333  0.00000  0.00000    -4.5946561    -0.8328566     0.0000305     9    11     -0.000003+i*     0.000000
 -0.33333  0.00000  0.00000    -2.8335705    -0.8328566     0.0000078    10    11     -0.000000+i*     0.000001
 -0.33333  0.00000  0.00000    -2.8335705     1.9685811     0.0002547    10    12      0.000004+i*    -0.000028
  0.00000 -0.33333  0.00000    -5.1496778    -1.5869842     0.0000472     9    11     -0.000005+i*     0.000000
  0.00000 -0.33333  0.00000    -3.1203342    -1.5869842     0.0000123    10    11     -0.000000+i*    -0.000001
  0.00000 -0.33333  0.00000    -3.1203342     1.1932086     0.0007586    10    12      0.000001+i*     0.000084
  0.33333 -0.33333  0.00000    -4.4620760    -0.0451223     0.0000118     9    11     -0.000001+i*    -0.000000
  0.33333 -0.33333  0.00000    -3.2688503    -0.0451223     6.3639609    10    11     -0.681863+i*     0.187250
  0.33333 -0.33333  0.00000    -3.2688503     2.6226298     0.0006546    10    12     -0.000070+i*     0.000018
 -0.33333 -0.33333  0.00000    -4.2052738    -0.0464668     0.0000163     9    11     -0.000002+i*     0.000000
 -0.33333 -0.33333  0.00000    -2.8912559    -0.0464668     0.0000908    10    11      0.000002+i*     0.000010
 -0.33333 -0.33333  0.00000    -2.8912559     2.6619915     0.0005440    10    12     -0.000010+i*    -0.000060
     9BSE eigenvalue    3.22383633      IP-eigenvalue:    3.22372795
  0.00000  0.00000  0.00000    -6.0785256    -2.3708546     0.0000000     9    11     -0.000000+i*     0.000000
  0.00000  0.00000  0.00000    -4.1241113    -2.3708546     0.0003951    10    11     -0.000005+i*    -0.000044
  0.00000  0.00000  0.00000    -4.1241113     0.4107230     0.0147333    10    12      0.000197+i*     0.001625
  0.33333  0.00000  0.00000    -4.5946561    -0.8328566     0.0000000     9    11     -0.000000+i*     0.000000
  0.33333  0.00000  0.00000    -2.8335705    -0.8328566     0.0004831    10    11     -0.000053+i*     0.000008
  0.33333  0.00000  0.00000    -2.8335705     1.9685811     0.0123816    10    12      0.001362+i*    -0.000193
  0.00000  0.33333  0.00000    -5.1496778    -1.5869842     0.0000018     9    11      0.000000+i*    -0.000000
  0.00000  0.33333  0.00000    -3.1203342    -1.5869842     0.0003638    10    11      0.000040+i*     0.000000
  0.00000  0.33333  0.00000    -3.1203342     1.1932086     0.0183382    10    12     -0.002038+i*    -0.000002
  0.33333  0.33333  0.00000    -4.2052738    -0.0464668     0.0000008     9    11      0.000000+i*    -0.000000
  0.33333  0.33333  0.00000    -2.8912559    -0.0464668     0.0017074    10    11     -0.000188+i*    -0.000028
  0.33333  0.33333  0.00000    -2.8912559     2.6619915     0.0086960    10    12      0.000956+i*     0.000140
 -0.33333  0.33333  0.00000    -4.4620760    -0.0451223     0.0000009     9    11     -0.000000+i*    -0.000000
 -0.33333  0.33333  0.00000    -3.2688503    -0.0451223     6.3639033    10    11     -0.176444+i*     0.684732
 -0.33333  0.33333  0.00000    -3.2688503     2.6226298     0.0075974    10    12     -0.000199+i*     0.000820
 -0.33333  0.00000  0.00000    -4.5946561    -0.8328566     0.0000000     9    11     -0.000000+i*    -0.000000
 -0.33333  0.00000  0.00000    -2.8335705    -0.8328566     0.0004831    10    11     -0.000053+i*    -0.000008
 -0.33333  0.00000  0.00000    -2.8335705     1.9685811     0.0123816    10    12      0.001360+i*     0.000207
  0.00000 -0.33333  0.00000    -5.1496778    -1.5869842     0.0000018     9    11     -0.000000+i*     0.000000
  0.00000 -0.33333  0.00000    -3.1203342    -1.5869842     0.0003638    10    11      0.000040+i*     0.000000
  0.00000 -0.33333  0.00000    -3.1203342     1.1932086     0.0183382    10    12     -0.002037+i*    -0.000019
  0.33333 -0.33333  0.00000    -4.4620760    -0.0451223     0.0000009     9    11     -0.000000+i*     0.000000
  0.33333 -0.33333  0.00000    -3.2688503    -0.0451223     6.3639033    10    11     -0.169403+i*    -0.686508
  0.33333 -0.33333  0.00000    -3.2688503     2.6226298     0.0075974    10    12     -0.000191+i*    -0.000822
 -0.33333 -0.33333  0.00000    -4.2052738    -0.0464668     0.0000008     9    11     -0.000000+i*     0.000000
 -0.33333 -0.33333  0.00000    -2.8912559    -0.0464668     0.0017074    10    11     -0.000188+i*     0.000026
 -0.33333 -0.33333  0.00000    -2.8912559     2.6619915     0.0086960    10    12      0.000957+i*    -0.000131
    10BSE eigenvalue    3.56269425      IP-eigenvalue:    3.56269363
  0.00000  0.00000  0.00000    -6.0785256    -2.3708546     0.0000000     9    11     -0.000000+i*     0.000000
  0.00000  0.00000  0.00000    -4.1241113    -2.3708546     0.0000002    10    11     -0.000000+i*     0.000000
  0.00000  0.00000  0.00000    -4.1241113     0.4107230     0.0000060    10    12      0.000001+i*    -0.000000
  0.33333  0.00000  0.00000    -4.5946561    -0.8328566     0.0000092     9    11     -0.000001+i*     0.000000
  0.33333  0.00000  0.00000    -2.8335705    -0.8328566     0.0000003    10    11      0.000000+i*     0.000000
  0.33333  0.00000  0.00000    -2.8335705     1.9685811     0.0000049    10    12     -0.000000+i*    -0.000001
  0.00000  0.33333  0.00000    -5.1496778    -1.5869842     6.3639610     9    11      0.701730+i*    -0.087032
  0.00000  0.33333  0.00000    -3.1203342    -1.5869842     0.0000002    10    11     -0.000000+i*    -0.000000
  0.00000  0.33333  0.00000    -3.1203342     1.1932086     0.0000087    10    12      0.000000+i*     0.000001
  0.33333  0.33333  0.00000    -4.2052738    -0.0464668     0.0000112     9    11     -0.000001+i*     0.000000
  0.33333  0.33333  0.00000    -2.8912559    -0.0464668     0.0000007    10    11     -0.000000+i*     0.000000
  0.33333  0.33333  0.00000    -2.8912559     2.6619915     0.0000035    10    12      0.000000+i*    -0.000000
 -0.33333  0.33333  0.00000    -4.4620760    -0.0451223     0.0000124     9    11     -0.000001+i*     0.000001
 -0.33333  0.33333  0.00000    -3.2688503    -0.0451223     0.0000017    10    11      0.000000+i*     0.000000
 -0.33333  0.33333  0.00000    -3.2688503     2.6226298     0.0000032    10    12      0.000000+i*     0.000000
 -0.33333  0.00000  0.00000    -4.5946561    -0.8328566     0.0000092     9    11      0.000001+i*    -0.000000
 -0.33333  0.00000  0.00000    -2.8335705    -0.8328566     0.0000003    10    11     -0.000000+i*     0.000000
 -0.33333  0.00000  0.00000    -2.8335705     1.9685811     0.0000049    10    12      0.000000+i*    -0.000001
  0.00000 -0.33333  0.00000    -5.1496778    -1.5869842     6.3639610     9    11     -0.701719+i*     0.087125
  0.00000 -0.33333  0.00000    -3.1203342    -1.5869842     0.0000002    10    11     -0.000000+i*    -0.000000
  0.00000 -0.33333  0.00000    -3.1203342     1.1932086     0.0000087    10    12      0.000000+i*     0.000001
  0.33333 -0.33333  0.00000    -4.4620760    -0.0451223     0.0000124     9    11      0.000001+i*     0.000000
  0.33333 -0.33333  0.00000    -3.2688503    -0.0451223     0.0000017    10    11     -0.000000+i*     0.000000
  0.33333 -0.33333  0.00000    -3.2688503     2.6226298     0.0000032    10    12     -0.000000+i*     0.000000
 -0.33333 -0.33333  0.00000    -4.2052738    -0.0464668     0.0000112     9    11      0.000001+i*    -0.000000
 -0.33333 -0.33333  0.00000    -2.8912559    -0.0464668     0.0000007    10    11      0.000000+i*     0.000000
 -0.33333 -0.33333  0.00000    -2.8912559     2.6619915     0.0000035    10    12     -0.000000+i*    -0.000000
    11BSE eigenvalue    3.56325453      IP-eigenvalue:    3.56269363
  0.00000  0.00000  0.00000    -6.0785256    -2.3708546     0.0248905     9    11      0.002766+i*     0.000000
  0.00000  0.00000  0.00000    -4.1241113    -2.3708546     0.0000000    10    11     -0.000000+i*     0.000000
  0.00000  0.00000  0.00000    -4.1241113     0.4107230     0.0000000    10    12     -0.000000+i*     0.000000
  0.33333  0.00000  0.00000    -4.5946561    -0.8328566     0.0180594     9    11      0.002006+i*    -0.000042
  0.33333  0.00000  0.00000    -2.8335705    -0.8328566     0.0000000    10    11     -0.000000+i*    -0.000000
  0.33333  0.00000  0.00000    -2.8335705     1.9685811     0.0000017    10    12      0.000000+i*     0.000000
  0.00000  0.33333  0.00000    -5.1496778    -1.5869842     6.3639069     9    11     -0.706946+i*     0.014771
  0.00000  0.33333  0.00000    -3.1203342    -1.5869842     0.0000056    10    11     -0.000000+i*    -0.000001
  0.00000  0.33333  0.00000    -3.1203342     1.1932086     0.0008182    10    12      0.000002+i*     0.000091
  0.33333  0.33333  0.00000    -4.2052738    -0.0464668     0.0059548     9    11      0.000661+i*    -0.000014
  0.33333  0.33333  0.00000    -2.8912559    -0.0464668     0.0000182    10    11     -0.000000+i*     0.000002
  0.33333  0.33333  0.00000    -2.8912559     2.6619915     0.0003259    10    12      0.000004+i*    -0.000036
 -0.33333  0.33333  0.00000    -4.4620760    -0.0451223     0.0041256     9    11      0.000417+i*    -0.000189
 -0.33333  0.33333  0.00000    -3.2688503    -0.0451223     0.0000469    10    11      0.000005+i*     0.000001
 -0.33333  0.33333  0.00000    -3.2688503     2.6226298     0.0002965    10    12      0.000032+i*     0.000007
 -0.33333  0.00000  0.00000    -4.5946561    -0.8328566     0.0180594     9    11      0.002006+i*    -0.000042
 -0.33333  0.00000  0.00000    -2.8335705    -0.8328566     0.0000000    10    11     -0.000000+i*     0.000000
 -0.33333  0.00000  0.00000    -2.8335705     1.9685811     0.0000017    10    12      0.000000+i*    -0.000000
  0.00000 -0.33333  0.00000    -5.1496778    -1.5869842     6.3639069     9    11     -0.706944+i*     0.014865
  0.00000 -0.33333  0.00000    -3.1203342    -1.5869842     0.0000056    10    11      0.000000+i*     0.000001
  0.00000 -0.33333  0.00000    -3.1203342     1.1932086     0.0008182    10    12     -0.000002+i*    -0.000091
  0.33333 -0.33333  0.00000    -4.4620760    -0.0451223     0.0041256     9    11      0.000425+i*     0.000172
  0.33333 -0.33333  0.00000    -3.2688503    -0.0451223     0.0000469    10    11      0.000005+i*    -0.000001
  0.33333 -0.33333  0.00000    -3.2688503     2.6226298     0.0002965    10    12      0.000032+i*    -0.000008
 -0.33333 -0.33333  0.00000    -4.2052738    -0.0464668     0.0059548     9    11      0.000661+i*    -0.000014
 -0.33333 -0.33333  0.00000    -2.8912559    -0.0464668     0.0000182    10    11     -0.000000+i*    -0.000002
 -0.33333 -0.33333  0.00000    -2.8912559     2.6619915     0.0003259    10    12      0.000006+i*     0.000036
    12BSE eigenvalue    3.70795496      IP-eigenvalue:    3.70767091
  0.00000  0.00000  0.00000    -6.0785256    -2.3708546     8.9997122     9    11     -0.999968+i*     0.000000
  0.00000  0.00000  0.00000    -4.1241113    -2.3708546     0.0000000    10    11     -0.000000+i*     0.000000
  0.00000  0.00000  0.00000    -4.1241113     0.4107230     0.0000000    10    12      0.000000+i*     0.000000
  0.33333  0.00000  0.00000    -4.5946561    -0.8328566     0.0473447     9    11      0.005259+i*    -0.000109
  0.33333  0.00000  0.00000    -2.8335705    -0.8328566     0.0000000    10    11     -0.000000+i*    -0.000000
  0.33333  0.00000  0.00000    -2.8335705     1.9685811     0.0000017    10    12      0.000000+i*     0.000000
  0.00000  0.33333  0.00000    -5.1496778    -1.5869842     0.0174579     9    11     -0.001939+i*     0.000041
  0.00000  0.33333  0.00000    -3.1203342    -1.5869842     0.0000038    10    11     -0.000000+i*    -0.000000
  0.00000  0.33333  0.00000    -3.1203342     1.1932086     0.0007409    10    12      0.000002+i*     0.000082
  0.33333  0.33333  0.00000    -4.2052738    -0.0464668     0.0055811     9    11      0.000620+i*    -0.000013
  0.33333  0.33333  0.00000    -2.8912559    -0.0464668     0.0000111    10    11     -0.000000+i*     0.000001
  0.33333  0.33333  0.00000    -2.8912559     2.6619915     0.0002566    10    12      0.000003+i*    -0.000028
 -0.33333  0.33333  0.00000    -4.4620760    -0.0451223     0.0035172     9    11      0.000356+i*    -0.000161
 -0.33333  0.33333  0.00000    -3.2688503    -0.0451223     0.0000240    10    11      0.000003+i*     0.000001
 -0.33333  0.33333  0.00000    -3.2688503     2.6226298     0.0002305    10    12      0.000025+i*     0.000005
 -0.33333  0.00000  0.00000    -4.5946561    -0.8328566     0.0473447     9    11      0.005259+i*    -0.000111
 -0.33333  0.00000  0.00000    -2.8335705    -0.8328566     0.0000000    10    11     -0.000000+i*     0.000000
 -0.33333  0.00000  0.00000    -2.8335705     1.9685811     0.0000017    10    12      0.000000+i*    -0.000000
  0.00000 -0.33333  0.00000    -5.1496778    -1.5869842     0.0174579     9    11     -0.001939+i*     0.000041
  0.00000 -0.33333  0.00000    -3.1203342    -1.5869842     0.0000038    10    11      0.000000+i*     0.000000
  0.00000 -0.33333  0.00000    -3.1203342     1.1932086     0.0007409    10    12     -0.000001+i*    -0.000082
  0.33333 -0.33333  0.00000    -4.4620760    -0.0451223     0.0035172     9    11      0.000362+i*     0.000146
  0.33333 -0.33333  0.00000    -3.2688503    -0.0451223     0.0000240    10    11      0.000003+i*    -0.000001
  0.33333 -0.33333  0.00000    -3.2688503     2.6226298     0.0002305    10    12      0.000025+i*    -0.000006
 -0.33333 -0.33333  0.00000    -4.2052738    -0.0464668     0.0055811     9    11      0.000620+i*    -0.000013
 -0.33333 -0.33333  0.00000    -2.8912559    -0.0464668     0.0000111    10    11     -0.000000+i*    -0.000001
 -0.33333 -0.33333  0.00000    -2.8912559     2.6619915     0.0002566    10    12      0.000005+i*     0.000028
    13BSE eigenvalue    3.76179956      IP-eigenvalue:    3.76179942
  0.00000  0.00000  0.00000    -6.0785256    -2.3708546     0.0000000     9    11     -0.000000+i*     0.000000
  0.00000  0.00000  0.00000    -4.1241113    -2.3708546     0.0000000    10    11     -0.000000+i*     0.000000
  0.00000  0.00000  0.00000    -4.1241113     0.4107230     0.0000000    10    12      0.000000+i*    -0.000000
  0.33333  0.00000  0.00000    -4.5946561    -0.8328566     6.3639610     9    11     -0.650668+i*     0.276824
  0.33333  0.00000  0.00000    -2.8335705    -0.8328566     0.0000000    10    11      0.000000+i*     0.000000
  0.33333  0.00000  0.00000    -2.8335705     1.9685811     0.0000000    10    12     -0.000000+i*    -0.000000
  0.00000  0.33333  0.00000    -5.1496778    -1.5869842     0.0000092     9    11     -0.000001+i*     0.000000
  0.00000  0.33333  0.00000    -3.1203342    -1.5869842     0.0000000    10    11     -0.000000+i*    -0.000000
  0.00000  0.33333  0.00000    -3.1203342     1.1932086     0.0000000    10    12     -0.000000+i*     0.000000
  0.33333  0.33333  0.00000    -4.2052738    -0.0464668     0.0000078     9    11      0.000001+i*    -0.000000
  0.33333  0.33333  0.00000    -2.8912559    -0.0464668     0.0000000    10    11      0.000000+i*     0.000000
  0.33333  0.33333  0.00000    -2.8912559     2.6619915     0.0000000    10    12      0.000000+i*     0.000000
 -0.33333  0.33333  0.00000    -4.4620760    -0.0451223     0.0000075     9    11      0.000001+i*    -0.000001
 -0.33333  0.33333  0.00000    -3.2688503    -0.0451223     0.0000000    10    11      0.000000+i*     0.000000
 -0.33333  0.33333  0.00000    -3.2688503     2.6226298     0.0000000    10    12     -0.000000+i*     0.000000
 -0.33333  0.00000  0.00000    -4.5946561    -0.8328566     6.3639610     9    11      0.650585+i*    -0.277019
 -0.33333  0.00000  0.00000    -2.8335705    -0.8328566     0.0000000    10    11      0.000000+i*     0.000000
 -0.33333  0.00000  0.00000    -2.8335705     1.9685811     0.0000000    10    12     -0.000000+i*    -0.000000
  0.00000 -0.33333  0.00000    -5.1496778    -1.5869842     0.0000092     9    11      0.000001+i*    -0.000000
  0.00000 -0.33333  0.00000    -3.1203342    -1.5869842     0.0000000    10    11     -0.000000+i*    -0.000000
  0.00000 -0.33333  0.00000    -3.1203342     1.1932086     0.0000000    10    12      0.000000+i*    -0.000000
  0.33333 -0.33333  0.00000    -4.4620760    -0.0451223     0.0000075     9    11     -0.000001+i*    -0.000000
  0.33333 -0.33333  0.00000    -3.2688503    -0.0451223     0.0000000    10    11     -0.000000+i*     0.000000
  0.33333 -0.33333  0.00000    -3.2688503     2.6226298     0.0000000    10    12      0.000000+i*    -0.000000
 -0.33333 -0.33333  0.00000    -4.2052738    -0.0464668     0.0000078     9    11     -0.000001+i*     0.000000
 -0.33333 -0.33333  0.00000    -2.8912559    -0.0464668     0.0000000    10    11      0.000000+i*     0.000000
 -0.33333 -0.33333  0.00000    -2.8912559     2.6619915     0.0000000    10    12     -0.000000+i*     0.000000
    14BSE eigenvalue    3.76237267      IP-eigenvalue:    3.76179942
  0.00000  0.00000  0.00000    -6.0785256    -2.3708546     0.0668691     9    11      0.007430+i*     0.000000
  0.00000  0.00000  0.00000    -4.1241113    -2.3708546     0.0000000    10    11      0.000000+i*    -0.000000
  0.00000  0.00000  0.00000    -4.1241113     0.4107230     0.0000000    10    12     -0.000000+i*    -0.000000
  0.33333  0.00000  0.00000    -4.5946561    -0.8328566     6.3637505     9    11      0.706930+i*    -0.014712
  0.33333  0.00000  0.00000    -2.8335705    -0.8328566     0.0000000    10    11      0.000000+i*     0.000000
  0.33333  0.00000  0.00000    -2.8335705     1.9685811     0.0000027    10    12     -0.000000+i*    -0.000000
  0.00000  0.33333  0.00000    -5.1496778    -1.5869842     0.0181775     9    11      0.002019+i*    -0.000042
  0.00000  0.33333  0.00000    -3.1203342    -1.5869842     0.0000053    10    11      0.000000+i*     0.000001
  0.00000  0.33333  0.00000    -3.1203342     1.1932086     0.0011555    10    12     -0.000003+i*    -0.000128
  0.33333  0.33333  0.00000    -4.2052738    -0.0464668     0.0090875     9    11     -0.001010+i*     0.000021
  0.33333  0.33333  0.00000    -2.8912559    -0.0464668     0.0000148    10    11      0.000000+i*    -0.000002
  0.33333  0.33333  0.00000    -2.8912559     2.6619915     0.0003752    10    12     -0.000005+i*     0.000041
 -0.33333  0.33333  0.00000    -4.4620760    -0.0451223     0.0054572     9    11     -0.000552+i*     0.000251
 -0.33333  0.33333  0.00000    -3.2688503    -0.0451223     0.0000306    10    11     -0.000003+i*    -0.000001
 -0.33333  0.33333  0.00000    -3.2688503     2.6226298     0.0003354    10    12     -0.000036+i*    -0.000008
 -0.33333  0.00000  0.00000    -4.5946561    -0.8328566     6.3637505     9    11      0.706926+i*    -0.014924
 -0.33333  0.00000  0.00000    -2.8335705    -0.8328566     0.0000000    10    11      0.000000+i*    -0.000000
 -0.33333  0.00000  0.00000    -2.8335705     1.9685811     0.0000027    10    12     -0.000000+i*     0.000000
  0.00000 -0.33333  0.00000    -5.1496778    -1.5869842     0.0181775     9    11      0.002019+i*    -0.000042
  0.00000 -0.33333  0.00000    -3.1203342    -1.5869842     0.0000053    10    11     -0.000000+i*    -0.000001
  0.00000 -0.33333  0.00000    -3.1203342     1.1932086     0.0011555    10    12      0.000002+i*     0.000128
  0.33333 -0.33333  0.00000    -4.4620760    -0.0451223     0.0054572     9    11     -0.000562+i*    -0.000227
  0.33333 -0.33333  0.00000    -3.2688503    -0.0451223     0.0000306    10    11     -0.000003+i*     0.000001
  0.33333 -0.33333  0.00000    -3.2688503     2.6226298     0.0003354    10    12     -0.000036+i*     0.000009
 -0.33333 -0.33333  0.00000    -4.2052738    -0.0464668     0.0090875     9    11     -0.001010+i*     0.000021
 -0.33333 -0.33333  0.00000    -2.8912559    -0.0464668     0.0000148    10    11      0.000000+i*     0.000002
 -0.33333 -0.33333  0.00000    -2.8912559     2.6619915     0.0003752    10    12     -0.000007+i*    -0.000041
    15BSE eigenvalue    4.15880877      IP-eigenvalue:    4.15880699
  0.00000  0.00000  0.00000    -6.0785256    -2.3708546     0.0000000     9    11      0.000000+i*     0.000000
  0.00000  0.00000  0.00000    -4.1241113    -2.3708546     0.0000002    10    11     -0.000000+i*     0.000000
  0.00000  0.00000  0.00000    -4.1241113     0.4107230     0.0000102    10    12      0.000001+i*    -0.000001
  0.33333  0.00000  0.00000    -4.5946561    -0.8328566     0.0000078     9    11      0.000000+i*    -0.000001
  0.33333  0.00000  0.00000    -2.8335705    -0.8328566     0.0000002    10    11      0.000000+i*     0.000000
  0.33333  0.00000  0.00000    -2.8335705     1.9685811     0.0000063    10    12     -0.000001+i*    -0.000000
  0.00000  0.33333  0.00000    -5.1496778    -1.5869842     0.0000112     9    11      0.000001+i*    -0.000001
  0.00000  0.33333  0.00000    -3.1203342    -1.5869842     0.0000002    10    11     -0.000000+i*    -0.000000
  0.00000  0.33333  0.00000    -3.1203342     1.1932086     0.0000292    10    12      0.000003+i*     0.000002
  0.33333  0.33333  0.00000    -4.2052738    -0.0464668     6.3639610     9    11      0.397183+i*    -0.585018
  0.33333  0.33333  0.00000    -2.8912559    -0.0464668     0.0000004    10    11      0.000000+i*     0.000000
  0.33333  0.33333  0.00000    -2.8912559     2.6619915     0.0000035    10    12     -0.000000+i*    -0.000000
 -0.33333  0.33333  0.00000    -4.4620760    -0.0451223     0.0000700     9    11     -0.000001+i*     0.000008
 -0.33333  0.33333  0.00000    -3.2688503    -0.0451223     0.0000006    10    11      0.000000+i*    -0.000000
 -0.33333  0.33333  0.00000    -3.2688503     2.6226298     0.0000031    10    12      0.000000+i*    -0.000000
 -0.33333  0.00000  0.00000    -4.5946561    -0.8328566     0.0000078     9    11     -0.000000+i*     0.000001
 -0.33333  0.00000  0.00000    -2.8335705    -0.8328566     0.0000002    10    11      0.000000+i*     0.000000
 -0.33333  0.00000  0.00000    -2.8335705     1.9685811     0.0000063    10    12     -0.000001+i*    -0.000000
  0.00000 -0.33333  0.00000    -5.1496778    -1.5869842     0.0000112     9    11     -0.000001+i*     0.000001
  0.00000 -0.33333  0.00000    -3.1203342    -1.5869842     0.0000002    10    11     -0.000000+i*    -0.000000
  0.00000 -0.33333  0.00000    -3.1203342     1.1932086     0.0000292    10    12      0.000003+i*     0.000002
  0.33333 -0.33333  0.00000    -4.4620760    -0.0451223     0.0000700     9    11      0.000007+i*    -0.000004
  0.33333 -0.33333  0.00000    -3.2688503    -0.0451223     0.0000006    10    11     -0.000000+i*     0.000000
  0.33333 -0.33333  0.00000    -3.2688503     2.6226298     0.0000031    10    12     -0.000000+i*     0.000000
 -0.33333 -0.33333  0.00000    -4.2052738    -0.0464668     6.3639610     9    11     -0.397153+i*     0.585038
 -0.33333 -0.33333  0.00000    -2.8912559    -0.0464668     0.0000004    10    11      0.000000+i*     0.000000
 -0.33333 -0.33333  0.00000    -2.8912559     2.6619915     0.0000035    10    12     -0.000000+i*    -0.000000
    16BSE eigenvalue    4.15936561      IP-eigenvalue:    4.15880699
  0.00000  0.00000  0.00000    -6.0785256    -2.3708546     0.0079533     9    11     -0.000884+i*     0.000000
  0.00000  0.00000  0.00000    -4.1241113    -2.3708546     0.0000000    10    11     -0.000000+i*     0.000000
  0.00000  0.00000  0.00000    -4.1241113     0.4107230     0.0000000    10    12     -0.000000+i*    -0.000000
  0.33333  0.00000  0.00000    -4.5946561    -0.8328566     0.0090164     9    11     -0.001002+i*     0.000021
  0.33333  0.00000  0.00000    -2.8335705    -0.8328566     0.0000001    10    11     -0.000000+i*    -0.000000
  0.33333  0.00000  0.00000    -2.8335705     1.9685811     0.0000095    10    12      0.000000+i*     0.000001
  0.00000  0.33333  0.00000    -5.1496778    -1.5869842     0.0059865     9    11     -0.000665+i*     0.000014
  0.00000  0.33333  0.00000    -3.1203342    -1.5869842     0.0000040    10    11     -0.000000+i*    -0.000000
  0.00000  0.33333  0.00000    -3.1203342     1.1932086     0.0037813    10    12      0.000011+i*     0.000420
  0.33333  0.33333  0.00000    -4.2052738    -0.0464668     6.3639333     9    11     -0.706949+i*     0.014800
  0.33333  0.33333  0.00000    -2.8912559    -0.0464668     0.0000093    10    11     -0.000000+i*     0.000001
  0.33333  0.33333  0.00000    -2.8912559     2.6619915     0.0004396    10    12      0.000006+i*    -0.000049
 -0.33333  0.33333  0.00000    -4.4620760    -0.0451223     0.0137454     9    11      0.001391+i*    -0.000631
 -0.33333  0.33333  0.00000    -3.2688503    -0.0451223     0.0000159    10    11      0.000002+i*     0.000000
 -0.33333  0.33333  0.00000    -3.2688503     2.6226298     0.0003749    10    12      0.000041+i*     0.000009
 -0.33333  0.00000  0.00000    -4.5946561    -0.8328566     0.0090164     9    11     -0.001002+i*     0.000021
 -0.33333  0.00000  0.00000    -2.8335705    -0.8328566     0.0000001    10    11     -0.000000+i*     0.000000
 -0.33333  0.00000  0.00000    -2.8335705     1.9685811     0.0000095    10    12      0.000000+i*    -0.000001
  0.00000 -0.33333  0.00000    -5.1496778    -1.5869842     0.0059865     9    11     -0.000665+i*     0.000014
  0.00000 -0.33333  0.00000    -3.1203342    -1.5869842     0.0000040    10    11      0.000000+i*     0.000000
  0.00000 -0.33333  0.00000    -3.1203342     1.1932086     0.0037813    10    12     -0.000007+i*    -0.000420
  0.33333 -0.33333  0.00000    -4.4620760    -0.0451223     0.0137454     9    11      0.001416+i*     0.000572
  0.33333 -0.33333  0.00000    -3.2688503    -0.0451223     0.0000159    10    11      0.000002+i*    -0.000000
  0.33333 -0.33333  0.00000    -3.2688503     2.6226298     0.0003749    10    12      0.000040+i*    -0.000010
 -0.33333 -0.33333  0.00000    -4.2052738    -0.0464668     6.3639333     9    11     -0.706948+i*     0.014836
 -0.33333 -0.33333  0.00000    -2.8912559    -0.0464668     0.0000093    10    11     -0.000000+i*    -0.000001
 -0.33333 -0.33333  0.00000    -2.8912559     2.6619915     0.0004396    10    12      0.000008+i*     0.000048
    17BSE eigenvalue    4.31595063      IP-eigenvalue:    4.31354279
  0.00000  0.00000  0.00000    -6.0785256    -2.3708546     0.0010551     9    11      0.000117+i*     0.000000
  0.00000  0.00000  0.00000    -4.1241113    -2.3708546     0.0000000    10    11     -0.000000+i*    -0.000000
  0.00000  0.00000  0.00000    -4.1241113     0.4107230     0.0000000    10    12      0.000000+i*     0.000000
  0.33333  0.00000  0.00000    -4.5946561    -0.8328566     0.0011463     9    11      0.000127+i*    -0.000003
  0.33333  0.00000  0.00000    -2.8335705    -0.8328566     0.0000760    10    11     -0.000001+i*    -0.000008
  0.33333  0.00000  0.00000    -2.8335705     1.9685811     0.0159554    10    12      0.000294+i*     0.001748
  0.00000  0.33333  0.00000    -5.1496778    -1.5869842     0.0008217     9    11      0.000091+i*    -0.000002
  0.00000  0.33333  0.00000    -3.1203342    -1.5869842     0.0001297    10    11      0.000000+i*     0.000014
  0.00000  0.33333  0.00000    -3.1203342     1.1932086     6.3638836    10    12      0.017700+i*     0.706877
  0.33333  0.33333  0.00000    -4.2052738    -0.0464668     0.0037641     9    11      0.000418+i*    -0.000009
  0.33333  0.33333  0.00000    -2.8912559    -0.0464668     0.0003826    10    11      0.000005+i*    -0.000042
  0.33333  0.33333  0.00000    -2.8912559     2.6619915     0.0180789    10    12     -0.000240+i*     0.001994
 -0.33333  0.33333  0.00000    -4.4620760    -0.0451223     0.0054391     9    11     -0.000550+i*     0.000250
 -0.33333  0.33333  0.00000    -3.2688503    -0.0451223     0.0007544    10    11     -0.000082+i*    -0.000019
 -0.33333  0.33333  0.00000    -3.2688503     2.6226298     0.0188997    10    12     -0.002053+i*    -0.000442
 -0.33333  0.00000  0.00000    -4.5946561    -0.8328566     0.0011463     9    11      0.000127+i*    -0.000003
 -0.33333  0.00000  0.00000    -2.8335705    -0.8328566     0.0000760    10    11     -0.000001+i*     0.000008
 -0.33333  0.00000  0.00000    -2.8335705     1.9685811     0.0159554    10    12      0.000221+i*    -0.001759
  0.00000 -0.33333  0.00000    -5.1496778    -1.5869842     0.0008217     9    11      0.000091+i*    -0.000002
  0.00000 -0.33333  0.00000    -3.1203342    -1.5869842     0.0001297    10    11     -0.000000+i*    -0.000014
  0.00000 -0.33333  0.00000    -3.1203342     1.1932086     6.3638836    10    12     -0.011933+i*    -0.706997
  0.33333 -0.33333  0.00000    -4.4620760    -0.0451223     0.0054391     9    11     -0.000560+i*    -0.000226
  0.33333 -0.33333  0.00000    -3.2688503    -0.0451223     0.0007544    10    11     -0.000081+i*     0.000022
  0.33333 -0.33333  0.00000    -3.2688503     2.6226298     0.0188997    10    12     -0.002033+i*     0.000528
 -0.33333 -0.33333  0.00000    -4.2052738    -0.0464668     0.0037641     9    11      0.000418+i*    -0.000009
 -0.33333 -0.33333  0.00000    -2.8912559    -0.0464668     0.0003826    10    11      0.000007+i*     0.000042
 -0.33333 -0.33333  0.00000    -2.8912559     2.6619915     0.0180789    10    12     -0.000323+i*    -0.001983
    18BSE eigenvalue    4.38776767      IP-eigenvalue:    4.31354279
  0.00000  0.00000  0.00000    -6.0785256    -2.3708546     0.0000000     9    11      0.000000+i*     0.000000
  0.00000  0.00000  0.00000    -4.1241113    -2.3708546     0.0038236    10    11      0.000066+i*     0.000420
  0.00000  0.00000  0.00000    -4.1241113     0.4107230     2.8912496    10    12     -0.048794+i*    -0.317523
  0.33333  0.00000  0.00000    -4.5946561    -0.8328566     0.0000000     9    11      0.000000+i*     0.000000
  0.33333  0.00000  0.00000    -2.8335705    -0.8328566     0.0043082    10    11      0.000472+i*    -0.000082
  0.33333  0.00000  0.00000    -2.8335705     1.9685811     1.0375374    10    12     -0.113579+i*     0.019741
  0.00000  0.33333  0.00000    -5.1496778    -1.5869842     0.0000056     9    11     -0.000000+i*    -0.000001
  0.00000  0.33333  0.00000    -3.1203342    -1.5869842     0.0037862    10    11     -0.000420+i*     0.000013
  0.00000  0.33333  0.00000    -3.1203342     1.1932086     5.9169650    10    12     -0.657135+i*     0.020044
  0.33333  0.33333  0.00000    -4.2052738    -0.0464668     0.0000234     9    11     -0.000000+i*    -0.000003
  0.33333  0.33333  0.00000    -2.8912559    -0.0464668     0.0074831    10    11      0.000826+i*     0.000095
  0.33333  0.33333  0.00000    -2.8912559     2.6619915     0.3816558    10    12     -0.042130+i*    -0.004834
 -0.33333  0.33333  0.00000    -4.4620760    -0.0451223     0.0002764     9    11      0.000013+i*     0.000028
 -0.33333  0.33333  0.00000    -3.2688503    -0.0451223     0.0108075    10    11      0.000263+i*    -0.001172
 -0.33333  0.33333  0.00000    -3.2688503     2.6226298     0.2958129    10    12      0.006743+i*    -0.032169
 -0.33333  0.00000  0.00000    -4.5946561    -0.8328566     0.0000000     9    11      0.000000+i*    -0.000000
 -0.33333  0.00000  0.00000    -2.8335705    -0.8328566     0.0043082    10    11      0.000475+i*     0.000057
 -0.33333  0.00000  0.00000    -2.8335705     1.9685811     1.0375374    10    12     -0.114463+i*    -0.013716
  0.00000 -0.33333  0.00000    -5.1496778    -1.5869842     0.0000056     9    11      0.000000+i*     0.000001
  0.00000 -0.33333  0.00000    -3.1203342    -1.5869842     0.0037862    10    11     -0.000421+i*     0.000009
  0.00000 -0.33333  0.00000    -3.1203342     1.1932086     5.9169650    10    12     -0.657277+i*     0.014683
  0.33333 -0.33333  0.00000    -4.4620760    -0.0451223     0.0002764     9    11      0.000011+i*    -0.000029
  0.33333 -0.33333  0.00000    -3.2688503    -0.0451223     0.0108075    10    11      0.000324+i*     0.001156
  0.33333 -0.33333  0.00000    -3.2688503     2.6226298     0.2958129    10    12      0.008432+i*     0.031768
 -0.33333 -0.33333  0.00000    -4.2052738    -0.0464668     0.0000234     9    11      0.000000+i*     0.000003
 -0.33333 -0.33333  0.00000    -2.8912559    -0.0464668     0.0074831    10    11      0.000820+i*    -0.000138
 -0.33333 -0.33333  0.00000    -2.8912559     2.6619915     0.3816558    10    12     -0.041816+i*     0.007052
    19BSE eigenvalue    4.41695822      IP-eigenvalue:    4.41695368
  0.00000  0.00000  0.00000    -6.0785256    -2.3708546     0.0000000     9    11      0.000000+i*     0.000000
  0.00000  0.00000  0.00000    -4.1241113    -2.3708546     0.0000004    10    11     -0.000000+i*     0.000000
  0.00000  0.00000  0.00000    -4.1241113     0.4107230     0.0001963    10    12      0.000002+i*    -0.000022
  0.33333  0.00000  0.00000    -4.5946561    -0.8328566     0.0000075     9    11      0.000000+i*    -0.000001
  0.33333  0.00000  0.00000    -2.8335705    -0.8328566     0.0000005    10    11      0.000000+i*     0.000000
  0.33333  0.00000  0.00000    -2.8335705     1.9685811     0.0000612    10    12     -0.000007+i*    -0.000001
  0.00000  0.33333  0.00000    -5.1496778    -1.5869842     0.0000124     9    11      0.000000+i*    -0.000001
  0.00000  0.33333  0.00000    -3.1203342    -1.5869842     0.0000004    10    11     -0.000000+i*    -0.000000
  0.00000  0.33333  0.00000    -3.1203342     1.1932086     0.0002363    10    12     -0.000026+i*    -0.000006
  0.33333  0.33333  0.00000    -4.2052738    -0.0464668     0.0000700     9    11      0.000002+i*    -0.000008
  0.33333  0.33333  0.00000    -2.8912559    -0.0464668     0.0000008    10    11      0.000000+i*     0.000000
  0.33333  0.33333  0.00000    -2.8912559     2.6619915     0.0000221    10    12     -0.000002+i*    -0.000001
 -0.33333  0.33333  0.00000    -4.4620760    -0.0451223     6.3639610     9    11     -0.129959+i*    -0.695062
 -0.33333  0.33333  0.00000    -3.2688503    -0.0451223     0.0000012    10    11      0.000000+i*    -0.000000
 -0.33333  0.33333  0.00000    -3.2688503     2.6226298     0.0000174    10    12      0.000001+i*    -0.000002
 -0.33333  0.00000  0.00000    -4.5946561    -0.8328566     0.0000075     9    11     -0.000000+i*     0.000001
 -0.33333  0.00000  0.00000    -2.8335705    -0.8328566     0.0000005    10    11      0.000000+i*     0.000000
 -0.33333  0.00000  0.00000    -2.8335705     1.9685811     0.0000612    10    12     -0.000006+i*    -0.000002
  0.00000 -0.33333  0.00000    -5.1496778    -1.5869842     0.0000124     9    11     -0.000000+i*     0.000001
  0.00000 -0.33333  0.00000    -3.1203342    -1.5869842     0.0000004    10    11     -0.000000+i*    -0.000000
  0.00000 -0.33333  0.00000    -3.1203342     1.1932086     0.0002363    10    12     -0.000026+i*    -0.000006
  0.33333 -0.33333  0.00000    -4.4620760    -0.0451223     6.3639610     9    11     -0.413873+i*     0.573332
  0.33333 -0.33333  0.00000    -3.2688503    -0.0451223     0.0000012    10    11      0.000000+i*     0.000000
  0.33333 -0.33333  0.00000    -3.2688503     2.6226298     0.0000174    10    12      0.000000+i*     0.000002
 -0.33333 -0.33333  0.00000    -4.2052738    -0.0464668     0.0000700     9    11     -0.000002+i*     0.000008
 -0.33333 -0.33333  0.00000    -2.8912559    -0.0464668     0.0000008    10    11      0.000000+i*     0.000000
 -0.33333 -0.33333  0.00000    -2.8912559     2.6619915     0.0000221    10    12     -0.000002+i*    -0.000000
    20BSE eigenvalue    4.41751231      IP-eigenvalue:    4.41695368
  0.00000  0.00000  0.00000    -6.0785256    -2.3708546     0.0050331     9    11      0.000559+i*     0.000000
  0.00000  0.00000  0.00000    -4.1241113    -2.3708546     0.0000000    10    11      0.000000+i*    -0.000000
  0.00000  0.00000  0.00000    -4.1241113     0.4107230     0.0000001    10    12     -0.000000+i*    -0.000000
  0.33333  0.00000  0.00000    -4.5946561    -0.8328566     0.0054396     9    11      0.000604+i*    -0.000013
  0.33333  0.00000  0.00000    -2.8335705    -0.8328566     0.0000000    10    11     -0.000000+i*    -0.000000
  0.33333  0.00000  0.00000    -2.8335705     1.9685811     0.0000127    10    12      0.000000+i*     0.000001
  0.00000  0.33333  0.00000    -5.1496778    -1.5869842     0.0041644     9    11      0.000463+i*    -0.000010
  0.00000  0.33333  0.00000    -3.1203342    -1.5869842     0.0000035    10    11      0.000000+i*     0.000000
  0.00000  0.33333  0.00000    -3.1203342     1.1932086     0.0054263    10    12      0.000015+i*     0.000603
  0.33333  0.33333  0.00000    -4.2052738    -0.0464668     0.0137338     9    11      0.001526+i*    -0.000032
  0.33333  0.33333  0.00000    -2.8912559    -0.0464668     0.0000077    10    11      0.000000+i*    -0.000001
  0.33333  0.33333  0.00000    -2.8912559     2.6619915     0.0005301    10    12     -0.000007+i*     0.000058
 -0.33333  0.33333  0.00000    -4.4620760    -0.0451223     6.3639392     9    11      0.643906+i*    -0.292202
 -0.33333  0.33333  0.00000    -3.2688503    -0.0451223     0.0000125    10    11     -0.000001+i*    -0.000000
 -0.33333  0.33333  0.00000    -3.2688503     2.6226298     0.0004389    10    12     -0.000048+i*    -0.000010
 -0.33333  0.00000  0.00000    -4.5946561    -0.8328566     0.0054396     9    11      0.000604+i*    -0.000013
 -0.33333  0.00000  0.00000    -2.8335705    -0.8328566     0.0000000    10    11     -0.000000+i*     0.000000
 -0.33333  0.00000  0.00000    -2.8335705     1.9685811     0.0000127    10    12      0.000000+i*    -0.000001
  0.00000 -0.33333  0.00000    -5.1496778    -1.5869842     0.0041644     9    11      0.000463+i*    -0.000010
  0.00000 -0.33333  0.00000    -3.1203342    -1.5869842     0.0000035    10    11     -0.000000+i*    -0.000000
  0.00000 -0.33333  0.00000    -3.1203342     1.1932086     0.0054263    10    12     -0.000010+i*    -0.000603
  0.33333 -0.33333  0.00000    -4.4620760    -0.0451223     6.3639392     9    11      0.655584+i*     0.264963
  0.33333 -0.33333  0.00000    -3.2688503    -0.0451223     0.0000125    10    11     -0.000001+i*     0.000000
  0.33333 -0.33333  0.00000    -3.2688503     2.6226298     0.0004389    10    12     -0.000047+i*     0.000012
 -0.33333 -0.33333  0.00000    -4.2052738    -0.0464668     0.0137338     9    11      0.001526+i*    -0.000032
 -0.33333 -0.33333  0.00000    -2.8912559    -0.0464668     0.0000077    10    11      0.000000+i*     0.000001
 -0.33333 -0.33333  0.00000    -2.8912559     2.6619915     0.0005301    10    12     -0.000009+i*    -0.000058
    21BSE eigenvalue    4.58716995      IP-eigenvalue:    4.53483427
  0.00000  0.00000  0.00000    -6.0785256    -2.3708546     0.0000000     9    11     -0.000000+i*     0.000000
  0.00000  0.00000  0.00000    -4.1241113    -2.3708546     0.0035995    10    11     -0.000094+i*    -0.000389
  0.00000  0.00000  0.00000    -4.1241113     0.4107230     8.1935717    10    12     -0.211632+i*    -0.885457
  0.33333  0.00000  0.00000    -4.5946561    -0.8328566     0.0000000     9    11     -0.000000+i*     0.000000
  0.33333  0.00000  0.00000    -2.8335705    -0.8328566     0.0040132    10    11     -0.000432+i*     0.000112
  0.33333  0.00000  0.00000    -2.8335705     1.9685811     2.0099461    10    12      0.216150+i*    -0.056164
  0.00000  0.33333  0.00000    -5.1496778    -1.5869842     0.0000041     9    11      0.000000+i*     0.000000
  0.00000  0.33333  0.00000    -3.1203342    -1.5869842     0.0035500    10    11      0.000392+i*    -0.000044
  0.00000  0.33333  0.00000    -3.1203342     1.1932086     1.6029969    10    12      0.176982+i*    -0.020017
  0.33333  0.33333  0.00000    -4.2052738    -0.0464668     0.0000115     9    11      0.000000+i*     0.000001
  0.33333  0.33333  0.00000    -2.8912559    -0.0464668     0.0066112    10    11     -0.000734+i*    -0.000024
  0.33333  0.33333  0.00000    -2.8912559     2.6619915     0.4573991    10    12      0.050796+i*     0.001632
 -0.33333  0.33333  0.00000    -4.4620760    -0.0451223     0.0000450     9    11      0.000002+i*     0.000004
 -0.33333  0.33333  0.00000    -3.2688503    -0.0451223     0.0091631    10    11     -0.000141+i*     0.001008
 -0.33333  0.33333  0.00000    -3.2688503     2.6226298     0.3373899    10    12     -0.004654+i*     0.037198
 -0.33333  0.00000  0.00000    -4.5946561    -0.8328566     0.0000000     9    11     -0.000000+i*     0.000000
 -0.33333  0.00000  0.00000    -2.8335705    -0.8328566     0.0040132    10    11     -0.000446+i*    -0.000017
 -0.33333  0.00000  0.00000    -2.8335705     1.9685811     2.0099461    10    12      0.223173+i*     0.008290
  0.00000 -0.33333  0.00000    -5.1496778    -1.5869842     0.0000041     9    11     -0.000000+i*    -0.000000
  0.00000 -0.33333  0.00000    -3.1203342    -1.5869842     0.0035500    10    11      0.000392+i*    -0.000041
  0.00000 -0.33333  0.00000    -3.1203342     1.1932086     1.6029969    10    12      0.177140+i*    -0.018573
  0.33333 -0.33333  0.00000    -4.4620760    -0.0451223     0.0000450     9    11      0.000001+i*    -0.000005
  0.33333 -0.33333  0.00000    -3.2688503    -0.0451223     0.0091631    10    11     -0.000354+i*    -0.000954
  0.33333 -0.33333  0.00000    -3.2688503     2.6226298     0.3373899    10    12     -0.012557+i*    -0.035322
 -0.33333 -0.33333  0.00000    -4.2052738    -0.0464668     0.0000115     9    11     -0.000000+i*    -0.000001
 -0.33333 -0.33333  0.00000    -2.8912559    -0.0464668     0.0066112    10    11     -0.000712+i*     0.000181
 -0.33333 -0.33333  0.00000    -2.8912559     2.6619915     0.4573991    10    12      0.049252+i*    -0.012535
    22BSE eigenvalue    4.80280402      IP-eigenvalue:    4.80215164
  0.00000  0.00000  0.00000    -6.0785256    -2.3708546     0.0000014     9    11     -0.000000+i*     0.000000
  0.00000  0.00000  0.00000    -4.1241113    -2.3708546     0.0000000    10    11     -0.000000+i*     0.000000
  0.00000  0.00000  0.00000    -4.1241113     0.4107230     0.0000000    10    12      0.000000+i*    -0.000000
  0.33333  0.00000  0.00000    -4.5946561    -0.8328566     0.0000014     9    11     -0.000000+i*     0.000000
  0.33333  0.00000  0.00000    -2.8335705    -0.8328566     0.0000338    10    11     -0.000001+i*    -0.000004
  0.33333  0.00000  0.00000    -2.8335705     1.9685811     6.3639103    10    12     -0.117545+i*    -0.697263
  0.00000  0.33333  0.00000    -5.1496778    -1.5869842     0.0000011     9    11     -0.000000+i*     0.000000
  0.00000  0.33333  0.00000    -3.1203342    -1.5869842     0.0000563    10    11      0.000000+i*     0.000006
  0.00000  0.33333  0.00000    -3.1203342     1.1932086     0.0158741    10    12      0.000045+i*     0.001763
  0.33333  0.33333  0.00000    -4.2052738    -0.0464668     0.0000018     9    11     -0.000000+i*     0.000000
  0.33333  0.33333  0.00000    -2.8912559    -0.0464668     0.0001427    10    11      0.000002+i*    -0.000016
  0.33333  0.33333  0.00000    -2.8912559     2.6619915     0.0147463    10    12     -0.000195+i*     0.001627
 -0.33333  0.33333  0.00000    -4.4620760    -0.0451223     0.0000029     9    11     -0.000000+i*     0.000000
 -0.33333  0.33333  0.00000    -3.2688503    -0.0451223     0.0002539    10    11     -0.000027+i*    -0.000006
 -0.33333  0.33333  0.00000    -3.2688503     2.6226298     0.0132827    10    12     -0.001443+i*    -0.000310
 -0.33333  0.00000  0.00000    -4.5946561    -0.8328566     0.0000014     9    11     -0.000000+i*     0.000000
 -0.33333  0.00000  0.00000    -2.8335705    -0.8328566     0.0000338    10    11     -0.000000+i*     0.000004
 -0.33333  0.00000  0.00000    -2.8335705     1.9685811     6.3639103    10    12     -0.087688+i*     0.701643
  0.00000 -0.33333  0.00000    -5.1496778    -1.5869842     0.0000011     9    11     -0.000000+i*     0.000000
  0.00000 -0.33333  0.00000    -3.1203342    -1.5869842     0.0000563    10    11     -0.000000+i*    -0.000006
  0.00000 -0.33333  0.00000    -3.1203342     1.1932086     0.0158741    10    12     -0.000030+i*    -0.001764
  0.33333 -0.33333  0.00000    -4.4620760    -0.0451223     0.0000029     9    11     -0.000000+i*    -0.000000
  0.33333 -0.33333  0.00000    -3.2688503    -0.0451223     0.0002539    10    11     -0.000027+i*     0.000007
  0.33333 -0.33333  0.00000    -3.2688503     2.6226298     0.0132827    10    12     -0.001428+i*     0.000371
 -0.33333 -0.33333  0.00000    -4.2052738    -0.0464668     0.0000018     9    11     -0.000000+i*     0.000000
 -0.33333 -0.33333  0.00000    -2.8912559    -0.0464668     0.0001427    10    11      0.000003+i*     0.000016
 -0.33333 -0.33333  0.00000    -2.8912559     2.6619915     0.0147463    10    12     -0.000264+i*    -0.001617
    23BSE eigenvalue    4.95160949      IP-eigenvalue:    4.80215164
  0.00000  0.00000  0.00000    -6.0785256    -2.3708546     0.0000000     9    11     -0.000000+i*     0.000000
  0.00000  0.00000  0.00000    -4.1241113    -2.3708546     0.0063817    10    11     -0.000174+i*    -0.000687
  0.00000  0.00000  0.00000    -4.1241113     0.4107230     2.0581929    10    12     -0.055535+i*    -0.221843
  0.33333  0.00000  0.00000    -4.5946561    -0.8328566     0.0000000     9    11     -0.000000+i*    -0.000000
  0.33333  0.00000  0.00000    -2.8335705    -0.8328566     0.0070388    10    11     -0.000755+i*     0.000205
  0.33333  0.00000  0.00000    -2.8335705     1.9685811     5.7838321    10    12     -0.620232+i*     0.168254
  0.00000  0.33333  0.00000    -5.1496778    -1.5869842     0.0000060     9    11      0.000000+i*     0.000001
  0.00000  0.33333  0.00000    -3.1203342    -1.5869842     0.0063469    10    11      0.000700+i*    -0.000087
  0.00000  0.33333  0.00000    -3.1203342     1.1932086     1.3753742    10    12      0.151659+i*    -0.018796
  0.33333  0.33333  0.00000    -4.2052738    -0.0464668     0.0000124     9    11      0.000000+i*     0.000001
  0.33333  0.33333  0.00000    -2.8912559    -0.0464668     0.0109418    10    11     -0.001215+i*    -0.000026
  0.33333  0.33333  0.00000    -2.8912559     2.6619915     1.4695445    10    12      0.163245+i*     0.003500
 -0.33333  0.33333  0.00000    -4.4620760    -0.0451223     0.0000286     9    11      0.000002+i*     0.000003
 -0.33333  0.33333  0.00000    -3.2688503    -0.0451223     0.0144684    10    11     -0.000205+i*     0.001594
 -0.33333  0.33333  0.00000    -3.2688503     2.6226298     0.9367777    10    12     -0.011819+i*     0.103413
 -0.33333  0.00000  0.00000    -4.5946561    -0.8328566     0.0000000     9    11     -0.000000+i*     0.000000
 -0.33333  0.00000  0.00000    -2.8335705    -0.8328566     0.0070388    10    11     -0.000782+i*    -0.000021
 -0.33333  0.00000  0.00000    -2.8335705     1.9685811     5.7838321    10    12     -0.642423+i*    -0.016990
  0.00000 -0.33333  0.00000    -5.1496778    -1.5869842     0.0000060     9    11     -0.000000+i*    -0.000001
  0.00000 -0.33333  0.00000    -3.1203342    -1.5869842     0.0063469    10    11      0.000701+i*    -0.000081
  0.00000 -0.33333  0.00000    -3.1203342     1.1932086     1.3753742    10    12      0.151807+i*    -0.017558
  0.33333 -0.33333  0.00000    -4.4620760    -0.0451223     0.0000286     9    11      0.000001+i*    -0.000003
  0.33333 -0.33333  0.00000    -3.2688503    -0.0451223     0.0144684    10    11     -0.000576+i*    -0.001501
  0.33333 -0.33333  0.00000    -3.2688503     2.6226298     0.9367777    10    12     -0.035911+i*    -0.097695
 -0.33333 -0.33333  0.00000    -4.2052738    -0.0464668     0.0000124     9    11     -0.000000+i*    -0.000001
 -0.33333 -0.33333  0.00000    -2.8912559    -0.0464668     0.0109418    10    11     -0.001175+i*     0.000312
 -0.33333 -0.33333  0.00000    -2.8912559     2.6619915     1.4695445    10    12      0.157799+i*    -0.041960
    24BSE eigenvalue    5.55845177      IP-eigenvalue:    5.55324738
  0.00000  0.00000  0.00000    -6.0785256    -2.3708546     0.0003623     9    11      0.000040+i*     0.000000
  0.00000  0.00000  0.00000    -4.1241113    -2.3708546     0.0000000    10    11     -0.000000+i*    -0.000000
  0.00000  0.00000  0.00000    -4.1241113     0.4107230     0.0000000    10    12      0.000000+i*     0.000000
  0.33333  0.00000  0.00000    -4.5946561    -0.8328566     0.0003694     9    11      0.000041+i*    -0.000001
  0.33333  0.00000  0.00000    -2.8335705    -0.8328566     0.0000691    10    11     -0.000001+i*    -0.000008
  0.33333  0.00000  0.00000    -2.8335705     1.9685811     0.0144171    10    12     -0.000266+i*    -0.001580
  0.00000  0.33333  0.00000    -5.1496778    -1.5869842     0.0003243     9    11      0.000036+i*    -0.000001
  0.00000  0.33333  0.00000    -3.1203342    -1.5869842     0.0001288    10    11      0.000000+i*     0.000014
  0.00000  0.33333  0.00000    -3.1203342     1.1932086     0.0177102    10    12      0.000049+i*     0.001967
  0.33333  0.33333  0.00000    -4.2052738    -0.0464668     0.0004421     9    11      0.000049+i*    -0.000001
  0.33333  0.33333  0.00000    -2.8912559    -0.0464668     0.0003068    10    11      0.000004+i*    -0.000034
  0.33333  0.33333  0.00000    -2.8912559     2.6619915     6.3624891    10    12      0.084427+i*    -0.701884
 -0.33333  0.33333  0.00000    -4.4620760    -0.0451223     0.0005040     9    11      0.000051+i*    -0.000023
 -0.33333  0.33333  0.00000    -3.2688503    -0.0451223     0.0005327    10    11     -0.000058+i*    -0.000013
 -0.33333  0.33333  0.00000    -3.2688503     2.6226298     0.1349416    10    12     -0.014658+i*    -0.003156
 -0.33333  0.00000  0.00000    -4.5946561    -0.8328566     0.0003694     9    11      0.000041+i*    -0.000001
 -0.33333  0.00000  0.00000    -2.8335705    -0.8328566     0.0000691    10    11     -0.000001+i*     0.000008
 -0.33333  0.00000  0.00000    -2.8335705     1.9685811     0.0144171    10    12     -0.000199+i*     0.001589
  0.00000 -0.33333  0.00000    -5.1496778    -1.5869842     0.0003243     9    11      0.000036+i*    -0.000001
  0.00000 -0.33333  0.00000    -3.1203342    -1.5869842     0.0001288    10    11     -0.000000+i*    -0.000014
  0.00000 -0.33333  0.00000    -3.1203342     1.1932086     0.0177102    10    12     -0.000033+i*    -0.001968
  0.33333 -0.33333  0.00000    -4.4620760    -0.0451223     0.0005040     9    11      0.000052+i*     0.000021
  0.33333 -0.33333  0.00000    -3.2688503    -0.0451223     0.0005327    10    11     -0.000057+i*     0.000016
  0.33333 -0.33333  0.00000    -3.2688503     2.6226298     0.1349416    10    12     -0.014513+i*     0.003767
 -0.33333 -0.33333  0.00000    -4.2052738    -0.0464668     0.0004421     9    11      0.000049+i*    -0.000001
 -0.33333 -0.33333  0.00000    -2.8912559    -0.0464668     0.0003068    10    11      0.000005+i*     0.000034
 -0.33333 -0.33333  0.00000    -2.8912559     2.6619915     6.3624891    10    12      0.113759+i*     0.697730
    25BSE eigenvalue    5.67014535      IP-eigenvalue:    5.55324738
  0.00000  0.00000  0.00000    -6.0785256    -2.3708546     0.0000000     9    11      0.000000+i*     0.000000
  0.00000  0.00000  0.00000    -4.1241113    -2.3708546     0.0037922    10    11      0.000077+i*     0.000414
  0.00000  0.00000  0.00000    -4.1241113     0.4107230     0.5511599    10    12      0.011059+i*     0.060233
  0.33333  0.00000  0.00000    -4.5946561    -0.8328566     0.0000000     9    11      0.000000+i*     0.000000
  0.33333  0.00000  0.00000    -2.8335705    -0.8328566     0.0041272    10    11      0.000449+i*    -0.000092
  0.33333  0.00000  0.00000    -2.8335705     1.9685811     0.7279325    10    12      0.079250+i*    -0.016163
  0.00000  0.33333  0.00000    -5.1496778    -1.5869842     0.0000031     9    11     -0.000000+i*    -0.000000
  0.00000  0.33333  0.00000    -3.1203342    -1.5869842     0.0038376    10    11     -0.000426+i*     0.000025
  0.00000  0.33333  0.00000    -3.1203342     1.1932086     0.4745774    10    12     -0.052637+i*     0.003141
  0.33333  0.33333  0.00000    -4.2052738    -0.0464668     0.0000050     9    11     -0.000000+i*    -0.000001
  0.33333  0.33333  0.00000    -2.8912559    -0.0464668     0.0059895    10    11      0.000663+i*     0.000057
  0.33333  0.33333  0.00000    -2.8912559     2.6619915     5.5660254    10    12      0.616207+i*     0.052597
 -0.33333  0.33333  0.00000    -4.4620760    -0.0451223     0.0000092     9    11     -0.000000+i*    -0.000001
 -0.33333  0.33333  0.00000    -3.2688503    -0.0451223     0.0075218    10    11      0.000159+i*    -0.000820
 -0.33333  0.33333  0.00000    -3.2688503     2.6226298     2.9346604    10    12      0.057578+i*    -0.320950
 -0.33333  0.00000  0.00000    -4.5946561    -0.8328566     0.0000000     9    11      0.000000+i*    -0.000000
 -0.33333  0.00000  0.00000    -2.8335705    -0.8328566     0.0041272    10    11      0.000457+i*     0.000041
 -0.33333  0.00000  0.00000    -2.8335705     1.9685811     0.7279325    10    12      0.080553+i*     0.007282
  0.00000 -0.33333  0.00000    -5.1496778    -1.5869842     0.0000031     9    11      0.000000+i*     0.000000
  0.00000 -0.33333  0.00000    -3.1203342    -1.5869842     0.0038376    10    11     -0.000426+i*     0.000022
  0.00000 -0.33333  0.00000    -3.1203342     1.1932086     0.4745774    10    12     -0.052661+i*     0.002711
  0.33333 -0.33333  0.00000    -4.4620760    -0.0451223     0.0000092     9    11     -0.000000+i*     0.000001
  0.33333 -0.33333  0.00000    -3.2688503    -0.0451223     0.0075218    10    11      0.000249+i*     0.000798
  0.33333 -0.33333  0.00000    -3.2688503     2.6226298     2.9346604    10    12      0.092786+i*     0.312593
 -0.33333 -0.33333  0.00000    -4.2052738    -0.0464668     0.0000050     9    11      0.000000+i*     0.000001
 -0.33333 -0.33333  0.00000    -2.8912559    -0.0464668     0.0059895    10    11      0.000653+i*    -0.000130
 -0.33333 -0.33333  0.00000    -2.8912559     2.6619915     5.5660254    10    12      0.606584+i*    -0.120551
    26BSE eigenvalue    5.90163455      IP-eigenvalue:    5.89148012
  0.00000  0.00000  0.00000    -6.0785256    -2.3708546     0.0003400     9    11     -0.000038+i*     0.000000
  0.00000  0.00000  0.00000    -4.1241113    -2.3708546     0.0000000    10    11      0.000000+i*     0.000000
  0.00000  0.00000  0.00000    -4.1241113     0.4107230     0.0000000    10    12     -0.000000+i*    -0.000000
  0.33333  0.00000  0.00000    -4.5946561    -0.8328566     0.0003451     9    11     -0.000038+i*     0.000001
  0.33333  0.00000  0.00000    -2.8335705    -0.8328566     0.0000858    10    11      0.000002+i*     0.000009
  0.33333  0.00000  0.00000    -2.8335705     1.9685811     0.0135440    10    12      0.000250+i*     0.001484
  0.00000  0.33333  0.00000    -5.1496778    -1.5869842     0.0003081     9    11     -0.000034+i*     0.000001
  0.00000  0.33333  0.00000    -3.1203342    -1.5869842     0.0001649    10    11     -0.000000+i*    -0.000018
  0.00000  0.33333  0.00000    -3.1203342     1.1932086     0.0193125    10    12     -0.000054+i*    -0.002145
  0.33333  0.33333  0.00000    -4.2052738    -0.0464668     0.0003956     9    11     -0.000044+i*     0.000001
  0.33333  0.33333  0.00000    -2.8912559    -0.0464668     0.0003867    10    11     -0.000005+i*     0.000043
  0.33333  0.33333  0.00000    -2.8912559     2.6619915     0.1348569    10    12     -0.001790+i*     0.014877
 -0.33333  0.33333  0.00000    -4.4620760    -0.0451223     0.0004321     9    11     -0.000044+i*     0.000020
 -0.33333  0.33333  0.00000    -3.2688503    -0.0451223     0.0006688    10    11      0.000072+i*     0.000017
 -0.33333  0.33333  0.00000    -3.2688503     2.6226298     6.3624882    10    12     -0.691105+i*    -0.148803
 -0.33333  0.00000  0.00000    -4.5946561    -0.8328566     0.0003451     9    11     -0.000038+i*     0.000001
 -0.33333  0.00000  0.00000    -2.8335705    -0.8328566     0.0000858    10    11      0.000001+i*    -0.000009
 -0.33333  0.00000  0.00000    -2.8335705     1.9685811     0.0135440    10    12      0.000187+i*    -0.001493
  0.00000 -0.33333  0.00000    -5.1496778    -1.5869842     0.0003081     9    11     -0.000034+i*     0.000001
  0.00000 -0.33333  0.00000    -3.1203342    -1.5869842     0.0001649    10    11      0.000000+i*     0.000018
  0.00000 -0.33333  0.00000    -3.1203342     1.1932086     0.0193125    10    12      0.000036+i*     0.002146
  0.33333 -0.33333  0.00000    -4.4620760    -0.0451223     0.0004321     9    11     -0.000045+i*    -0.000018
  0.33333 -0.33333  0.00000    -3.2688503    -0.0451223     0.0006688    10    11      0.000072+i*    -0.000020
  0.33333 -0.33333  0.00000    -3.2688503     2.6226298     6.3624882    10    12     -0.684265+i*     0.177623
 -0.33333 -0.33333  0.00000    -4.2052738    -0.0464668     0.0003956     9    11     -0.000044+i*     0.000001
 -0.33333 -0.33333  0.00000    -2.8912559    -0.0464668     0.0003867    10    11     -0.000007+i*    -0.000042
 -0.33333 -0.33333  0.00000    -2.8912559     2.6619915     0.1348569    10    12     -0.002411+i*    -0.014789
    27BSE eigenvalue    6.20002459      IP-eigenvalue:    5.89148012
  0.00000  0.00000  0.00000    -6.0785256    -2.3708546     0.0000000     9    11      0.000000+i*     0.000000
  0.00000  0.00000  0.00000    -4.1241113    -2.3708546     0.0087043    10    11      0.000177+i*     0.000951
  0.00000  0.00000  0.00000    -4.1241113     0.4107230     0.9826809    10    12      0.019671+i*     0.107400
  0.33333  0.00000  0.00000    -4.5946561    -0.8328566     0.0000000     9    11      0.000000+i*    -0.000000
  0.33333  0.00000  0.00000    -2.8335705    -0.8328566     0.0094096    10    11      0.001025+i*    -0.000208
  0.33333  0.00000  0.00000    -2.8335705     1.9685811     1.1835048    10    12      0.128859+i*    -0.026223
  0.00000  0.33333  0.00000    -5.1496778    -1.5869842     0.0000068     9    11     -0.000000+i*    -0.000001
  0.00000  0.33333  0.00000    -3.1203342    -1.5869842     0.0088985    10    11     -0.000987+i*     0.000059
  0.00000  0.33333  0.00000    -3.1203342     1.1932086     0.8957612    10    12     -0.099355+i*     0.005885
  0.33333  0.33333  0.00000    -4.2052738    -0.0464668     0.0000103     9    11     -0.000000+i*    -0.000001
  0.33333  0.33333  0.00000    -2.8912559    -0.0464668     0.0132278    10    11      0.001464+i*     0.000126
  0.33333  0.33333  0.00000    -2.8912559     2.6619915     2.6466449    10    12      0.292995+i*     0.025136
 -0.33333  0.33333  0.00000    -4.4620760    -0.0451223     0.0000176     9    11     -0.000001+i*    -0.000002
 -0.33333  0.33333  0.00000    -3.2688503    -0.0451223     0.0162593    10    11      0.000345+i*    -0.001773
 -0.33333  0.33333  0.00000    -3.2688503     2.6226298     5.5505606    10    12     -0.109162+i*     0.606991
 -0.33333  0.00000  0.00000    -4.5946561    -0.8328566     0.0000000     9    11      0.000000+i*     0.000000
 -0.33333  0.00000  0.00000    -2.8335705    -0.8328566     0.0094096    10    11      0.001041+i*     0.000095
 -0.33333  0.00000  0.00000    -2.8335705     1.9685811     1.1835048    10    12      0.130961+i*     0.011896
  0.00000 -0.33333  0.00000    -5.1496778    -1.5869842     0.0000068     9    11      0.000000+i*     0.000001
  0.00000 -0.33333  0.00000    -3.1203342    -1.5869842     0.0088985    10    11     -0.000987+i*     0.000050
  0.00000 -0.33333  0.00000    -3.1203342     1.1932086     0.8957612    10    12     -0.099400+i*     0.005075
  0.33333 -0.33333  0.00000    -4.4620760    -0.0451223     0.0000176     9    11     -0.000001+i*     0.000002
  0.33333 -0.33333  0.00000    -3.2688503    -0.0451223     0.0162593    10    11      0.000538+i*     0.001725
  0.33333 -0.33333  0.00000    -3.2688503     2.6226298     5.5505606    10    12     -0.175239+i*    -0.591309
 -0.33333 -0.33333  0.00000    -4.2052738    -0.0464668     0.0000103     9    11      0.000000+i*     0.000001
 -0.33333 -0.33333  0.00000    -2.8912559    -0.0464668     0.0132278    10    11      0.001442+i*    -0.000286
 -0.33333 -0.33333  0.00000    -2.8912559     2.6619915     2.6466449    10    12      0.288455+i*    -0.057198
