                27                27
     1BSE eigenvalue    0.65950201      IP-eigenvalue:    1.53335004
  0.00000  0.00000  0.00000    -6.0785256    -2.3708546     0.0000000     9    11     -0.000000+i*     0.000000
  0.00000  0.00000  0.00000    -4.1241113    -2.3708546     0.4947262    10    11     -0.002089+i*    -0.054930
  0.00000  0.00000  0.00000    -4.1241113     0.4107230     0.2232544    10    12     -0.000863+i*    -0.024791
  0.33333  0.00000  0.00000    -4.5946561    -0.8328566     0.0000438     9    11     -0.000001+i*     0.000005
  0.33333  0.00000  0.00000    -2.8335705    -0.8328566     0.0237468    10    11     -0.002635+i*     0.000144
  0.33333  0.00000  0.00000    -2.8335705     1.9685811     0.0434169    10    12     -0.004817+i*     0.000263
  0.00000  0.33333  0.00000    -5.1496778    -1.5869842     0.0000255     9    11      0.000000+i*    -0.000003
  0.00000  0.33333  0.00000    -3.1203342    -1.5869842     6.3138346    10    11      0.698876+i*     0.061051
  0.00000  0.33333  0.00000    -3.1203342     1.1932086     0.6965562    10    12      0.077101+i*     0.006740
  0.33333  0.33333  0.00000    -4.2052738    -0.0464668     0.0000150     9    11     -0.000000+i*     0.000002
  0.33333  0.33333  0.00000    -2.8912559    -0.0464668     0.0087851    10    11     -0.000950+i*    -0.000224
  0.33333  0.33333  0.00000    -2.8912559     2.6619915     0.0095179    10    12     -0.001029+i*    -0.000243
 -0.33333  0.33333  0.00000    -4.4620760    -0.0451223     0.0000086     9    11      0.000000+i*     0.000001
 -0.33333  0.33333  0.00000    -3.2688503    -0.0451223     0.0077092    10    11     -0.000284+i*     0.000808
 -0.33333  0.33333  0.00000    -3.2688503     2.6226298     0.0165276    10    12      0.000585+i*    -0.001741
 -0.33333  0.00000  0.00000    -4.5946561    -0.8328566     0.0000438     9    11      0.000000+i*    -0.000005
 -0.33333  0.00000  0.00000    -2.8335705    -0.8328566     0.0237468    10    11     -0.002565+i*    -0.000620
 -0.33333  0.00000  0.00000    -2.8335705     1.9685811     0.0434169    10    12     -0.004689+i*    -0.001133
  0.00000 -0.33333  0.00000    -5.1496778    -1.5869842     0.0000255     9    11     -0.000000+i*     0.000003
  0.00000 -0.33333  0.00000    -3.1203342    -1.5869842     6.3138431    10    11      0.698348+i*     0.066829
  0.00000 -0.33333  0.00000    -3.1203342     1.1932086     0.6965571    10    12      0.077044+i*     0.007368
  0.33333 -0.33333  0.00000    -4.4620760    -0.0451223     0.0000086     9    11      0.000000+i*    -0.000001
  0.33333 -0.33333  0.00000    -3.2688503    -0.0451223     0.0077092    10    11     -0.000133+i*    -0.000846
  0.33333 -0.33333  0.00000    -3.2688503     2.6226298     0.0165276    10    12      0.000260+i*     0.001818
 -0.33333 -0.33333  0.00000    -4.2052738    -0.0464668     0.0000150     9    11      0.000000+i*    -0.000002
 -0.33333 -0.33333  0.00000    -2.8912559    -0.0464668     0.0087851    10    11     -0.000975+i*     0.000048
 -0.33333 -0.33333  0.00000    -2.8912559     2.6619915     0.0095179    10    12     -0.001056+i*     0.000052
     2BSE eigenvalue    0.66119218      IP-eigenvalue:    1.53335004
  0.00000  0.00000  0.00000    -6.0785256    -2.3708546     0.0003662     9    11      0.000041+i*     0.000000
  0.00000  0.00000  0.00000    -4.1241113    -2.3708546     0.0000005    10    11      0.000000+i*    -0.000000
  0.00000  0.00000  0.00000    -4.1241113     0.4107230     0.0000011    10    12     -0.000000+i*    -0.000000
  0.33333  0.00000  0.00000    -4.5946561    -0.8328566     0.0000316     9    11      0.000003+i*    -0.000000
  0.33333  0.00000  0.00000    -2.8335705    -0.8328566     0.0006410    10    11     -0.000012+i*    -0.000070
  0.33333  0.00000  0.00000    -2.8335705     1.9685811     0.0026545    10    12     -0.000050+i*    -0.000291
  0.00000  0.33333  0.00000    -5.1496778    -1.5869842     0.0001575     9    11      0.000017+i*    -0.000000
  0.00000  0.33333  0.00000    -3.1203342    -1.5869842     6.3303880    10    11      0.017649+i*     0.703155
  0.00000  0.33333  0.00000    -3.1203342     1.1932086     0.6515019    10    12      0.001812+i*     0.072366
  0.33333  0.33333  0.00000    -4.2052738    -0.0464668     0.0000380     9    11      0.000004+i*    -0.000000
  0.33333  0.33333  0.00000    -2.8912559    -0.0464668     0.0109055    10    11      0.000145+i*    -0.001203
  0.33333  0.33333  0.00000    -2.8912559     2.6619915     0.0350355    10    12      0.000465+i*    -0.003865
 -0.33333  0.33333  0.00000    -4.4620760    -0.0451223     0.0000319     9    11      0.000003+i*    -0.000001
 -0.33333  0.33333  0.00000    -3.2688503    -0.0451223     0.0072315    10    11     -0.000783+i*    -0.000180
 -0.33333  0.33333  0.00000    -3.2688503     2.6226298     0.0195116    10    12      0.002119+i*     0.000456
 -0.33333  0.00000  0.00000    -4.5946561    -0.8328566     0.0000316     9    11      0.000004+i*     0.000000
 -0.33333  0.00000  0.00000    -2.8335705    -0.8328566     0.0006410    10    11     -0.000009+i*     0.000071
 -0.33333  0.00000  0.00000    -2.8335705     1.9685811     0.0026544    10    12     -0.000037+i*     0.000293
  0.00000 -0.33333  0.00000    -5.1496778    -1.5869842     0.0001575     9    11      0.000017+i*    -0.000000
  0.00000 -0.33333  0.00000    -3.1203342    -1.5869842     6.3303796    10    11     -0.011832+i*    -0.703276
  0.00000 -0.33333  0.00000    -3.1203342     1.1932086     0.6515010    10    12     -0.001222+i*    -0.072379
  0.33333 -0.33333  0.00000    -4.4620760    -0.0451223     0.0000319     9    11      0.000003+i*     0.000001
  0.33333 -0.33333  0.00000    -3.2688503    -0.0451223     0.0072314    10    11     -0.000775+i*     0.000213
  0.33333 -0.33333  0.00000    -3.2688503     2.6226298     0.0195115    10    12      0.002098+i*    -0.000545
 -0.33333 -0.33333  0.00000    -4.2052738    -0.0464668     0.0000380     9    11      0.000004+i*     0.000000
 -0.33333 -0.33333  0.00000    -2.8912559    -0.0464668     0.0109055    10    11      0.000195+i*     0.001196
 -0.33333 -0.33333  0.00000    -2.8912559     2.6619915     0.0350354    10    12      0.000627+i*     0.003842
     3BSE eigenvalue    0.87824418      IP-eigenvalue:    1.75325663
  0.00000  0.00000  0.00000    -6.0785256    -2.3708546     0.0000000     9    11      0.000000+i*     0.000000
  0.00000  0.00000  0.00000    -4.1241113    -2.3708546     8.9242262    10    11     -0.326808+i*    -0.936178
  0.00000  0.00000  0.00000    -4.1241113     0.4107230     0.9778662    10    12     -0.035480+i*    -0.102696
  0.33333  0.00000  0.00000    -4.5946561    -0.8328566     0.0000008     9    11      0.000000+i*     0.000000
  0.33333  0.00000  0.00000    -2.8335705    -0.8328566     0.0838255    10    11     -0.008742+i*     0.003214
  0.33333  0.00000  0.00000    -2.8335705     1.9685811     0.0809348    10    12     -0.008441+i*     0.003103
  0.00000  0.33333  0.00000    -5.1496778    -1.5869842     0.0002896     9    11      0.000007+i*     0.000031
  0.00000  0.33333  0.00000    -3.1203342    -1.5869842     0.3887176    10    11     -0.042236+i*     0.009034
  0.00000  0.33333  0.00000    -3.1203342     1.1932086     0.1889292    10    12      0.020528+i*    -0.004389
  0.33333  0.33333  0.00000    -4.2052738    -0.0464668     0.0000301     9    11      0.000001+i*     0.000003
  0.33333  0.33333  0.00000    -2.8912559    -0.0464668     0.0058102    10    11     -0.000644+i*     0.000043
  0.33333  0.33333  0.00000    -2.8912559     2.6619915     0.0172184    10    12     -0.001909+i*     0.000126
 -0.33333  0.33333  0.00000    -4.4620760    -0.0451223     0.0000209     9    11     -0.000002+i*    -0.000002
 -0.33333  0.33333  0.00000    -3.2688503    -0.0451223     0.0043557    10    11     -0.000020+i*     0.000484
 -0.33333  0.33333  0.00000    -3.2688503     2.6226298     0.0161327    10    12      0.000048+i*    -0.001792
 -0.33333  0.00000  0.00000    -4.5946561    -0.8328566     0.0000008     9    11     -0.000000+i*    -0.000000
 -0.33333  0.00000  0.00000    -2.8335705    -0.8328566     0.0838255    10    11     -0.009297+i*     0.000567
 -0.33333  0.00000  0.00000    -2.8335705     1.9685811     0.0809348    10    12     -0.008976+i*     0.000547
  0.00000 -0.33333  0.00000    -5.1496778    -1.5869842     0.0002896     9    11     -0.000007+i*    -0.000031
  0.00000 -0.33333  0.00000    -3.1203342    -1.5869842     0.3887176    10    11     -0.042309+i*     0.008684
  0.00000 -0.33333  0.00000    -3.1203342     1.1932086     0.1889292    10    12      0.020563+i*    -0.004222
  0.33333 -0.33333  0.00000    -4.4620760    -0.0451223     0.0000209     9    11     -0.000001+i*     0.000002
  0.33333 -0.33333  0.00000    -3.2688503    -0.0451223     0.0043557    10    11     -0.000212+i*    -0.000435
  0.33333 -0.33333  0.00000    -3.2688503     2.6226298     0.0161327    10    12      0.000763+i*     0.001622
 -0.33333 -0.33333  0.00000    -4.2052738    -0.0464668     0.0000301     9    11     -0.000001+i*    -0.000003
 -0.33333 -0.33333  0.00000    -2.8912559    -0.0464668     0.0058102    10    11     -0.000607+i*     0.000220
 -0.33333 -0.33333  0.00000    -2.8912559     2.6619915     0.0172184    10    12     -0.001799+i*     0.000651
     4BSE eigenvalue    1.12528334      IP-eigenvalue:    2.00071389
  0.00000  0.00000  0.00000    -6.0785256    -2.3708546     0.0000062     9    11     -0.000001+i*     0.000000
  0.00000  0.00000  0.00000    -4.1241113    -2.3708546     0.0001031    10    11      0.000001+i*     0.000011
  0.00000  0.00000  0.00000    -4.1241113     0.4107230     0.0001739    10    12     -0.000002+i*    -0.000019
  0.33333  0.00000  0.00000    -4.5946561    -0.8328566     0.0000027     9    11     -0.000000+i*     0.000000
  0.33333  0.00000  0.00000    -2.8335705    -0.8328566     6.3270731    10    11      0.116236+i*     0.693332
  0.33333  0.00000  0.00000    -2.8335705     1.9685811     0.6712016    10    12      0.012331+i*     0.073551
  0.00000  0.33333  0.00000    -5.1496778    -1.5869842     0.0000647     9    11     -0.000007+i*     0.000001
  0.00000  0.33333  0.00000    -3.1203342    -1.5869842     0.0030273    10    11      0.000004+i*     0.000336
  0.00000  0.33333  0.00000    -3.1203342     1.1932086     0.0171970    10    12     -0.000027+i*    -0.001911
  0.33333  0.33333  0.00000    -4.2052738    -0.0464668     0.0001686     9    11      0.000019+i*    -0.000000
  0.33333  0.33333  0.00000    -2.8912559    -0.0464668     0.0639356    10    11     -0.000852+i*     0.007053
  0.33333  0.33333  0.00000    -2.8912559     2.6619915     0.0780449    10    12     -0.001037+i*     0.008609
 -0.33333  0.33333  0.00000    -4.4620760    -0.0451223     0.0001426     9    11     -0.000014+i*     0.000007
 -0.33333  0.33333  0.00000    -3.2688503    -0.0451223     0.0410993    10    11     -0.004451+i*    -0.001021
 -0.33333  0.33333  0.00000    -3.2688503     2.6226298     0.0515807    10    12      0.005603+i*     0.001204
 -0.33333  0.00000  0.00000    -4.5946561    -0.8328566     0.0000027     9    11     -0.000000+i*     0.000000
 -0.33333  0.00000  0.00000    -2.8335705    -0.8328566     6.3275108    10    11      0.087064+i*    -0.697645
 -0.33333  0.00000  0.00000    -2.8335705     1.9685811     0.6712476    10    12      0.009236+i*    -0.074009
  0.00000 -0.33333  0.00000    -5.1496778    -1.5869842     0.0000647     9    11     -0.000007+i*    -0.000000
  0.00000 -0.33333  0.00000    -3.1203342    -1.5869842     0.0030312    10    11     -0.000010+i*    -0.000337
  0.00000 -0.33333  0.00000    -3.1203342     1.1932086     0.0172150    10    12      0.000053+i*     0.001912
  0.33333 -0.33333  0.00000    -4.4620760    -0.0451223     0.0001426     9    11     -0.000015+i*    -0.000006
  0.33333 -0.33333  0.00000    -3.2688503    -0.0451223     0.0410965    10    11     -0.004404+i*     0.001207
  0.33333 -0.33333  0.00000    -3.2688503     2.6226298     0.0515780    10    12      0.005548+i*    -0.001438
 -0.33333 -0.33333  0.00000    -4.2052738    -0.0464668     0.0001686     9    11      0.000019+i*    -0.000000
 -0.33333 -0.33333  0.00000    -2.8912559    -0.0464668     0.0639397    10    11     -0.001147+i*    -0.007011
 -0.33333 -0.33333  0.00000    -2.8912559     2.6619915     0.0780475    10    12     -0.001397+i*    -0.008559
     5BSE eigenvalue    1.12533424      IP-eigenvalue:    2.00071389
  0.00000  0.00000  0.00000    -6.0785256    -2.3708546     0.0000001     9    11     -0.000000+i*     0.000000
  0.00000  0.00000  0.00000    -4.1241113    -2.3708546     0.1782245    10    11      0.002352+i*     0.019663
  0.00000  0.00000  0.00000    -4.1241113     0.4107230     0.2846582    10    12     -0.003655+i*    -0.031417
  0.33333  0.00000  0.00000    -4.5946561    -0.8328566     0.0000037     9    11     -0.000000+i*     0.000000
  0.33333  0.00000  0.00000    -2.8335705    -0.8328566     6.3186662    10    11     -0.695696+i*     0.094417
  0.33333  0.00000  0.00000    -2.8335705     1.9685811     0.6646859    10    12     -0.073183+i*     0.009932
  0.00000  0.33333  0.00000    -5.1496778    -1.5869842     0.0000051     9    11     -0.000000+i*     0.000000
  0.00000  0.33333  0.00000    -3.1203342    -1.5869842     0.0554611    10    11     -0.006162+i*    -0.000038
  0.00000  0.33333  0.00000    -3.1203342     1.1932086     0.2609567    10    12      0.028995+i*     0.000183
  0.33333  0.33333  0.00000    -4.2052738    -0.0464668     0.0001701     9    11     -0.000000+i*     0.000019
  0.33333  0.33333  0.00000    -2.8912559    -0.0464668     0.0584586    10    11     -0.006421+i*    -0.000980
  0.33333  0.33333  0.00000    -2.8912559     2.6619915     0.0374870    10    12     -0.004117+i*    -0.000632
 -0.33333  0.33333  0.00000    -4.4620760    -0.0451223     0.0001464     9    11      0.000006+i*     0.000015
 -0.33333  0.33333  0.00000    -3.2688503    -0.0451223     0.0398539    10    11     -0.001124+i*     0.004283
 -0.33333  0.33333  0.00000    -3.2688503     2.6226298     0.0383061    10    12      0.001022+i*    -0.004132
 -0.33333  0.00000  0.00000    -4.5946561    -0.8328566     0.0000037     9    11     -0.000000+i*    -0.000000
 -0.33333  0.00000  0.00000    -2.8335705    -0.8328566     6.3182280    10    11     -0.693570+i*    -0.108631
 -0.33333  0.00000  0.00000    -2.8335705     1.9685811     0.6646394    10    12     -0.072959+i*    -0.011427
  0.00000 -0.33333  0.00000    -5.1496778    -1.5869842     0.0000051     9    11     -0.000000+i*    -0.000000
  0.00000 -0.33333  0.00000    -3.1203342    -1.5869842     0.0554609    10    11     -0.006162+i*    -0.000088
  0.00000 -0.33333  0.00000    -3.1203342     1.1932086     0.2609556    10    12      0.028992+i*     0.000410
  0.33333 -0.33333  0.00000    -4.4620760    -0.0451223     0.0001464     9    11      0.000007+i*    -0.000015
  0.33333 -0.33333  0.00000    -3.2688503    -0.0451223     0.0398568    10    11     -0.001037+i*    -0.004305
  0.33333 -0.33333  0.00000    -3.2688503     2.6226298     0.0383096    10    12      0.000938+i*     0.004152
 -0.33333 -0.33333  0.00000    -4.2052738    -0.0464668     0.0001701     9    11      0.000000+i*    -0.000019
 -0.33333 -0.33333  0.00000    -2.8912559    -0.0464668     0.0584541    10    11     -0.006439+i*     0.000849
 -0.33333 -0.33333  0.00000    -2.8912559     2.6619915     0.0374816    10    12     -0.004129+i*     0.000547
     6BSE eigenvalue    1.28689198      IP-eigenvalue:    2.84478904
  0.00000  0.00000  0.00000    -6.0785256    -2.3708546     0.0000004     9    11     -0.000000+i*     0.000000
  0.00000  0.00000  0.00000    -4.1241113    -2.3708546     0.7207559    10    11      0.005443+i*     0.079899
  0.00000  0.00000  0.00000    -4.1241113     0.4107230     3.8110625    10    12     -0.027423+i*    -0.422562
  0.33333  0.00000  0.00000    -4.5946561    -0.8328566     0.0001111     9    11     -0.000001+i*     0.000012
  0.33333  0.00000  0.00000    -2.8335705    -0.8328566     0.4123378    10    11      0.045652+i*    -0.003869
  0.33333  0.00000  0.00000    -2.8335705     1.9685811     0.7176426    10    12     -0.079453+i*     0.006732
  0.00000  0.33333  0.00000    -5.1496778    -1.5869842     0.0002631     9    11     -0.000002+i*     0.000029
  0.00000  0.33333  0.00000    -3.1203342    -1.5869842     0.6653819    10    11     -0.073811+i*    -0.004222
  0.00000  0.33333  0.00000    -3.1203342     1.1932086     5.6395511    10    12      0.625592+i*     0.035816
  0.33333  0.33333  0.00000    -4.2052738    -0.0464668     0.0001159     9    11      0.000000+i*     0.000013
  0.33333  0.33333  0.00000    -2.8912559    -0.0464668     0.0181539    10    11     -0.001976+i*    -0.000404
  0.33333  0.33333  0.00000    -2.8912559     2.6619915     0.1221390    10    12     -0.013296+i*    -0.002719
 -0.33333  0.33333  0.00000    -4.4620760    -0.0451223     0.0000256     9    11      0.000001+i*     0.000003
 -0.33333  0.33333  0.00000    -3.2688503    -0.0451223     0.0205195    10    11     -0.000692+i*     0.002172
 -0.33333  0.33333  0.00000    -3.2688503     2.6226298     0.1737227    10    12      0.005602+i*    -0.018472
 -0.33333  0.00000  0.00000    -4.5946561    -0.8328566     0.0001111     9    11      0.000000+i*    -0.000012
 -0.33333  0.00000  0.00000    -2.8335705    -0.8328566     0.4123378    10    11      0.044837+i*     0.009419
 -0.33333  0.00000  0.00000    -2.8335705     1.9685811     0.7176426    10    12     -0.078035+i*    -0.016391
  0.00000 -0.33333  0.00000    -5.1496778    -1.5869842     0.0002631     9    11      0.000002+i*    -0.000029
  0.00000 -0.33333  0.00000    -3.1203342    -1.5869842     0.6653820    10    11     -0.073773+i*    -0.004830
  0.00000 -0.33333  0.00000    -3.1203342     1.1932086     5.6395521    10    12      0.625280+i*     0.040906
  0.33333 -0.33333  0.00000    -4.4620760    -0.0451223     0.0000256     9    11      0.000001+i*    -0.000003
  0.33333 -0.33333  0.00000    -3.2688503    -0.0451223     0.0205195    10    11     -0.000422+i*    -0.002241
  0.33333 -0.33333  0.00000    -3.2688503     2.6226298     0.1737227    10    12      0.003302+i*     0.019018
 -0.33333 -0.33333  0.00000    -4.2052738    -0.0464668     0.0001159     9    11      0.000002+i*    -0.000013
 -0.33333 -0.33333  0.00000    -2.8912559    -0.0464668     0.0181540    10    11     -0.002011+i*     0.000159
 -0.33333 -0.33333  0.00000    -2.8912559     2.6619915     0.1221391    10    12     -0.013528+i*     0.001074
     7BSE eigenvalue    1.35850161      IP-eigenvalue:    2.84478904
  0.00000  0.00000  0.00000    -6.0785256    -2.3708546     0.0005932     9    11      0.000066+i*     0.000000
  0.00000  0.00000  0.00000    -4.1241113    -2.3708546     0.0000004    10    11     -0.000000+i*    -0.000000
  0.00000  0.00000  0.00000    -4.1241113     0.4107230     0.0000034    10    12      0.000000+i*     0.000000
  0.33333  0.00000  0.00000    -4.5946561    -0.8328566     0.0004148     9    11      0.000046+i*    -0.000002
  0.33333  0.00000  0.00000    -2.8335705    -0.8328566     0.0293368    10    11      0.000545+i*     0.003214
  0.33333  0.00000  0.00000    -2.8335705     1.9685811     0.0738388    10    12     -0.001371+i*    -0.008089
  0.00000  0.33333  0.00000    -5.1496778    -1.5869842     0.0007684     9    11      0.000085+i*    -0.000002
  0.00000  0.33333  0.00000    -3.1203342    -1.5869842     0.6527688    10    11     -0.001819+i*    -0.072507
  0.00000  0.33333  0.00000    -3.1203342     1.1932086     6.3123592    10    12      0.017554+i*     0.701154
  0.33333  0.33333  0.00000    -4.2052738    -0.0464668     0.0004280     9    11      0.000048+i*    -0.000002
  0.33333  0.33333  0.00000    -2.8912559    -0.0464668     0.0729309    10    11      0.000969+i*    -0.008045
  0.33333  0.33333  0.00000    -2.8912559     2.6619915     0.4164775    10    12      0.005528+i*    -0.045944
 -0.33333  0.33333  0.00000    -4.4620760    -0.0451223     0.0003211     9    11      0.000032+i*    -0.000015
 -0.33333  0.33333  0.00000    -3.2688503    -0.0451223     0.0265227    10    11     -0.002872+i*    -0.000661
 -0.33333  0.33333  0.00000    -3.2688503     2.6226298     0.2054978    10    12      0.022322+i*     0.004806
 -0.33333  0.00000  0.00000    -4.5946561    -0.8328566     0.0004148     9    11      0.000046+i*    -0.000000
 -0.33333  0.00000  0.00000    -2.8335705    -0.8328566     0.0293367    10    11      0.000410+i*    -0.003234
 -0.33333  0.00000  0.00000    -2.8335705     1.9685811     0.0738387    10    12     -0.001031+i*     0.008139
  0.00000 -0.33333  0.00000    -5.1496778    -1.5869842     0.0007684     9    11      0.000085+i*    -0.000002
  0.00000 -0.33333  0.00000    -3.1203342    -1.5869842     0.6527687    10    11      0.001221+i*     0.072520
  0.00000 -0.33333  0.00000    -3.1203342     1.1932086     6.3123584    10    12     -0.011850+i*    -0.701273
  0.33333 -0.33333  0.00000    -4.4620760    -0.0451223     0.0003211     9    11      0.000033+i*     0.000013
  0.33333 -0.33333  0.00000    -3.2688503    -0.0451223     0.0265227    10    11     -0.002842+i*     0.000780
  0.33333 -0.33333  0.00000    -3.2688503     2.6226298     0.2054978    10    12      0.022101+i*    -0.005737
 -0.33333 -0.33333  0.00000    -4.2052738    -0.0464668     0.0004280     9    11      0.000048+i*     0.000000
 -0.33333 -0.33333  0.00000    -2.8912559    -0.0464668     0.0729309    10    11      0.001305+i*     0.007998
 -0.33333 -0.33333  0.00000    -2.8912559     2.6619915     0.4164775    10    12      0.007449+i*     0.045672
     8BSE eigenvalue    1.61279466      IP-eigenvalue:    3.22372795
  0.00000  0.00000  0.00000    -6.0785256    -2.3708546     0.0000003     9    11     -0.000000+i*     0.000000
  0.00000  0.00000  0.00000    -4.1241113    -2.3708546     0.7377678    10    11      0.009133+i*     0.081464
  0.00000  0.00000  0.00000    -4.1241113     0.4107230     7.8038620    10    12     -0.093833+i*    -0.862004
  0.33333  0.00000  0.00000    -4.5946561    -0.8328566     0.0000757     9    11      0.000000+i*    -0.000008
  0.33333  0.00000  0.00000    -2.8335705    -0.8328566     0.2013991    10    11      0.022195+i*    -0.002855
  0.33333  0.00000  0.00000    -2.8335705     1.9685811     1.2568333    10    12     -0.138507+i*     0.017819
  0.00000  0.33333  0.00000    -5.1496778    -1.5869842     0.0000290     9    11     -0.000000+i*    -0.000003
  0.00000  0.33333  0.00000    -3.1203342    -1.5869842     0.1960302    10    11      0.021779+i*     0.000294
  0.00000  0.33333  0.00000    -3.1203342     1.1932086     2.8422116    10    12     -0.315772+i*    -0.004287
  0.33333  0.33333  0.00000    -4.2052738    -0.0464668     0.0000076     9    11     -0.000001+i*     0.000001
  0.33333  0.33333  0.00000    -2.8912559    -0.0464668     0.0473614    10    11     -0.005196+i*    -0.000831
  0.33333  0.33333  0.00000    -2.8912559     2.6619915     0.1753538    10    12     -0.019240+i*    -0.003075
 -0.33333  0.33333  0.00000    -4.4620760    -0.0451223     0.0000808     9    11     -0.000004+i*    -0.000008
 -0.33333  0.33333  0.00000    -3.2688503    -0.0451223     0.0137748    10    11     -0.000402+i*     0.001477
 -0.33333  0.33333  0.00000    -3.2688503     2.6226298     0.0880354    10    12      0.002430+i*    -0.009475
 -0.33333  0.00000  0.00000    -4.5946561    -0.8328566     0.0000757     9    11      0.000000+i*     0.000008
 -0.33333  0.00000  0.00000    -2.8335705    -0.8328566     0.2013991    10    11      0.022080+i*     0.003636
 -0.33333  0.00000  0.00000    -2.8335705     1.9685811     1.2568335    10    12     -0.137792+i*    -0.022692
  0.00000 -0.33333  0.00000    -5.1496778    -1.5869842     0.0000290     9    11     -0.000000+i*     0.000003
  0.00000 -0.33333  0.00000    -3.1203342    -1.5869842     0.1960302    10    11      0.021776+i*     0.000474
  0.00000 -0.33333  0.00000    -3.1203342     1.1932086     2.8422115    10    12     -0.315727+i*    -0.006851
  0.33333 -0.33333  0.00000    -4.4620760    -0.0451223     0.0000808     9    11     -0.000005+i*     0.000008
  0.33333 -0.33333  0.00000    -3.2688503    -0.0451223     0.0137748    10    11     -0.000349+i*    -0.001490
  0.33333 -0.33333  0.00000    -3.2688503     2.6226298     0.0880354    10    12      0.002095+i*     0.009555
 -0.33333 -0.33333  0.00000    -4.2052738    -0.0464668     0.0000076     9    11     -0.000001+i*    -0.000001
 -0.33333 -0.33333  0.00000    -2.8912559    -0.0464668     0.0473614    10    11     -0.005222+i*     0.000648
 -0.33333 -0.33333  0.00000    -2.8912559     2.6619915     0.1753538    10    12     -0.019336+i*     0.002395
     9BSE eigenvalue    1.79063172      IP-eigenvalue:    3.22372795
  0.00000  0.00000  0.00000    -6.0785256    -2.3708546     0.0000802     9    11     -0.000009+i*     0.000000
  0.00000  0.00000  0.00000    -4.1241113    -2.3708546     0.0000105    10    11      0.000000+i*     0.000001
  0.00000  0.00000  0.00000    -4.1241113     0.4107230     0.0001461    10    12     -0.000002+i*    -0.000016
  0.33333  0.00000  0.00000    -4.5946561    -0.8328566     0.0000427     9    11     -0.000005+i*     0.000000
  0.33333  0.00000  0.00000    -2.8335705    -0.8328566     0.6799260    10    11     -0.012533+i*    -0.074500
  0.33333  0.00000  0.00000    -2.8335705     1.9685811     6.1923281    10    12      0.114146+i*     0.678502
  0.00000  0.33333  0.00000    -5.1496778    -1.5869842     0.0002610     9    11     -0.000029+i*     0.000002
  0.00000  0.33333  0.00000    -3.1203342    -1.5869842     0.0061238    10    11     -0.000017+i*    -0.000680
  0.00000  0.33333  0.00000    -3.1203342     1.1932086     0.1278230    10    12      0.000341+i*     0.014198
  0.33333  0.33333  0.00000    -4.2052738    -0.0464668     0.0000743     9    11      0.000008+i*    -0.000000
  0.33333  0.33333  0.00000    -2.8912559    -0.0464668     0.4993957    10    11     -0.006620+i*     0.055092
  0.33333  0.33333  0.00000    -2.8912559     2.6619915     1.0213548    10    12     -0.013543+i*     0.112673
 -0.33333  0.33333  0.00000    -4.4620760    -0.0451223     0.0000570     9    11     -0.000006+i*     0.000003
 -0.33333  0.33333  0.00000    -3.2688503    -0.0451223     0.1180737    10    11     -0.012785+i*    -0.002941
 -0.33333  0.33333  0.00000    -3.2688503     2.6226298     0.6081799    10    12      0.066062+i*     0.014224
 -0.33333  0.00000  0.00000    -4.5946561    -0.8328566     0.0000427     9    11     -0.000005+i*     0.000000
 -0.33333  0.00000  0.00000    -2.8335705    -0.8328566     0.6799262    10    11     -0.009398+i*     0.074960
 -0.33333  0.00000  0.00000    -2.8335705     1.9685811     6.1923298    10    12      0.085594+i*    -0.682692
  0.00000 -0.33333  0.00000    -5.1496778    -1.5869842     0.0002610     9    11     -0.000029+i*    -0.000001
  0.00000 -0.33333  0.00000    -3.1203342    -1.5869842     0.0061238    10    11      0.000012+i*     0.000680
  0.00000 -0.33333  0.00000    -3.1203342     1.1932086     0.1278230    10    12     -0.000254+i*    -0.014200
  0.33333 -0.33333  0.00000    -4.4620760    -0.0451223     0.0000570     9    11     -0.000006+i*    -0.000002
  0.33333 -0.33333  0.00000    -3.2688503    -0.0451223     0.1180737    10    11     -0.012651+i*     0.003475
  0.33333 -0.33333  0.00000    -3.2688503     2.6226298     0.6081799    10    12      0.065407+i*    -0.016981
 -0.33333 -0.33333  0.00000    -4.2052738    -0.0464668     0.0000743     9    11      0.000008+i*     0.000000
 -0.33333 -0.33333  0.00000    -2.8912559    -0.0464668     0.4993957    10    11     -0.008925+i*    -0.054766
 -0.33333 -0.33333  0.00000    -2.8912559     2.6619915     1.0213550    10    12     -0.018256+i*    -0.112006
    10BSE eigenvalue    1.85396126      IP-eigenvalue:    3.56269363
  0.00000  0.00000  0.00000    -6.0785256    -2.3708546     0.0000012     9    11      0.000000+i*     0.000000
  0.00000  0.00000  0.00000    -4.1241113    -2.3708546     0.1335521    10    11      0.001856+i*     0.014723
  0.00000  0.00000  0.00000    -4.1241113     0.4107230     2.1082919    10    12     -0.028559+i*    -0.232507
  0.33333  0.00000  0.00000    -4.5946561    -0.8328566     0.0000204     9    11     -0.000000+i*     0.000002
  0.33333  0.00000  0.00000    -2.8335705    -0.8328566     0.5974414    10    11     -0.065716+i*     0.009385
  0.33333  0.00000  0.00000    -2.8335705     1.9685811     6.1319595    10    12      0.674485+i*    -0.096329
  0.00000  0.33333  0.00000    -5.1496778    -1.5869842     0.0000680     9    11      0.000001+i*     0.000007
  0.00000  0.33333  0.00000    -3.1203342    -1.5869842     0.0036872    10    11     -0.000410+i*    -0.000000
  0.00000  0.33333  0.00000    -3.1203342     1.1932086     0.1210127    10    12      0.013446+i*     0.000007
  0.33333  0.33333  0.00000    -4.2052738    -0.0464668     0.0000215     9    11      0.000000+i*    -0.000002
  0.33333  0.33333  0.00000    -2.8912559    -0.0464668     0.2564689    10    11      0.028199+i*     0.004107
  0.33333  0.33333  0.00000    -2.8912559     2.6619915     0.3644282    10    12      0.040070+i*     0.005834
 -0.33333  0.33333  0.00000    -4.4620760    -0.0451223     0.0000936     9    11     -0.000004+i*    -0.000009
 -0.33333  0.33333  0.00000    -3.2688503    -0.0451223     0.0658951    10    11      0.001818+i*    -0.007092
 -0.33333  0.33333  0.00000    -3.2688503     2.6226298     0.3052830    10    12     -0.007959+i*     0.032973
 -0.33333  0.00000  0.00000    -4.5946561    -0.8328566     0.0000204     9    11      0.000000+i*    -0.000002
 -0.33333  0.00000  0.00000    -2.8335705    -0.8328566     0.5974412    10    11     -0.065641+i*    -0.009890
 -0.33333  0.00000  0.00000    -2.8335705     1.9685811     6.1319578    10    12      0.673724+i*     0.101514
  0.00000 -0.33333  0.00000    -5.1496778    -1.5869842     0.0000680     9    11      0.000001+i*    -0.000007
  0.00000 -0.33333  0.00000    -3.1203342    -1.5869842     0.0036872    10    11     -0.000410+i*    -0.000003
  0.00000 -0.33333  0.00000    -3.1203342     1.1932086     0.1210127    10    12      0.013446+i*     0.000096
  0.33333 -0.33333  0.00000    -4.4620760    -0.0451223     0.0000936     9    11     -0.000004+i*     0.000009
  0.33333 -0.33333  0.00000    -3.2688503    -0.0451223     0.0658951    10    11      0.001763+i*     0.007106
  0.33333 -0.33333  0.00000    -3.2688503     2.6226298     0.3052832    10    12     -0.007706+i*    -0.033034
 -0.33333 -0.33333  0.00000    -4.2052738    -0.0464668     0.0000215     9    11      0.000000+i*     0.000002
 -0.33333 -0.33333  0.00000    -2.8912559    -0.0464668     0.2564687    10    11      0.028230+i*    -0.003890
 -0.33333 -0.33333  0.00000    -2.8912559     2.6619915     0.3644279    10    12      0.040113+i*    -0.005525
    11BSE eigenvalue    1.97385456      IP-eigenvalue:    3.56269363
  0.00000  0.00000  0.00000    -6.0785256    -2.3708546     0.0000002     9    11      0.000000+i*     0.000000
  0.00000  0.00000  0.00000    -4.1241113    -2.3708546     0.0047006    10    11      0.000091+i*     0.000514
  0.00000  0.00000  0.00000    -4.1241113     0.4107230     0.0070215    10    12      0.000133+i*     0.000769
  0.33333  0.00000  0.00000    -4.5946561    -0.8328566     0.0004046     9    11     -0.000002+i*    -0.000045
  0.33333  0.00000  0.00000    -2.8335705    -0.8328566     0.0300775    10    11      0.003281+i*    -0.000633
  0.33333  0.00000  0.00000    -2.8335705     1.9685811     0.3081387    10    12      0.033617+i*    -0.006492
  0.00000  0.33333  0.00000    -5.1496778    -1.5869842     0.0000481     9    11      0.000001+i*     0.000005
  0.00000  0.33333  0.00000    -3.1203342    -1.5869842     0.0076224    10    11     -0.000846+i*     0.000042
  0.00000  0.33333  0.00000    -3.1203342     1.1932086     0.0037215    10    12      0.000413+i*    -0.000016
  0.33333  0.33333  0.00000    -4.2052738    -0.0464668     0.0001402     9    11     -0.000001+i*    -0.000016
  0.33333  0.33333  0.00000    -2.8912559    -0.0464668     6.3176862    10    11     -0.698760+i*    -0.067005
  0.33333  0.33333  0.00000    -2.8912559     2.6619915     0.6997197    10    12     -0.077392+i*    -0.007422
 -0.33333  0.33333  0.00000    -4.4620760    -0.0451223     0.0000412     9    11      0.000002+i*     0.000004
 -0.33333  0.33333  0.00000    -3.2688503    -0.0451223     0.0062788    10    11      0.000140+i*    -0.000683
 -0.33333  0.33333  0.00000    -3.2688503     2.6226298     0.0326073    10    12     -0.000678+i*     0.003559
 -0.33333  0.00000  0.00000    -4.5946561    -0.8328566     0.0004046     9    11      0.000002+i*     0.000045
 -0.33333  0.00000  0.00000    -2.8335705    -0.8328566     0.0300775    10    11      0.003325+i*     0.000337
 -0.33333  0.00000  0.00000    -2.8335705     1.9685811     0.3081412    10    12      0.034064+i*     0.003451
  0.00000 -0.33333  0.00000    -5.1496778    -1.5869842     0.0000481     9    11      0.000000+i*    -0.000005
  0.00000 -0.33333  0.00000    -3.1203342    -1.5869842     0.0076224    10    11     -0.000846+i*     0.000034
  0.00000 -0.33333  0.00000    -3.1203342     1.1932086     0.0037210    10    12      0.000413+i*    -0.000021
  0.33333 -0.33333  0.00000    -4.4620760    -0.0451223     0.0000412     9    11      0.000002+i*    -0.000004
  0.33333 -0.33333  0.00000    -3.2688503    -0.0451223     0.0062787    10    11      0.000201+i*     0.000668
  0.33333 -0.33333  0.00000    -3.2688503     2.6226298     0.0326071    10    12     -0.000994+i*    -0.003484
 -0.33333 -0.33333  0.00000    -4.2052738    -0.0464668     0.0001402     9    11      0.000001+i*     0.000016
 -0.33333 -0.33333  0.00000    -2.8912559    -0.0464668     6.3177125    10    11     -0.689940+i*     0.129392
 -0.33333 -0.33333  0.00000    -2.8912559     2.6619915     0.6997224    10    12     -0.076415+i*     0.014331
    12BSE eigenvalue    1.97484113      IP-eigenvalue:    3.70767091
  0.00000  0.00000  0.00000    -6.0785256    -2.3708546     0.0001765     9    11      0.000020+i*     0.000000
  0.00000  0.00000  0.00000    -4.1241113    -2.3708546     0.0000013    10    11      0.000000+i*     0.000000
  0.00000  0.00000  0.00000    -4.1241113     0.4107230     0.0000078    10    12     -0.000000+i*    -0.000001
  0.33333  0.00000  0.00000    -4.5946561    -0.8328566     0.0004680     9    11      0.000052+i*    -0.000001
  0.33333  0.00000  0.00000    -2.8335705    -0.8328566     0.0059567    10    11      0.000110+i*     0.000653
  0.33333  0.00000  0.00000    -2.8335705     1.9685811     0.6108207    10    12      0.011269+i*     0.066927
  0.00000  0.33333  0.00000    -5.1496778    -1.5869842     0.0000989     9    11      0.000011+i*    -0.000000
  0.00000  0.33333  0.00000    -3.1203342    -1.5869842     0.0030096    10    11     -0.000009+i*    -0.000334
  0.00000  0.33333  0.00000    -3.1203342     1.1932086     0.1091092    10    12     -0.000302+i*    -0.012119
  0.33333  0.33333  0.00000    -4.2052738    -0.0464668     0.0002143     9    11      0.000024+i*    -0.000000
  0.33333  0.33333  0.00000    -2.8912559    -0.0464668     6.3019512    10    11      0.083499+i*    -0.695220
  0.33333  0.33333  0.00000    -2.8912559     2.6619915     0.6313095    10    12      0.008365+i*    -0.069645
 -0.33333  0.33333  0.00000    -4.4620760    -0.0451223     0.0000764     9    11      0.000008+i*    -0.000004
 -0.33333  0.33333  0.00000    -3.2688503    -0.0451223     0.0100612    10    11     -0.001089+i*    -0.000251
 -0.33333  0.33333  0.00000    -3.2688503     2.6226298     0.0433129    10    12      0.004705+i*     0.001014
 -0.33333  0.00000  0.00000    -4.5946561    -0.8328566     0.0004680     9    11      0.000052+i*    -0.000001
 -0.33333  0.00000  0.00000    -2.8335705    -0.8328566     0.0059566    10    11      0.000082+i*    -0.000657
 -0.33333  0.00000  0.00000    -2.8335705     1.9685811     0.6108194    10    12      0.008454+i*    -0.067340
  0.00000 -0.33333  0.00000    -5.1496778    -1.5869842     0.0000989     9    11      0.000011+i*    -0.000000
  0.00000 -0.33333  0.00000    -3.1203342    -1.5869842     0.0030095    10    11      0.000005+i*     0.000334
  0.00000 -0.33333  0.00000    -3.1203342     1.1932086     0.1091093    10    12      0.000206+i*     0.012122
  0.33333 -0.33333  0.00000    -4.4620760    -0.0451223     0.0000764     9    11      0.000008+i*     0.000003
  0.33333 -0.33333  0.00000    -3.2688503    -0.0451223     0.0100613    10    11     -0.001078+i*     0.000296
  0.33333 -0.33333  0.00000    -3.2688503     2.6226298     0.0433130    10    12      0.004658+i*    -0.001210
 -0.33333 -0.33333  0.00000    -4.2052738    -0.0464668     0.0002143     9    11      0.000024+i*    -0.000001
 -0.33333 -0.33333  0.00000    -2.8912559    -0.0464668     6.3019248    10    11      0.112562+i*     0.691107
 -0.33333 -0.33333  0.00000    -2.8912559     2.6619915     0.6313066    10    12      0.011276+i*     0.069233
    13BSE eigenvalue    2.34454112      IP-eigenvalue:    3.76179942
  0.00000  0.00000  0.00000    -6.0785256    -2.3708546     0.0000087     9    11     -0.000001+i*     0.000000
  0.00000  0.00000  0.00000    -4.1241113    -2.3708546     0.0000018    10    11     -0.000000+i*    -0.000000
  0.00000  0.00000  0.00000    -4.1241113     0.4107230     0.0000270    10    12      0.000000+i*     0.000003
  0.33333  0.00000  0.00000    -4.5946561    -0.8328566     0.0008594     9    11      0.000095+i*    -0.000002
  0.33333  0.00000  0.00000    -2.8335705    -0.8328566     0.0260360    10    11     -0.000480+i*    -0.002853
  0.33333  0.00000  0.00000    -2.8335705     1.9685811     0.2116396    10    12     -0.003901+i*    -0.023190
  0.00000  0.33333  0.00000    -5.1496778    -1.5869842     0.0004032     9    11      0.000045+i*    -0.000001
  0.00000  0.33333  0.00000    -3.1203342    -1.5869842     0.0040436    10    11     -0.000011+i*    -0.000449
  0.00000  0.33333  0.00000    -3.1203342     1.1932086     0.0582735    10    12     -0.000161+i*    -0.006473
  0.33333  0.33333  0.00000    -4.2052738    -0.0464668     0.0001878     9    11      0.000021+i*    -0.000000
  0.33333  0.33333  0.00000    -2.8912559    -0.0464668     0.0040086    10    11      0.000054+i*    -0.000442
  0.33333  0.33333  0.00000    -2.8912559     2.6619915     0.0075986    10    12     -0.000103+i*     0.000838
 -0.33333  0.33333  0.00000    -4.4620760    -0.0451223     0.0001872     9    11      0.000019+i*    -0.000009
 -0.33333  0.33333  0.00000    -3.2688503    -0.0451223     6.2951894    10    11     -0.681624+i*    -0.156975
 -0.33333  0.33333  0.00000    -3.2688503     2.6226298     0.9063151    10    12      0.098441+i*     0.021219
 -0.33333  0.00000  0.00000    -4.5946561    -0.8328566     0.0008594     9    11      0.000095+i*    -0.000002
 -0.33333  0.00000  0.00000    -2.8335705    -0.8328566     0.0260358    10    11     -0.000361+i*     0.002870
 -0.33333  0.00000  0.00000    -2.8335705     1.9685811     0.2116390    10    12     -0.002930+i*     0.023332
  0.00000 -0.33333  0.00000    -5.1496778    -1.5869842     0.0004032     9    11      0.000045+i*    -0.000001
  0.00000 -0.33333  0.00000    -3.1203342    -1.5869842     0.0040437    10    11      0.000008+i*     0.000449
  0.00000 -0.33333  0.00000    -3.1203342     1.1932086     0.0582737    10    12      0.000110+i*     0.006474
  0.33333 -0.33333  0.00000    -4.4620760    -0.0451223     0.0001872     9    11      0.000019+i*     0.000008
  0.33333 -0.33333  0.00000    -3.2688503    -0.0451223     6.2952248    10    11     -0.674485+i*     0.185278
  0.33333 -0.33333  0.00000    -3.2688503     2.6226298     0.9063195    10    12      0.097470+i*    -0.025308
 -0.33333 -0.33333  0.00000    -4.2052738    -0.0464668     0.0001878     9    11      0.000021+i*    -0.000000
 -0.33333 -0.33333  0.00000    -2.8912559    -0.0464668     0.0040087    10    11      0.000072+i*     0.000440
 -0.33333 -0.33333  0.00000    -2.8912559     2.6619915     0.0075990    10    12     -0.000138+i*    -0.000833
    14BSE eigenvalue    2.34659696      IP-eigenvalue:    3.76179942
  0.00000  0.00000  0.00000    -6.0785256    -2.3708546     0.0000228     9    11     -0.000003+i*     0.000000
  0.00000  0.00000  0.00000    -4.1241113    -2.3708546     0.0029928    10    11      0.000050+i*     0.000329
  0.00000  0.00000  0.00000    -4.1241113     0.4107230     0.0224166    10    12      0.000364+i*     0.002464
  0.33333  0.00000  0.00000    -4.5946561    -0.8328566     0.0006355     9    11      0.000001+i*     0.000071
  0.33333  0.00000  0.00000    -2.8335705    -0.8328566     0.0311186    10    11      0.003410+i*    -0.000573
  0.33333  0.00000  0.00000    -2.8335705     1.9685811     0.1100755    10    12      0.012061+i*    -0.002027
  0.00000  0.33333  0.00000    -5.1496778    -1.5869842     0.0000878     9    11      0.000000+i*     0.000010
  0.00000  0.33333  0.00000    -3.1203342    -1.5869842     0.0052998    10    11     -0.000589+i*     0.000014
  0.00000  0.33333  0.00000    -3.1203342     1.1932086     0.0268373    10    12     -0.002981+i*     0.000073
  0.33333  0.33333  0.00000    -4.2052738    -0.0464668     0.0000831     9    11      0.000000+i*     0.000009
  0.33333  0.33333  0.00000    -2.8912559    -0.0464668     0.0126996    10    11     -0.001401+i*    -0.000169
  0.33333  0.33333  0.00000    -2.8912559     2.6619915     0.0717473    10    12      0.007914+i*     0.000956
 -0.33333  0.33333  0.00000    -4.4620760    -0.0451223     0.0001001     9    11     -0.000004+i*    -0.000010
 -0.33333  0.33333  0.00000    -3.2688503    -0.0451223     6.3151204    10    11     -0.157684+i*     0.683733
 -0.33333  0.33333  0.00000    -3.2688503     2.6226298     0.7746500    10    12      0.018164+i*    -0.084134
 -0.33333  0.00000  0.00000    -4.5946561    -0.8328566     0.0006355     9    11     -0.000001+i*    -0.000071
 -0.33333  0.00000  0.00000    -2.8335705    -0.8328566     0.0311188    10    11      0.003431+i*     0.000432
 -0.33333  0.00000  0.00000    -2.8335705     1.9685811     0.1100766    10    12      0.012135+i*     0.001530
  0.00000 -0.33333  0.00000    -5.1496778    -1.5869842     0.0000878     9    11     -0.000000+i*    -0.000010
  0.00000 -0.33333  0.00000    -3.1203342    -1.5869842     0.0052997    10    11     -0.000589+i*     0.000010
  0.00000 -0.33333  0.00000    -3.1203342     1.1932086     0.0268370    10    12     -0.002981+i*     0.000050
  0.33333 -0.33333  0.00000    -4.4620760    -0.0451223     0.0001001     9    11     -0.000004+i*     0.000010
  0.33333 -0.33333  0.00000    -3.2688503    -0.0451223     6.3150851    10    11     -0.185652+i*    -0.676670
  0.33333 -0.33333  0.00000    -3.2688503     2.6226298     0.7746450    10    12      0.021606+i*     0.083316
 -0.33333 -0.33333  0.00000    -4.2052738    -0.0464668     0.0000831     9    11     -0.000000+i*    -0.000009
 -0.33333 -0.33333  0.00000    -2.8912559    -0.0464668     0.0126996    10    11     -0.001393+i*     0.000227
 -0.33333 -0.33333  0.00000    -2.8912559     2.6619915     0.0717472    10    12      0.007868+i*    -0.001280
    15BSE eigenvalue    2.61463579      IP-eigenvalue:    4.15880699
  0.00000  0.00000  0.00000    -6.0785256    -2.3708546     0.0042180     9    11      0.000469+i*     0.000000
  0.00000  0.00000  0.00000    -4.1241113    -2.3708546     0.0000004    10    11      0.000000+i*     0.000000
  0.00000  0.00000  0.00000    -4.1241113     0.4107230     0.0000213    10    12     -0.000000+i*    -0.000002
  0.33333  0.00000  0.00000    -4.5946561    -0.8328566     0.0023817     9    11      0.000265+i*    -0.000005
  0.33333  0.00000  0.00000    -2.8335705    -0.8328566     0.0354611    10    11     -0.000653+i*    -0.003886
  0.33333  0.00000  0.00000    -2.8335705     1.9685811     0.9897124    10    12      0.018242+i*     0.108444
  0.00000  0.33333  0.00000    -5.1496778    -1.5869842     0.0112718     9    11      0.001251+i*    -0.000053
  0.00000  0.33333  0.00000    -3.1203342    -1.5869842     0.0072415    10    11      0.000020+i*     0.000804
  0.00000  0.33333  0.00000    -3.1203342     1.1932086     0.3844848    10    12     -0.001067+i*    -0.042707
  0.33333  0.33333  0.00000    -4.2052738    -0.0464668     0.0009387     9    11      0.000104+i*    -0.000002
  0.33333  0.33333  0.00000    -2.8912559    -0.0464668     0.7254579    10    11     -0.009633+i*     0.080029
  0.33333  0.33333  0.00000    -2.8912559     2.6619915     6.2295739    10    12      0.082724+i*    -0.687214
 -0.33333  0.33333  0.00000    -4.4620760    -0.0451223     0.0008375     9    11      0.000085+i*    -0.000038
 -0.33333  0.33333  0.00000    -3.2688503    -0.0451223     0.0637701    10    11     -0.006905+i*    -0.001589
 -0.33333  0.33333  0.00000    -3.2688503     2.6226298     0.1821053    10    12     -0.019780+i*    -0.004262
 -0.33333  0.00000  0.00000    -4.5946561    -0.8328566     0.0023817     9    11      0.000265+i*    -0.000007
 -0.33333  0.00000  0.00000    -2.8335705    -0.8328566     0.0354611    10    11     -0.000490+i*     0.003910
 -0.33333  0.00000  0.00000    -2.8335705     1.9685811     0.9897131    10    12      0.013681+i*    -0.109114
  0.00000 -0.33333  0.00000    -5.1496778    -1.5869842     0.0112718     9    11      0.001252+i*     0.000000
  0.00000 -0.33333  0.00000    -3.1203342    -1.5869842     0.0072415    10    11     -0.000013+i*    -0.000805
  0.00000 -0.33333  0.00000    -3.1203342     1.1932086     0.3844848    10    12      0.000724+i*     0.042714
  0.33333 -0.33333  0.00000    -4.4620760    -0.0451223     0.0008375     9    11      0.000086+i*     0.000035
  0.33333 -0.33333  0.00000    -3.2688503    -0.0451223     0.0637704    10    11     -0.006832+i*     0.001877
  0.33333 -0.33333  0.00000    -3.2688503     2.6226298     0.1821060    10    12     -0.019584+i*     0.005087
 -0.33333 -0.33333  0.00000    -4.2052738    -0.0464668     0.0009387     9    11      0.000104+i*    -0.000002
 -0.33333 -0.33333  0.00000    -2.8912559    -0.0464668     0.7254593    10    11     -0.012979+i*    -0.079555
 -0.33333 -0.33333  0.00000    -2.8912559     2.6619915     6.2295862    10    12      0.111455+i*     0.683144
    16BSE eigenvalue    2.62760687      IP-eigenvalue:    4.15880699
  0.00000  0.00000  0.00000    -6.0785256    -2.3708546     0.0000330     9    11      0.000004+i*     0.000000
  0.00000  0.00000  0.00000    -4.1241113    -2.3708546     0.0031295    10    11     -0.000054+i*    -0.000344
  0.00000  0.00000  0.00000    -4.1241113     0.4107230     0.1666266    10    12      0.002800+i*     0.018301
  0.33333  0.00000  0.00000    -4.5946561    -0.8328566     0.0005485     9    11     -0.000002+i*    -0.000061
  0.33333  0.00000  0.00000    -2.8335705    -0.8328566     0.0128075    10    11     -0.001402+i*     0.000242
  0.33333  0.00000  0.00000    -2.8335705     1.9685811     0.3560847    10    12      0.038988+i*    -0.006733
  0.00000  0.33333  0.00000    -5.1496778    -1.5869842     0.0041789     9    11      0.000051+i*     0.000462
  0.00000  0.33333  0.00000    -3.1203342    -1.5869842     0.0001730    10    11     -0.000019+i*     0.000001
  0.00000  0.33333  0.00000    -3.1203342     1.1932086     0.0210366    10    12     -0.002336+i*     0.000068
  0.33333  0.33333  0.00000    -4.2052738    -0.0464668     0.0000826     9    11      0.000000+i*     0.000009
  0.33333  0.33333  0.00000    -2.8912559    -0.0464668     0.7170209    10    11      0.079143+i*     0.009142
  0.33333  0.33333  0.00000    -2.8912559     2.6619915     6.3015634    10    12     -0.695548+i*    -0.080347
 -0.33333  0.33333  0.00000    -4.4620760    -0.0451223     0.0003254     9    11      0.000015+i*     0.000033
 -0.33333  0.33333  0.00000    -3.2688503    -0.0451223     0.1095202    10    11     -0.002671+i*     0.011872
 -0.33333  0.33333  0.00000    -3.2688503     2.6226298     0.3506519    10    12     -0.008017+i*     0.038128
 -0.33333  0.00000  0.00000    -4.5946561    -0.8328566     0.0005485     9    11      0.000001+i*     0.000061
 -0.33333  0.00000  0.00000    -2.8335705    -0.8328566     0.0128074    10    11     -0.001413+i*    -0.000170
 -0.33333  0.00000  0.00000    -2.8335705     1.9685811     0.3560828    10    12      0.039283+i*     0.004717
  0.00000 -0.33333  0.00000    -5.1496778    -1.5869842     0.0041789     9    11      0.000027+i*    -0.000464
  0.00000 -0.33333  0.00000    -3.1203342    -1.5869842     0.0001730    10    11     -0.000019+i*     0.000000
  0.00000 -0.33333  0.00000    -3.1203342     1.1932086     0.0210359    10    12     -0.002337+i*     0.000052
  0.33333 -0.33333  0.00000    -4.4620760    -0.0451223     0.0003254     9    11      0.000013+i*    -0.000034
  0.33333 -0.33333  0.00000    -3.2688503    -0.0451223     0.1095200    10    11     -0.003278+i*    -0.011719
  0.33333 -0.33333  0.00000    -3.2688503     2.6226298     0.3506516    10    12     -0.009969+i*    -0.037664
 -0.33333 -0.33333  0.00000    -4.2052738    -0.0464668     0.0000826     9    11     -0.000000+i*    -0.000009
 -0.33333 -0.33333  0.00000    -2.8912559    -0.0464668     0.7170195    10    11      0.078567+i*    -0.013204
 -0.33333 -0.33333  0.00000    -2.8912559     2.6619915     6.3015511    10    12     -0.690488+i*     0.116049
    17BSE eigenvalue    2.67827755      IP-eigenvalue:    4.31354279
  0.00000  0.00000  0.00000    -6.0785256    -2.3708546     0.6785899     9    11     -0.075399+i*     0.000000
  0.00000  0.00000  0.00000    -4.1241113    -2.3708546     0.0000001    10    11     -0.000000+i*    -0.000000
  0.00000  0.00000  0.00000    -4.1241113     0.4107230     0.0000078    10    12      0.000000+i*     0.000001
  0.33333  0.00000  0.00000    -4.5946561    -0.8328566     0.0282435     9    11     -0.003137+i*     0.000065
  0.33333  0.00000  0.00000    -2.8335705    -0.8328566     0.0001068    10    11     -0.000002+i*    -0.000012
  0.33333  0.00000  0.00000    -2.8335705     1.9685811     0.0018226    10    12      0.000037+i*     0.000199
  0.00000  0.33333  0.00000    -5.1496778    -1.5869842     6.3457376     9    11     -0.704928+i*     0.014728
  0.00000  0.33333  0.00000    -3.1203342    -1.5869842     0.0001050    10    11      0.000000+i*     0.000012
  0.00000  0.33333  0.00000    -3.1203342     1.1932086     0.0002364    10    12      0.000001+i*     0.000026
  0.33333  0.33333  0.00000    -4.2052738    -0.0464668     0.0149372     9    11     -0.001659+i*     0.000035
  0.33333  0.33333  0.00000    -2.8912559    -0.0464668     0.0011573    10    11     -0.000011+i*     0.000128
  0.33333  0.33333  0.00000    -2.8912559     2.6619915     0.0111954    10    12      0.000110+i*    -0.001239
 -0.33333  0.33333  0.00000    -4.4620760    -0.0451223     0.0108541     9    11     -0.001098+i*     0.000498
 -0.33333  0.33333  0.00000    -3.2688503    -0.0451223     0.0010421    10    11     -0.000113+i*    -0.000025
 -0.33333  0.33333  0.00000    -3.2688503     2.6226298     0.0038490    10    12     -0.000419+i*    -0.000088
 -0.33333  0.00000  0.00000    -4.5946561    -0.8328566     0.0282435     9    11     -0.003137+i*     0.000067
 -0.33333  0.00000  0.00000    -2.8335705    -0.8328566     0.0001068    10    11     -0.000001+i*     0.000012
 -0.33333  0.00000  0.00000    -2.8335705     1.9685811     0.0018226    10    12      0.000028+i*    -0.000201
  0.00000 -0.33333  0.00000    -5.1496778    -1.5869842     6.3457514     9    11     -0.704928+i*     0.014824
  0.00000 -0.33333  0.00000    -3.1203342    -1.5869842     0.0001050    10    11     -0.000000+i*    -0.000012
  0.00000 -0.33333  0.00000    -3.1203342     1.1932086     0.0002364    10    12     -0.000001+i*    -0.000026
  0.33333 -0.33333  0.00000    -4.4620760    -0.0451223     0.0108541     9    11     -0.001118+i*    -0.000452
  0.33333 -0.33333  0.00000    -3.2688503    -0.0451223     0.0010421    10    11     -0.000112+i*     0.000030
  0.33333 -0.33333  0.00000    -3.2688503     2.6226298     0.0038490    10    12     -0.000415+i*     0.000105
 -0.33333 -0.33333  0.00000    -4.2052738    -0.0464668     0.0149372     9    11     -0.001659+i*     0.000035
 -0.33333 -0.33333  0.00000    -2.8912559    -0.0464668     0.0011574    10    11     -0.000017+i*    -0.000127
 -0.33333 -0.33333  0.00000    -2.8912559     2.6619915     0.0111954    10    12      0.000162+i*     0.001233
    18BSE eigenvalue    2.67919185      IP-eigenvalue:    4.31354279
  0.00000  0.00000  0.00000    -6.0785256    -2.3708546     0.0000016     9    11     -0.000000+i*     0.000000
  0.00000  0.00000  0.00000    -4.1241113    -2.3708546     0.0003781    10    11     -0.000014+i*     0.000040
  0.00000  0.00000  0.00000    -4.1241113     0.4107230     0.0000889    10    12     -0.000003+i*     0.000009
  0.33333  0.00000  0.00000    -4.5946561    -0.8328566     0.0000618     9    11     -0.000003+i*     0.000006
  0.33333  0.00000  0.00000    -2.8335705    -0.8328566     0.0000066    10    11      0.000001+i*    -0.000000
  0.33333  0.00000  0.00000    -2.8335705     1.9685811     0.0002463    10    12     -0.000027+i*    -0.000006
  0.00000  0.33333  0.00000    -5.1496778    -1.5869842     6.3639262     9    11     -0.320602+i*     0.630245
  0.00000  0.33333  0.00000    -3.1203342    -1.5869842     0.0000718    10    11      0.000007+i*     0.000004
  0.00000  0.33333  0.00000    -3.1203342     1.1932086     0.0002493    10    12     -0.000024+i*    -0.000014
  0.33333  0.33333  0.00000    -4.2052738    -0.0464668     0.0189751     9    11     -0.000956+i*     0.001879
  0.33333  0.33333  0.00000    -2.8912559    -0.0464668     0.0004226    10    11     -0.000040+i*    -0.000025
  0.33333  0.33333  0.00000    -2.8912559     2.6619915     0.0041086    10    12      0.000388+i*     0.000240
 -0.33333  0.33333  0.00000    -4.4620760    -0.0451223     0.0123656     9    11     -0.000090+i*     0.001371
 -0.33333  0.33333  0.00000    -3.2688503    -0.0451223     0.0002232    10    11      0.000016+i*    -0.000019
 -0.33333  0.33333  0.00000    -3.2688503     2.6226298     0.0007350    10    12      0.000052+i*    -0.000063
 -0.33333  0.00000  0.00000    -4.5946561    -0.8328566     0.0000617     9    11      0.000003+i*    -0.000006
 -0.33333  0.00000  0.00000    -2.8335705    -0.8328566     0.0000066    10    11      0.000000+i*     0.000001
 -0.33333  0.00000  0.00000    -2.8335705     1.9685811     0.0002463    10    12     -0.000021+i*    -0.000018
  0.00000 -0.33333  0.00000    -5.1496778    -1.5869842     6.3639125     9    11      0.320515+i*    -0.630288
  0.00000 -0.33333  0.00000    -3.1203342    -1.5869842     0.0000718    10    11      0.000007+i*     0.000004
  0.00000 -0.33333  0.00000    -3.1203342     1.1932086     0.0002493    10    12     -0.000025+i*    -0.000011
  0.33333 -0.33333  0.00000    -4.4620760    -0.0451223     0.0123656     9    11      0.001055+i*    -0.000880
  0.33333 -0.33333  0.00000    -3.2688503    -0.0451223     0.0002232    10    11     -0.000006+i*     0.000024
  0.33333 -0.33333  0.00000    -3.2688503     2.6226298     0.0007350    10    12     -0.000021+i*     0.000079
 -0.33333 -0.33333  0.00000    -4.2052738    -0.0464668     0.0189751     9    11      0.000956+i*    -0.001879
 -0.33333 -0.33333  0.00000    -2.8912559    -0.0464668     0.0004226    10    11     -0.000043+i*    -0.000018
 -0.33333 -0.33333  0.00000    -2.8912559     2.6619915     0.0041087    10    12      0.000423+i*     0.000173
    19BSE eigenvalue    2.82505632      IP-eigenvalue:    4.41695368
  0.00000  0.00000  0.00000    -6.0785256    -2.3708546     8.9666188     9    11      0.996291+i*     0.000000
  0.00000  0.00000  0.00000    -4.1241113    -2.3708546     0.0000001    10    11      0.000000+i*     0.000000
  0.00000  0.00000  0.00000    -4.1241113     0.4107230     0.0000016    10    12     -0.000000+i*    -0.000000
  0.33333  0.00000  0.00000    -4.5946561    -0.8328566     0.2621338     9    11      0.029120+i*    -0.000606
  0.33333  0.00000  0.00000    -2.8335705    -0.8328566     0.0000145    10    11      0.000000+i*     0.000002
  0.33333  0.00000  0.00000    -2.8335705     1.9685811     0.0006191    10    12     -0.000012+i*    -0.000068
  0.00000  0.33333  0.00000    -5.1496778    -1.5869842     0.4806343     9    11     -0.053392+i*     0.001116
  0.00000  0.33333  0.00000    -3.1203342    -1.5869842     0.0002082    10    11     -0.000001+i*    -0.000023
  0.00000  0.33333  0.00000    -3.1203342     1.1932086     0.0003859    10    12     -0.000001+i*    -0.000043
  0.33333  0.33333  0.00000    -4.2052738    -0.0464668     0.0098615     9    11      0.001095+i*    -0.000023
  0.33333  0.33333  0.00000    -2.8912559    -0.0464668     0.0000999    10    11      0.000001+i*    -0.000011
  0.33333  0.33333  0.00000    -2.8912559     2.6619915     0.0020743    10    12     -0.000027+i*     0.000229
 -0.33333  0.33333  0.00000    -4.4620760    -0.0451223     0.0059634     9    11      0.000603+i*    -0.000274
 -0.33333  0.33333  0.00000    -3.2688503    -0.0451223     0.0005311    10    11      0.000057+i*     0.000016
 -0.33333  0.33333  0.00000    -3.2688503     2.6226298     0.0035032    10    12      0.000379+i*     0.000091
 -0.33333  0.00000  0.00000    -4.5946561    -0.8328566     0.2621338     9    11      0.029119+i*    -0.000615
 -0.33333  0.00000  0.00000    -2.8335705    -0.8328566     0.0000145    10    11      0.000000+i*    -0.000002
 -0.33333  0.00000  0.00000    -2.8335705     1.9685811     0.0006190    10    12     -0.000009+i*     0.000068
  0.00000 -0.33333  0.00000    -5.1496778    -1.5869842     0.4806343     9    11     -0.053392+i*     0.001123
  0.00000 -0.33333  0.00000    -3.1203342    -1.5869842     0.0002082    10    11      0.000000+i*     0.000023
  0.00000 -0.33333  0.00000    -3.1203342     1.1932086     0.0003859    10    12      0.000001+i*     0.000043
  0.33333 -0.33333  0.00000    -4.4620760    -0.0451223     0.0059634     9    11      0.000614+i*     0.000248
  0.33333 -0.33333  0.00000    -3.2688503    -0.0451223     0.0005312    10    11      0.000056+i*    -0.000018
  0.33333 -0.33333  0.00000    -3.2688503     2.6226298     0.0035035    10    12      0.000374+i*    -0.000107
 -0.33333 -0.33333  0.00000    -4.2052738    -0.0464668     0.0098615     9    11      0.001095+i*    -0.000023
 -0.33333 -0.33333  0.00000    -2.8912559    -0.0464668     0.0000999    10    11      0.000002+i*     0.000011
 -0.33333 -0.33333  0.00000    -2.8912559     2.6619915     0.0020745    10    12     -0.000037+i*    -0.000228
    20BSE eigenvalue    2.87732951      IP-eigenvalue:    4.41695368
  0.00000  0.00000  0.00000    -6.0785256    -2.3708546     0.0000010     9    11     -0.000000+i*     0.000000
  0.00000  0.00000  0.00000    -4.1241113    -2.3708546     0.0000006    10    11     -0.000000+i*    -0.000000
  0.00000  0.00000  0.00000    -4.1241113     0.4107230     0.0000054    10    12     -0.000001+i*    -0.000000
  0.33333  0.00000  0.00000    -4.5946561    -0.8328566     6.3622352     9    11     -0.599626+i*    -0.374402
  0.33333  0.00000  0.00000    -2.8335705    -0.8328566     0.0000003    10    11      0.000000+i*    -0.000000
  0.33333  0.00000  0.00000    -2.8335705     1.9685811     0.0000392    10    12     -0.000001+i*     0.000004
  0.00000  0.33333  0.00000    -5.1496778    -1.5869842     0.0002964     9    11      0.000028+i*     0.000017
  0.00000  0.33333  0.00000    -3.1203342    -1.5869842     0.0000293    10    11      0.000002+i*    -0.000003
  0.00000  0.33333  0.00000    -3.1203342     1.1932086     0.0001447    10    12      0.000008+i*    -0.000014
  0.33333  0.33333  0.00000    -4.2052738    -0.0464668     0.1274262     9    11     -0.012011+i*    -0.007497
  0.33333  0.33333  0.00000    -2.8912559    -0.0464668     0.0003411    10    11      0.000024+i*    -0.000029
  0.33333  0.33333  0.00000    -2.8912559     2.6619915     0.0006189    10    12      0.000044+i*    -0.000053
 -0.33333  0.33333  0.00000    -4.4620760    -0.0451223     0.0745207     9    11      0.008183+i*     0.001262
 -0.33333  0.33333  0.00000    -3.2688503    -0.0451223     0.0006712    10    11      0.000051+i*     0.000054
 -0.33333  0.33333  0.00000    -3.2688503     2.6226298     0.0002712    10    12      0.000019+i*     0.000023
 -0.33333  0.00000  0.00000    -4.5946561    -0.8328566     6.3622622     9    11      0.599742+i*     0.374223
 -0.33333  0.00000  0.00000    -2.8335705    -0.8328566     0.0000003    10    11      0.000000+i*    -0.000000
 -0.33333  0.00000  0.00000    -2.8335705     1.9685811     0.0000392    10    12     -0.000003+i*     0.000003
  0.00000 -0.33333  0.00000    -5.1496778    -1.5869842     0.0002965     9    11     -0.000028+i*    -0.000018
  0.00000 -0.33333  0.00000    -3.1203342    -1.5869842     0.0000293    10    11      0.000002+i*    -0.000003
  0.00000 -0.33333  0.00000    -3.1203342     1.1932086     0.0001447    10    12      0.000009+i*    -0.000013
  0.33333 -0.33333  0.00000    -4.4620760    -0.0451223     0.0745204     9    11     -0.004728+i*    -0.006797
  0.33333 -0.33333  0.00000    -3.2688503    -0.0451223     0.0006712    10    11     -0.000071+i*    -0.000022
  0.33333 -0.33333  0.00000    -3.2688503     2.6226298     0.0002711    10    12     -0.000029+i*    -0.000007
 -0.33333 -0.33333  0.00000    -4.2052738    -0.0464668     0.1274267     9    11      0.012011+i*     0.007497
 -0.33333 -0.33333  0.00000    -2.8912559    -0.0464668     0.0003411    10    11      0.000015+i*    -0.000035
 -0.33333 -0.33333  0.00000    -2.8912559     2.6619915     0.0006190    10    12      0.000029+i*    -0.000063
    21BSE eigenvalue    2.87781957      IP-eigenvalue:    4.53483427
  0.00000  0.00000  0.00000    -6.0785256    -2.3708546     0.3730046     9    11     -0.041445+i*     0.000000
  0.00000  0.00000  0.00000    -4.1241113    -2.3708546     0.0000000    10    11     -0.000000+i*    -0.000000
  0.00000  0.00000  0.00000    -4.1241113     0.4107230     0.0000011    10    12      0.000000+i*     0.000000
  0.33333  0.00000  0.00000    -4.5946561    -0.8328566     6.3568921     9    11      0.706168+i*    -0.014695
  0.33333  0.00000  0.00000    -2.8335705    -0.8328566     0.0000945    10    11      0.000002+i*     0.000010
  0.33333  0.00000  0.00000    -2.8335705     1.9685811     0.0032723    10    12     -0.000060+i*    -0.000359
  0.00000  0.33333  0.00000    -5.1496778    -1.5869842     0.0087751     9    11     -0.000975+i*     0.000021
  0.00000  0.33333  0.00000    -3.1203342    -1.5869842     0.0000350    10    11      0.000000+i*     0.000004
  0.00000  0.33333  0.00000    -3.1203342     1.1932086     0.0014513    10    12     -0.000004+i*    -0.000161
  0.33333  0.33333  0.00000    -4.2052738    -0.0464668     0.1196112     9    11      0.013287+i*    -0.000278
  0.33333  0.33333  0.00000    -2.8912559    -0.0464668     0.0003125    10    11     -0.000004+i*     0.000034
  0.33333  0.33333  0.00000    -2.8912559     2.6619915     0.0008814    10    12     -0.000013+i*     0.000097
 -0.33333  0.33333  0.00000    -4.4620760    -0.0451223     0.0705133     9    11      0.007135+i*    -0.003238
 -0.33333  0.33333  0.00000    -3.2688503    -0.0451223     0.0058246    10    11      0.000631+i*     0.000145
 -0.33333  0.33333  0.00000    -3.2688503     2.6226298     0.0335319    10    12      0.003642+i*     0.000784
 -0.33333  0.00000  0.00000    -4.5946561    -0.8328566     6.3568651     9    11      0.706161+i*    -0.014908
 -0.33333  0.00000  0.00000    -2.8335705    -0.8328566     0.0000945    10    11      0.000001+i*    -0.000010
 -0.33333  0.00000  0.00000    -2.8335705     1.9685811     0.0032723    10    12     -0.000045+i*     0.000361
  0.00000 -0.33333  0.00000    -5.1496778    -1.5869842     0.0087751     9    11     -0.000975+i*     0.000020
  0.00000 -0.33333  0.00000    -3.1203342    -1.5869842     0.0000350    10    11      0.000000+i*    -0.000004
  0.00000 -0.33333  0.00000    -3.1203342     1.1932086     0.0014513    10    12      0.000003+i*     0.000161
  0.33333 -0.33333  0.00000    -4.4620760    -0.0451223     0.0705136     9    11      0.007264+i*     0.002936
  0.33333 -0.33333  0.00000    -3.2688503    -0.0451223     0.0058246    10    11      0.000624+i*    -0.000171
  0.33333 -0.33333  0.00000    -3.2688503     2.6226298     0.0335319    10    12      0.003606+i*    -0.000936
 -0.33333 -0.33333  0.00000    -4.2052738    -0.0464668     0.1196106     9    11      0.013287+i*    -0.000279
 -0.33333 -0.33333  0.00000    -2.8912559    -0.0464668     0.0003125    10    11     -0.000006+i*    -0.000034
 -0.33333 -0.33333  0.00000    -2.8912559     2.6619915     0.0008814    10    12     -0.000017+i*    -0.000097
    22BSE eigenvalue    2.90037616      IP-eigenvalue:    4.80215164
  0.00000  0.00000  0.00000    -6.0785256    -2.3708546     0.0033282     9    11      0.000370+i*     0.000000
  0.00000  0.00000  0.00000    -4.1241113    -2.3708546     0.0000006    10    11     -0.000000+i*    -0.000000
  0.00000  0.00000  0.00000    -4.1241113     0.4107230     0.0000661    10    12     -0.000001+i*    -0.000007
  0.33333  0.00000  0.00000    -4.5946561    -0.8328566     0.0343206     9    11      0.003813+i*    -0.000077
  0.33333  0.00000  0.00000    -2.8335705    -0.8328566     0.0156504    10    11     -0.000289+i*    -0.001715
  0.33333  0.00000  0.00000    -2.8335705     1.9685811     0.5492015    10    12      0.010125+i*     0.060177
  0.00000  0.33333  0.00000    -5.1496778    -1.5869842     0.0033219     9    11      0.000369+i*    -0.000008
  0.00000  0.33333  0.00000    -3.1203342    -1.5869842     0.0030829    10    11     -0.000009+i*    -0.000342
  0.00000  0.33333  0.00000    -3.1203342     1.1932086     0.2233960    10    12      0.000620+i*     0.024814
  0.33333  0.33333  0.00000    -4.2052738    -0.0464668     0.0016754     9    11     -0.000186+i*     0.000004
  0.33333  0.33333  0.00000    -2.8912559    -0.0464668     0.0186604    10    11      0.000248+i*    -0.002058
  0.33333  0.33333  0.00000    -2.8912559     2.6619915     0.2639216    10    12     -0.003507+i*     0.029114
 -0.33333  0.33333  0.00000    -4.4620760    -0.0451223     0.0005705     9    11     -0.000057+i*     0.000028
 -0.33333  0.33333  0.00000    -3.2688503    -0.0451223     0.9218336    10    11     -0.099817+i*    -0.022969
 -0.33333  0.33333  0.00000    -3.2688503     2.6226298     6.2631634    10    12     -0.680308+i*    -0.146518
 -0.33333  0.00000  0.00000    -4.5946561    -0.8328566     0.0343206     9    11      0.003812+i*    -0.000083
 -0.33333  0.00000  0.00000    -2.8335705    -0.8328566     0.0156504    10    11     -0.000216+i*     0.001725
 -0.33333  0.00000  0.00000    -2.8335705     1.9685811     0.5492012    10    12      0.007593+i*    -0.060548
  0.00000 -0.33333  0.00000    -5.1496778    -1.5869842     0.0033219     9    11      0.000369+i*    -0.000007
  0.00000 -0.33333  0.00000    -3.1203342    -1.5869842     0.0030829    10    11      0.000006+i*     0.000342
  0.00000 -0.33333  0.00000    -3.1203342     1.1932086     0.2233961    10    12     -0.000421+i*    -0.024818
  0.33333 -0.33333  0.00000    -4.4620760    -0.0451223     0.0005705     9    11     -0.000058+i*    -0.000026
  0.33333 -0.33333  0.00000    -3.2688503    -0.0451223     0.9218341    10    11     -0.098767+i*     0.027133
  0.33333 -0.33333  0.00000    -3.2688503     2.6226298     6.2631672    10    12     -0.673568+i*     0.174908
 -0.33333 -0.33333  0.00000    -4.2052738    -0.0464668     0.0016754     9    11     -0.000186+i*     0.000004
 -0.33333 -0.33333  0.00000    -2.8912559    -0.0464668     0.0186604    10    11      0.000334+i*     0.002046
 -0.33333 -0.33333  0.00000    -2.8912559     2.6619915     0.2639219    10    12     -0.004724+i*    -0.028942
    23BSE eigenvalue    2.98626999      IP-eigenvalue:    4.80215164
  0.00000  0.00000  0.00000    -6.0785256    -2.3708546     0.0001193     9    11      0.000013+i*     0.000000
  0.00000  0.00000  0.00000    -4.1241113    -2.3708546     0.0011644    10    11     -0.000019+i*    -0.000128
  0.00000  0.00000  0.00000    -4.1241113     0.4107230     0.1234258    10    12      0.001984+i*     0.013570
  0.33333  0.00000  0.00000    -4.5946561    -0.8328566     0.0004067     9    11     -0.000001+i*    -0.000045
  0.33333  0.00000  0.00000    -2.8335705    -0.8328566     0.0088269    10    11     -0.000967+i*     0.000161
  0.33333  0.00000  0.00000    -2.8335705     1.9685811     0.3469403    10    12      0.038026+i*    -0.006328
  0.00000  0.33333  0.00000    -5.1496778    -1.5869842     0.0005292     9    11     -0.000002+i*    -0.000059
  0.00000  0.33333  0.00000    -3.1203342    -1.5869842     0.0008017    10    11      0.000089+i*    -0.000002
  0.00000  0.33333  0.00000    -3.1203342     1.1932086     0.1117463    10    12     -0.012413+i*     0.000287
  0.33333  0.33333  0.00000    -4.2052738    -0.0464668     0.0011055     9    11      0.000002+i*     0.000123
  0.33333  0.33333  0.00000    -2.8912559    -0.0464668     0.0227686    10    11      0.002511+i*     0.000307
  0.33333  0.33333  0.00000    -2.8912559     2.6619915     0.3396100    10    12     -0.037456+i*    -0.004577
 -0.33333  0.33333  0.00000    -4.4620760    -0.0451223     0.0001090     9    11      0.000007+i*     0.000010
 -0.33333  0.33333  0.00000    -3.2688503    -0.0451223     0.7751279    10    11      0.019467+i*    -0.083896
 -0.33333  0.33333  0.00000    -3.2688503     2.6226298     6.2962524    10    12      0.148551+i*    -0.683630
 -0.33333  0.00000  0.00000    -4.5946561    -0.8328566     0.0004067     9    11      0.000000+i*     0.000045
 -0.33333  0.00000  0.00000    -2.8335705    -0.8328566     0.0088269    10    11     -0.000973+i*    -0.000124
 -0.33333  0.00000  0.00000    -2.8335705     1.9685811     0.3469406    10    12      0.038240+i*     0.004869
  0.00000 -0.33333  0.00000    -5.1496778    -1.5869842     0.0005292     9    11      0.000000+i*     0.000059
  0.00000 -0.33333  0.00000    -3.1203342    -1.5869842     0.0008017    10    11      0.000089+i*    -0.000001
  0.00000 -0.33333  0.00000    -3.1203342     1.1932086     0.1117462    10    12     -0.012415+i*     0.000188
  0.33333 -0.33333  0.00000    -4.4620760    -0.0451223     0.0001090     9    11      0.000007+i*    -0.000010
  0.33333 -0.33333  0.00000    -3.2688503    -0.0451223     0.7751274    10    11      0.022661+i*     0.083091
  0.33333 -0.33333  0.00000    -3.2688503     2.6226298     6.2962487    10    12      0.174585+i*     0.677449
 -0.33333 -0.33333  0.00000    -4.2052738    -0.0464668     0.0011055     9    11     -0.000002+i*    -0.000123
 -0.33333 -0.33333  0.00000    -2.8912559    -0.0464668     0.0227686    10    11      0.002498+i*    -0.000403
 -0.33333 -0.33333  0.00000    -2.8912559     2.6619915     0.3396098    10    12     -0.037253+i*     0.006006
    24BSE eigenvalue    3.27605327      IP-eigenvalue:    5.55324738
  0.00000  0.00000  0.00000    -6.0785256    -2.3708546     0.0000000     9    11      0.000000+i*     0.000000
  0.00000  0.00000  0.00000    -4.1241113    -2.3708546     0.0000246    10    11      0.000002+i*    -0.000002
  0.00000  0.00000  0.00000    -4.1241113     0.4107230     0.0000575    10    12      0.000005+i*    -0.000004
  0.33333  0.00000  0.00000    -4.5946561    -0.8328566     0.1274524     9    11     -0.011429+i*     0.008362
  0.33333  0.00000  0.00000    -2.8335705    -0.8328566     0.0001616    10    11     -0.000013+i*    -0.000013
  0.33333  0.00000  0.00000    -2.8335705     1.9685811     0.0000070    10    12      0.000001+i*     0.000000
  0.00000  0.33333  0.00000    -5.1496778    -1.5869842     0.0189671     9    11     -0.001701+i*     0.001245
  0.00000  0.33333  0.00000    -3.1203342    -1.5869842     0.0000005    10    11     -0.000000+i*    -0.000000
  0.00000  0.33333  0.00000    -3.1203342     1.1932086     0.0000860    10    12      0.000007+i*     0.000007
  0.33333  0.33333  0.00000    -4.2052738    -0.0464668     6.3626259     9    11      0.570487+i*    -0.417534
  0.33333  0.33333  0.00000    -2.8912559    -0.0464668     0.0001414    10    11      0.000007+i*     0.000014
  0.33333  0.33333  0.00000    -2.8912559     2.6619915     0.0001291    10    12     -0.000007+i*    -0.000013
 -0.33333  0.33333  0.00000    -4.4620760    -0.0451223     0.0014926     9    11     -0.000084+i*     0.000143
 -0.33333  0.33333  0.00000    -3.2688503    -0.0451223     0.0000630    10    11      0.000006+i*    -0.000003
 -0.33333  0.33333  0.00000    -3.2688503     2.6226298     0.0011132    10    12      0.000114+i*    -0.000048
 -0.33333  0.00000  0.00000    -4.5946561    -0.8328566     0.1274535     9    11      0.011426+i*    -0.008366
 -0.33333  0.00000  0.00000    -2.8335705    -0.8328566     0.0001616    10    11     -0.000008+i*    -0.000016
 -0.33333  0.00000  0.00000    -2.8335705     1.9685811     0.0000070    10    12      0.000000+i*     0.000001
  0.00000 -0.33333  0.00000    -5.1496778    -1.5869842     0.0189672     9    11      0.001701+i*    -0.001245
  0.00000 -0.33333  0.00000    -3.1203342    -1.5869842     0.0000005    10    11     -0.000000+i*    -0.000000
  0.00000 -0.33333  0.00000    -3.1203342     1.1932086     0.0000860    10    12      0.000005+i*     0.000008
  0.33333 -0.33333  0.00000    -4.4620760    -0.0451223     0.0014927     9    11      0.000162+i*    -0.000037
  0.33333 -0.33333  0.00000    -3.2688503    -0.0451223     0.0000630    10    11     -0.000004+i*     0.000005
  0.33333 -0.33333  0.00000    -3.2688503     2.6226298     0.0011132    10    12     -0.000080+i*     0.000094
 -0.33333 -0.33333  0.00000    -4.2052738    -0.0464668     6.3626863     9    11     -0.570472+i*     0.417566
 -0.33333 -0.33333  0.00000    -2.8912559    -0.0464668     0.0001414    10    11      0.000011+i*     0.000011
 -0.33333 -0.33333  0.00000    -2.8912559     2.6619915     0.0001291    10    12     -0.000010+i*    -0.000010
    25BSE eigenvalue    3.27643654      IP-eigenvalue:    5.55324738
  0.00000  0.00000  0.00000    -6.0785256    -2.3708546     0.0084732     9    11     -0.000941+i*     0.000000
  0.00000  0.00000  0.00000    -4.1241113    -2.3708546     0.0000000    10    11      0.000000+i*     0.000000
  0.00000  0.00000  0.00000    -4.1241113     0.4107230     0.0000009    10    12     -0.000000+i*    -0.000000
  0.33333  0.00000  0.00000    -4.5946561    -0.8328566     0.1199023     9    11     -0.013320+i*     0.000277
  0.33333  0.00000  0.00000    -2.8335705    -0.8328566     0.0001621    10    11     -0.000003+i*    -0.000018
  0.33333  0.00000  0.00000    -2.8335705     1.9685811     0.0000342    10    12     -0.000001+i*    -0.000004
  0.00000  0.33333  0.00000    -5.1496778    -1.5869842     0.0139792     9    11     -0.001553+i*     0.000032
  0.00000  0.33333  0.00000    -3.1203342    -1.5869842     0.0000044    10    11      0.000000+i*     0.000000
  0.00000  0.33333  0.00000    -3.1203342     1.1932086     0.0002801    10    12     -0.000002+i*    -0.000031
  0.33333  0.33333  0.00000    -4.2052738    -0.0464668     6.3628392     9    11      0.706827+i*    -0.014798
  0.33333  0.33333  0.00000    -2.8912559    -0.0464668     0.0000948    10    11     -0.000001+i*     0.000010
  0.33333  0.33333  0.00000    -2.8912559     2.6619915     0.0009770    10    12     -0.000013+i*     0.000108
 -0.33333  0.33333  0.00000    -4.4620760    -0.0451223     0.0068967     9    11     -0.000698+i*     0.000317
 -0.33333  0.33333  0.00000    -3.2688503    -0.0451223     0.0001557    10    11     -0.000017+i*    -0.000004
 -0.33333  0.33333  0.00000    -3.2688503     2.6226298     0.0023169    10    12     -0.000252+i*    -0.000054
 -0.33333  0.00000  0.00000    -4.5946561    -0.8328566     0.1199011     9    11     -0.013319+i*     0.000281
 -0.33333  0.00000  0.00000    -2.8335705    -0.8328566     0.0001621    10    11     -0.000002+i*     0.000018
 -0.33333  0.00000  0.00000    -2.8335705     1.9685811     0.0000342    10    12     -0.000001+i*     0.000004
  0.00000 -0.33333  0.00000    -5.1496778    -1.5869842     0.0139790     9    11     -0.001553+i*     0.000033
  0.00000 -0.33333  0.00000    -3.1203342    -1.5869842     0.0000044    10    11      0.000000+i*    -0.000000
  0.00000 -0.33333  0.00000    -3.1203342     1.1932086     0.0002801    10    12     -0.000001+i*     0.000031
  0.33333 -0.33333  0.00000    -4.4620760    -0.0451223     0.0068967     9    11     -0.000710+i*    -0.000287
  0.33333 -0.33333  0.00000    -3.2688503    -0.0451223     0.0001557    10    11     -0.000017+i*     0.000005
  0.33333 -0.33333  0.00000    -3.2688503     2.6226298     0.0023169    10    12     -0.000249+i*     0.000065
 -0.33333 -0.33333  0.00000    -4.2052738    -0.0464668     6.3627788     9    11      0.706820+i*    -0.014833
 -0.33333 -0.33333  0.00000    -2.8912559    -0.0464668     0.0000948    10    11     -0.000002+i*    -0.000010
 -0.33333 -0.33333  0.00000    -2.8912559     2.6619915     0.0009770    10    12     -0.000017+i*    -0.000107
    26BSE eigenvalue    3.53292325      IP-eigenvalue:    5.89148012
  0.00000  0.00000  0.00000    -6.0785256    -2.3708546     0.0000037     9    11     -0.000000+i*     0.000000
  0.00000  0.00000  0.00000    -4.1241113    -2.3708546     0.0000246    10    11      0.000000+i*     0.000003
  0.00000  0.00000  0.00000    -4.1241113     0.4107230     0.0001209    10    12      0.000002+i*     0.000013
  0.33333  0.00000  0.00000    -4.5946561    -0.8328566     0.0744763     9    11     -0.000278+i*    -0.008270
  0.33333  0.00000  0.00000    -2.8335705    -0.8328566     0.0001384    10    11     -0.000015+i*     0.000003
  0.33333  0.00000  0.00000    -2.8335705     1.9685811     0.0000689    10    12     -0.000008+i*     0.000001
  0.00000  0.33333  0.00000    -5.1496778    -1.5869842     0.0123745     9    11      0.000046+i*     0.001374
  0.00000  0.33333  0.00000    -3.1203342    -1.5869842     0.0000040    10    11      0.000000+i*    -0.000000
  0.00000  0.33333  0.00000    -3.1203342     1.1932086     0.0000616    10    12      0.000007+i*    -0.000000
  0.33333  0.33333  0.00000    -4.2052738    -0.0464668     0.0029477     9    11     -0.000011+i*    -0.000327
  0.33333  0.33333  0.00000    -2.8912559    -0.0464668     0.0000050    10    11     -0.000001+i*    -0.000000
  0.33333  0.33333  0.00000    -2.8912559     2.6619915     0.0003228    10    12     -0.000036+i*    -0.000004
 -0.33333  0.33333  0.00000    -4.4620760    -0.0451223     6.3634587     9    11     -0.300055+i*    -0.640225
 -0.33333  0.33333  0.00000    -3.2688503    -0.0451223     0.0000976    10    11      0.000002+i*    -0.000011
 -0.33333  0.33333  0.00000    -3.2688503     2.6226298     0.0000810    10    12     -0.000000+i*    -0.000009
 -0.33333  0.00000  0.00000    -4.5946561    -0.8328566     0.0744751     9    11      0.000276+i*     0.008270
 -0.33333  0.00000  0.00000    -2.8335705    -0.8328566     0.0001384    10    11     -0.000015+i*    -0.000002
 -0.33333  0.00000  0.00000    -2.8335705     1.9685811     0.0000689    10    12     -0.000008+i*    -0.000001
  0.00000 -0.33333  0.00000    -5.1496778    -1.5869842     0.0123746     9    11     -0.000046+i*    -0.001374
  0.00000 -0.33333  0.00000    -3.1203342    -1.5869842     0.0000040    10    11      0.000000+i*    -0.000000
  0.00000 -0.33333  0.00000    -3.1203342     1.1932086     0.0000616    10    12      0.000007+i*    -0.000000
  0.33333 -0.33333  0.00000    -4.4620760    -0.0451223     6.3635663     9    11     -0.256548+i*     0.658879
  0.33333 -0.33333  0.00000    -3.2688503    -0.0451223     0.0000976    10    11      0.000003+i*     0.000010
  0.33333 -0.33333  0.00000    -3.2688503     2.6226298     0.0000810    10    12      0.000000+i*     0.000009
 -0.33333 -0.33333  0.00000    -4.2052738    -0.0464668     0.0029478     9    11      0.000011+i*     0.000327
 -0.33333 -0.33333  0.00000    -2.8912559    -0.0464668     0.0000050    10    11     -0.000001+i*     0.000000
 -0.33333 -0.33333  0.00000    -2.8912559     2.6619915     0.0003228    10    12     -0.000035+i*     0.000006
    27BSE eigenvalue    3.53337565      IP-eigenvalue:    5.89148012
  0.00000  0.00000  0.00000    -6.0785256    -2.3708546     0.0054365     9    11      0.000604+i*     0.000000
  0.00000  0.00000  0.00000    -4.1241113    -2.3708546     0.0000031    10    11      0.000000+i*     0.000000
  0.00000  0.00000  0.00000    -4.1241113     0.4107230     0.0000160    10    12      0.000000+i*     0.000002
  0.33333  0.00000  0.00000    -4.5946561    -0.8328566     0.0708599     9    11      0.007872+i*    -0.000166
  0.33333  0.00000  0.00000    -2.8335705    -0.8328566     0.0001368    10    11     -0.000003+i*    -0.000015
  0.33333  0.00000  0.00000    -2.8335705     1.9685811     0.0000320    10    12     -0.000001+i*    -0.000004
  0.00000  0.33333  0.00000    -5.1496778    -1.5869842     0.0102926     9    11      0.001143+i*    -0.000024
  0.00000  0.33333  0.00000    -3.1203342    -1.5869842     0.0000001    10    11      0.000000+i*    -0.000000
  0.00000  0.33333  0.00000    -3.1203342     1.1932086     0.0002308    10    12      0.000001+i*     0.000026
  0.33333  0.33333  0.00000    -4.2052738    -0.0464668     0.0055355     9    11     -0.000615+i*     0.000013
  0.33333  0.33333  0.00000    -2.8912559    -0.0464668     0.0000130    10    11     -0.000000+i*     0.000001
  0.33333  0.33333  0.00000    -2.8912559     2.6619915     0.0008532    10    12      0.000011+i*    -0.000094
 -0.33333  0.33333  0.00000    -4.4620760    -0.0451223     6.3636082     9    11     -0.643948+i*     0.292021
 -0.33333  0.33333  0.00000    -3.2688503    -0.0451223     0.0000435    10    11     -0.000005+i*    -0.000001
 -0.33333  0.33333  0.00000    -3.2688503     2.6226298     0.0009524    10    12      0.000104+i*     0.000020
 -0.33333  0.00000  0.00000    -4.5946561    -0.8328566     0.0708612     9    11      0.007872+i*    -0.000164
 -0.33333  0.00000  0.00000    -2.8335705    -0.8328566     0.0001368    10    11     -0.000002+i*     0.000015
 -0.33333  0.00000  0.00000    -2.8335705     1.9685811     0.0000320    10    12     -0.000000+i*     0.000004
  0.00000 -0.33333  0.00000    -5.1496778    -1.5869842     0.0102924     9    11      0.001143+i*    -0.000024
  0.00000 -0.33333  0.00000    -3.1203342    -1.5869842     0.0000001    10    11      0.000000+i*     0.000000
  0.00000 -0.33333  0.00000    -3.1203342     1.1932086     0.0002308    10    12     -0.000000+i*    -0.000026
  0.33333 -0.33333  0.00000    -4.4620760    -0.0451223     6.3635007     9    11     -0.655608+i*    -0.264776
  0.33333 -0.33333  0.00000    -3.2688503    -0.0451223     0.0000435    10    11     -0.000005+i*     0.000001
  0.33333 -0.33333  0.00000    -3.2688503     2.6226298     0.0009524    10    12      0.000103+i*    -0.000024
 -0.33333 -0.33333  0.00000    -4.2052738    -0.0464668     0.0055354     9    11     -0.000615+i*     0.000013
 -0.33333 -0.33333  0.00000    -2.8912559    -0.0464668     0.0000130    10    11     -0.000000+i*    -0.000001
 -0.33333 -0.33333  0.00000    -2.8912559     2.6619915     0.0008532    10    12      0.000015+i*     0.000094
