# shape 27 27
# i j real imag
     1      1  2.7889173751197918e+00 -8.4155102643957767e-11
     1      2  1.9474797908198423e-10  1.0199902513955228e-09
     1      3  8.2977117270241680e-10 -5.6285828060659496e-10
     1      4 -1.6253709675187475e-03 -3.3822910522486993e-05
     1      5 -1.8349811827770605e-09  1.0100596682611899e-08
     1      6 -1.3623399192576647e-11  5.3270525301199611e-09
     1      7 -8.1093960279184918e-03 -1.6944218491241162e-04
     1      8 -1.4175442575526806e-06  5.6472254148004024e-05
     1      9 -9.2000669655405624e-07  3.6694856630560741e-05
     1     10 -3.5628099329975701e-04 -7.4587837053761124e-06
     1     11 -7.1717059643499912e-07 -5.9619071466655044e-06
     1     12 -3.1684771879229506e-06 -2.6352493146806073e-05
     1     13 -3.1034597471775948e-04 -1.4096967027781094e-04
     1     14 -6.5780620945215670e-06  7.9651404141670529e-07
     1     15  1.6886959151382708e-05 -2.0033293437305305e-06
     1     16 -1.6253606620157323e-03 -3.4315012205320799e-05
     1     17 -1.4097856094064785e-09 -1.0125032019328580e-08
     1     18  2.4629552478026452e-10 -4.1282163548517064e-09
     1     19 -8.1093735150130804e-03 -1.7051628903654904e-04
     1     20  9.5008671339421495e-07 -5.6482151272561798e-05
     1     21  6.1917515370264825e-07 -3.6702753809044368e-05
     1     22 -3.1593693456711028e-04  1.2782241855295904e-04
     1     23 -6.6995788081745282e-06 -1.1158390546588332e-06
     1     24  2.3424552050790797e-05  4.4313628045824002e-06
     1     25 -3.5628060845486087e-04 -7.4770495891361690e-06
     1     26 -9.6639414030534976e-07  5.9266535622272795e-06
     1     27 -4.2708884523674735e-06  2.6197740636947076e-05
     2      1  1.8434668922142620e-10 -1.0184157178968520e-09
     2      2  8.3687352211848753e-01 -7.6224606873333031e-11
     2      3 -7.6704962101574167e-02  2.4657791436098427e-04
     2      4 -9.4871384771658582e-09  1.1945555257002310e-09
     2      5  2.7497953168786864e-05 -1.6774127080846787e-03
     2      6  3.0019327618665756e-05 -1.8311741715002676e-03
     2      7  4.9250610032510961e-05 -6.4062327028205496e-06
     2      8  9.6936436964728252e-04  7.7055613547980743e-03
     2      9  3.9098527650361292e-04  3.1065396116778639e-03
     2     10  4.8768985149818325e-06 -6.3427499683237435e-07
     2     11 -1.3355045980507625e-04 -4.8266468426030808e-04
     2     12 -2.2924103276698767e-04 -8.2848878595328688e-04
     2     13 -6.3992512808031433e-06 -2.5989938060000227e-06
     2     14  4.5090178547002271e-04 -1.7813395559190508e-04
     2     15 -7.8224677032904112e-04  2.9710891899437325e-04
     2     16  9.5879418021637829e-09 -1.2872868742978964e-09
     2     17 -4.5547596691976588e-04 -1.6146241651023984e-03
     2     18 -4.9722779858006800e-04 -1.7626293995035456e-03
     2     19 -4.9251387073861502e-05  6.3994142547415743e-06
     2     20  1.0330668233940513e-03  7.6972798123550925e-03
     2     21  4.1631149888280989e-04  3.1032473871198869e-03
     2     22  5.5401754241912724e-06 -4.1599107434091214e-06
     2     23 -4.8140078814995062e-04 -5.6916227899642410e-05
     2     24  8.3178486378601051e-04  8.7178000558651877e-05
     2     25 -4.8768509346096638e-06  6.3374230484585367e-07
     2     26  5.7002894987580116e-06 -5.0076783886067997e-04
     2     27  9.7878547945367174e-06 -8.5956318796485574e-04
     3      1  8.3090675343595790e-10  5.6269011226976346e-10
     3      2 -7.6704962101588142e-02 -2.4657791002293249e-04
     3      3  1.2390150380338061e+00  2.4229265359827347e-12
     3      4 -4.5358864924326981e-09  2.7015104111653549e-09
     3      5  3.6224236232315960e-05 -1.8473297879176205e-03
     3      6  1.1780166876013748e-03 -6.0074916986399746e-02
     3      7  2.6253412795379548e-05 -3.3294021001304980e-06
     3      8  3.9549971942014108e-04  3.2275973751535649e-03
     3      9  1.2695116718876850e-02  1.0355371642295930e-01
     3     10  1.6001596989780261e-05 -2.0293993198368281e-06
     3     11 -2.4463289447947150e-04 -8.9531785808961181e-04
     3     12 -6.7693699262016856e-03 -2.4774412598269388e-02
     3     13 -2.2090116782849952e-05 -8.7964027011934061e-06
     3     14  9.0398634632729330e-04 -3.5469891100718242e-04
     3     15 -2.3296461318080205e-02  8.7546579819952897e-03
     3     16  5.0006142027888550e-09  1.4931916054994439e-09
     3     17 -4.9592452321514484e-04 -1.7798870226802953e-03
     3     18 -1.6127409758022841e-02 -5.7881690647968137e-02
     3     19 -2.6253968948592603e-05  3.3251971355983117e-06
     3     20  4.2217986910026394e-04  3.2242166981910590e-03
     3     21  1.3539368235406612e-02  1.0344671980843309e-01
     3     22  1.9433257298989533e-05 -1.4168427868573038e-05
     3     23 -9.6343882488558437e-04 -1.1791429917151267e-04
     3     24  2.4728295786853913e-02  2.6645088672591164e-03
     3     25 -1.6002016968118900e-05  2.0266248133412966e-06
     3     26  1.3547319408511085e-05 -9.2803879279716468e-04
     3     27  3.7497784886412686e-04 -2.5679862196971437e-02
     4      1 -1.6253709675187137e-03  3.3822910522480820e-05
     4      2 -9.4871384775626203e-09 -1.1945555259776461e-09
     4      3 -4.5358864924531212e-09 -2.7015104111205564e-09
     4      4  2.8430686378698633e+00 -8.4100430322373315e-11
     4      5 -3.5216577984037410e-10 -5.0700056780251507e-09
     4      6  2.3163038947921072e-09  3.1619633458937748e-11
     4      7 -3.4928214087836802e-04 -1.5359585323122556e-07
     4      8  6.9379657489640861e-07 -6.9021149495579409e-06
     4      9  1.2116502231717174e-06 -1.7493757264163400e-05
     4     10 -8.0657771093499957e-03 -1.0130286910168709e-06
     4     11 -8.0027278480297214e-06 -5.6582252248557215e-05
     4     12 -5.1084665467511156e-06 -3.6134440060415777e-05
     4     13  1.8678473791202384e-04  8.0118508259618347e-05
     4     14  7.6420954541799660e-07 -1.9274191119197868e-07
     4     15 -1.6534579468907023e-05  3.9188630487779054e-06
     4     16  1.9895839861349353e-04  5.9683991597805097e-08
     4     17 -2.6634602934400743e-10 -1.0331369934113696e-09
     4     18  9.2973075241989484e-10 -8.6789240777030721e-09
     4     19 -3.5650966831142646e-04 -7.7788469716579618e-08
     4     20 -2.3614816511928963e-08 -5.9390049481564885e-06
     4     21 -1.0477332787125510e-07 -2.6096115319153178e-05
     4     22 -7.1569696716619014e-03  3.0673056804763573e-03
     4     23  5.3216368764120118e-05  1.3429507024146023e-05
     4     24 -2.7740034484959076e-05 -6.5853507192660735e-06
     4     25  2.4545434937429234e-04  5.1632772349125788e-08
     4     26  2.7002054817161387e-08 -7.7346557955446010e-08
     4     27 -8.8376615690174149e-08  2.6186446366586396e-07
     5      1 -1.8349811823414326e-09 -1.0100596683331592e-08
     5      2  2.7497953168723645e-05  1.6774127080846602e-03
     5      3  3.6224236232316522e-05  1.8473297879176196e-03
     5      4 -3.5215565969327880e-10  5.0810656127743094e-09
     5      5  1.0841432417070860e+00 -7.5922922269967804e-11
     5      6 -7.7184522777444461e-02 -1.5415323107076307e-08
     5      7  4.0574141852620391e-07  7.5409821246819609e-06
     5      8  4.9811190224428739e-04 -7.0956928957408653e-05
     5      9  9.0240777975414649e-04 -1.2920393944345317e-04
     5     10 -7.3634887110901515e-06 -5.0178350325557652e-05
     5     11 -7.4584562043062156e-03  2.1959382501619317e-03
     5     12 -2.9654784682914530e-03  8.7311732994922449e-04
     5     13  1.1948507903340466e-07 -4.5074257181016031e-07
     5     14 -1.7115745466128593e-06 -4.1315907153968161e-06
     5     15 -1.0883999785071222e-04 -2.7353633171078536e-04
     5     16 -2.6635013541799318e-10 -1.0331262833979561e-09
     5     17 -1.8154467938200601e-05  5.4440596038666530e-06
     5     18  8.6686691762497426e-05 -2.5994913624229814e-05
     5     19  7.2654362913477165e-07  4.9556918692270665e-06
     5     20  4.9697830526239156e-04 -7.5012421804243232e-05
     5     21  8.7165679939570214e-04 -1.3151451942087524e-04
     5     22  2.5627405369712444e-05  4.1733450993601759e-05
     5     23 -7.5011229660350471e-04  7.3727907550615477e-03
     5     24  2.5074687821405285e-04 -2.8631491217911151e-03
     5     25 -4.5006064552716937e-08 -3.8077627738416792e-07
     5     26  2.7835170349037885e-05 -1.6771364613861086e-07
     5     27  8.4332718260862164e-04 -4.9256763908791849e-06
     6      1 -1.3623399272574111e-11 -5.3270525300212933e-09
     6      2  3.0019327618667057e-05  1.8311741715002668e-03
     6      3  1.1780166876013784e-03  6.0074916986399718e-02
     6      4  2.3162129864408247e-09 -3.2799296198086091e-11
     6      5 -7.7184522777451997e-02  1.5419623360564867e-08
     6      6  1.5077689690403626e+00  1.5146395466484593e-12
     6      7  2.5501519070928470e-06  2.5870929065391797e-05
     6      8  9.2380937675446274e-04 -1.3224617600902184e-04
     6      9  2.6908628587418285e-02 -3.8449666201433082e-03
     6     10 -3.6839587322971896e-06 -2.5097712527764594e-05
     6     11 -3.2128736812937269e-03  9.4594245487521678e-04
     6     12 -9.8153031393621443e-02  2.8898907437342448e-02
     6     13  1.7470116223354873e-06 -6.5793322834154368e-06
     6     14  1.3730050966697424e-04  3.3144337128373233e-04
     6     15 -5.6231532710451122e-03 -1.4132014627844650e-02
     6     16  9.2669076742412643e-10 -8.6783388285871126e-09
     6     17  8.6686811120646875e-05 -2.5994954502701374e-05
     6     18  6.6008352108559709e-03 -1.9794238895908881e-03
     6     19  2.4753325389774869e-06  1.6882036421279951e-05
     6     20  8.9280910260899210e-04 -1.3475687261362349e-04
     6     21  2.5935993025030205e-02 -3.9131935024207150e-03
     6     22  1.1218704253082188e-05  1.8266892590022132e-05
     6     23 -3.4278723030978551e-04  3.3692347600646206e-03
     6     24  8.3683256156283567e-03 -9.5553624248817956e-02
     6     25 -1.6013582704041682e-06 -9.0200819291746720e-06
     6     26  9.2037603356784413e-04 -5.3079486070249903e-06
     6     27  3.5549145931763837e-02 -1.8734721279273028e-04
     7      1 -8.1093960279186965e-03  1.6944218491217567e-04
     7      2  4.9250610032513054e-05  6.4062327028170073e-06
     7      3  2.6253412795379575e-05  3.3294021001305289e-06
     7      4 -3.4928214087841123e-04  1.5359585324201787e-07
     7      5  4.0574141852489169e-07 -7.5409821246811266e-06
     7      6  2.5501519070928999e-06 -2.5870929065391817e-05
     7      7  2.6440220595009767e+00 -8.3995723961569584e-11
     7      8 -1.8469328620583338e-07  4.4171634400088961e-05
     7      9 -3.7471280031216435e-08  9.0915730596130902e-06
     7     10 -1.6169577785669384e-03 -6.5594455376978612e-08
     7     11 -2.4623176875958909e-07 -1.7391399359552627e-06
     7     12 -1.2444877005185739e-06 -8.7907292848800142e-06
     7     13 -1.4565253036365792e-03 -6.2460660537910827e-04
     7     14  1.8168514517406506e-06 -4.5813109434012781e-07
     7     15 -8.6029602789078844e-06  2.0413875558928904e-06
     7     16 -3.5650967368640779e-04 -7.7792763035409049e-08
     7     17  7.2654358755723384e-07  4.9556911197233546e-06
     7     18  2.4753443939178562e-06  1.6882071148670765e-05
     7     19 -3.5688569079044984e-05 -4.7992109774294703e-09
     7     20 -2.8145305098179400e-08 -6.9611873501838837e-06
     7     21 -3.4866119102635663e-07 -8.7104390604702430e-05
     7     22  1.3183247795709485e-04 -5.6513935097339099e-05
     7     23  2.2310994387952021e-06  5.6307944567147111e-07
     7     24 -3.3783065501078016e-05 -8.0208090708723690e-06
     7     25  2.3649554204951430e-04  4.6012369926448669e-08
     7     26 -1.8959891010725964e-07  1.6081974027067827e-06
     7     27 -5.1361189721658995e-06  5.5283392902114183e-05
     8      1 -1.4175442575533312e-06 -5.6472254148004261e-05
     8      2  9.6936436964717920e-04 -7.7055613547981237e-03
     8      3  3.9549971942014401e-04 -3.2275973751535653e-03
     8      4  6.9379657489617917e-07  6.9021149495563925e-06
     8      5  4.9811190224428891e-04  7.0956928957415592e-05
     8      6  9.2380937675446448e-04  1.3224617600902271e-04
     8      7 -1.8469135273428712e-07 -4.4171646195940291e-05
     8      8  6.1645886778379455e-01 -7.5259502333676494e-11
     8      9 -7.8694188955134081e-02  4.5093419053333558e-06
     8     10 -7.4357788414954842e-09 -1.8330352699196844e-06
     8     11  1.6773429305074520e-03 -2.4458643823559363e-04
     8     12  1.7701032349184131e-03 -2.5811839551793643e-04
     8     13  6.2357676577446588e-07 -1.4705941798047180e-06
     8     14  4.1464170939958388e-04  1.6157908793597443e-03
     8     15 -3.9892617620724592e-04 -1.6504414664376857e-03
     8     16 -2.3614867265003056e-08 -5.9389922320417316e-06
     8     17  4.9697829359540723e-04 -7.5012419634161356e-05
     8     18  8.9280863365207128e-04 -1.3475678091631732e-04
     8     19 -2.8145223298570653e-08 -6.9611756253043732e-06
     8     20 -2.2506798597955068e-04  1.8615930273912664e-06
     8     21 -5.2322268911779522e-04  4.2963001829491824e-06
     8     22 -9.7275757949558393e-07 -2.2433644121060926e-06
     8     23  1.3026053608089634e-05 -5.2562101202038451e-05
     8     24  1.0158598848213768e-06 -4.3668325005854006e-06
     8     25 -5.2889433361111183e-08 -1.5775778792166704e-06
     8     26 -2.7055850587401902e-05 -3.7622477843689924e-06
     8     27 -7.5378899264008778e-04 -1.0443573781124461e-04
     9      1 -9.2000669655403739e-07 -3.6694856630560694e-05
     9      2  3.9098527650361623e-04 -3.1065396116778665e-03
     9      3  1.2695116718876909e-02 -1.0355371642295935e-01
     9      4  1.2116502231716444e-06  1.7493757264163468e-05
     9      5  9.0240777975414735e-04  1.2920393944345382e-04
     9      6  2.6908628587418326e-02  3.8449666201433464e-03
     9      7 -3.7471381465209835e-08 -9.0915718128048542e-06
     9      8 -7.8694188955150582e-02 -4.5093376199047171e-06
     9      9  1.0217781943956670e+00  1.6139828535617140e-13
     9     10 -3.3435597204299460e-08 -8.3211996906290079e-06
     9     11  1.8563492732718472e-03 -2.7057959535037269e-04
     9     12  5.5258164398042764e-02 -8.0546030305277561e-03
     9     13  3.1553258249240216e-06 -7.4454528274340351e-06
     9     14  4.7821522410567004e-04  1.8639673827372666e-03
     9     15 -1.2405518069208279e-02 -5.1336887321906444e-02
     9     16 -1.0477211986408171e-07 -2.6096042328591165e-05
     9     17  8.7165664616914830e-04 -1.3151448550413261e-04
     9     18  2.5935993268838900e-02 -3.9131935373565227e-03
     9     19 -3.4864937016568455e-07 -8.7104281588392724e-05
     9     20 -5.2322315772763495e-04  4.2963226476491080e-06
     9     21 -1.3047321772296686e-02  1.0642819810457462e-04
     9     22 -1.3826456510873211e-05 -3.1884812428779919e-05
     9     23 -3.8202437706685551e-06  1.5415455531375168e-05
     9     24  1.0946804323100495e-03 -4.6975405155648825e-03
     9     25 -3.1089066814007592e-06 -5.2057750239433952e-05
     9     26 -7.9764767119039001e-04 -1.1061883216911288e-04
     9     27 -3.1883843579129302e-02 -4.3860807555004561e-03
    10      1 -3.5628099329980325e-04  7.4587837054154359e-06
    10      2  4.8768985149817207e-06  6.3427499683456710e-07
    10      3  1.6001596989780234e-05  2.0293993198366464e-06
    10      4 -8.0657771093499524e-03  1.0130286910878003e-06
    10      5 -7.3634887110955963e-06  5.0178350325557964e-05
    10      6 -3.6839587322971125e-06  2.5097712527764472e-05
    10      7 -1.6169577785668490e-03  6.5594455375433637e-08
    10      8 -7.4357788400717392e-09  1.8330352699196703e-06
    10      9 -3.3435597204372112e-08  8.3211996906289723e-06
    10     10  3.2402401424267095e+00 -8.3759073750962890e-11
    10     11 -6.3721263949678217e-06 -4.5002131801261678e-05
    10     12 -1.2977810811237119e-06 -9.1621649669936953e-06
    10     13  1.7130323738565059e-04  7.3452735244873313e-05
    10     14  3.3522537355742340e-07 -8.4760421534638069e-08
    10     15 -8.2413434254262241e-06  1.9562639871965258e-06
    10     16  2.4545434289401140e-04  5.1629163227989586e-08
    10     17 -4.5005992591685042e-08 -3.8077645290916048e-07
    10     18 -1.6013540133935577e-06 -9.0200823675355573e-06
    10     19  2.3649554452292917e-04  4.6012612464677310e-08
    10     20 -5.2889555748913213e-08 -1.5775890634164293e-06
    10     21 -3.1089132674460352e-06 -5.2057811712436273e-05
    10     22 -2.9538042263975754e-05  1.2663361647921541e-05
    10     23  6.3716162500292129e-06  1.6074800636794425e-06
    10     24 -7.2911413390608942e-05 -1.7308545637286253e-05
    10     25  2.1598176270534389e-04  1.1143871879378746e-08
    10     26 -1.4406960253917202e-07  1.0159524354930065e-06
    10     27 -3.4263417881550529e-06  2.4186779889077853e-05
    11      1 -7.1717059643651742e-07  5.9619071466648403e-06
    11      2 -1.3355045980505505e-04  4.8266468426025723e-04
    11      3 -2.4463289447947269e-04  8.9531785808961355e-04
    11      4 -8.0027278480308073e-06  5.6582252248555717e-05
    11      5 -7.4584562043061844e-03 -2.1959382501617560e-03
    11      6 -3.2128736812937209e-03 -9.4594245487521981e-04
    11      7 -2.4623176875948003e-07  1.7391399359557527e-06
    11      8  1.6773429305074767e-03  2.4458643823573625e-04
    11      9  1.8563492732718463e-03  2.7057959535036938e-04
    11     10 -6.3721295386961312e-06  4.5002144016371251e-05
    11     11  1.9276470019012137e+00 -7.4539880440840302e-11
    11     12 -8.1692685819042959e-02  3.1478097380108993e-07
    11     13 -1.7295662612232641e-07  2.8462617912522708e-07
    11     14 -1.5409830896584886e-06 -1.4427887235414778e-05
    11     15 -2.6468301808282824e-05 -2.8575543212260523e-04
    11     16  2.7002329175319079e-08 -7.7347317868392362e-08
    11     17  2.7835174086270542e-05 -1.6771367389695381e-07
    11     18  9.2037611307328781e-04 -5.3079262090677721e-06
    11     19 -1.8959872860558652e-07  1.6081969114324862e-06
    11     20 -2.7055844621906877e-05 -3.7622472748020245e-06
    11     21 -7.9764775556483559e-04 -1.1061886949948933e-04
    11     22  1.7675804815257098e-06  6.5298254513966264e-06
    11     23 -8.0024570311349326e-05  1.9594815857358267e-04
    11     24  1.5367875231253679e-04 -3.9193019476374026e-04
    11     25 -1.4406946991350293e-07  1.0159519155488010e-06
    11     26  3.3972339950363208e-06  9.8177135412178695e-07
    11     27  2.6984150967296924e-04  7.7982180638334951e-05
    12      1 -3.1684771879227363e-06  2.6352493146806087e-05
    12      2 -2.2924103276698854e-04  8.2848878595328992e-04
    12      3 -6.7693699262016786e-03  2.4774412598269402e-02
    12      4 -5.1084665467508878e-06  3.6134440060415784e-05
    12      5 -2.9654784682914470e-03 -8.7311732994922774e-04
    12      6 -9.8153031393621332e-02 -2.8898907437342372e-02
    12      7 -1.2444877005185910e-06  8.7907292848800108e-06
    12      8  1.7701032349184123e-03  2.5811839551793286e-04
    12      9  5.5258164398042819e-02  8.0546030305277232e-03
    12     10 -1.2977808177301154e-06  9.1621636360518282e-06
    12     11 -8.1692685819072741e-02 -3.1477656234794752e-07
    12     12  2.2628527820047064e+00 -4.9399673399148794e-13
    12     13 -4.3493230483375161e-06  7.1642510136230328e-06
    12     14  3.3663569682684347e-05  3.1520775987447049e-04
    12     15 -1.3346962752500847e-03 -1.4409906456801708e-02
    12     16 -8.8362544139606219e-08  2.6178021909362182e-07
    12     17  8.4332730844970897e-04 -4.9256832647207907e-06
    12     18  3.5549146134674678e-02 -1.8734726504944049e-04
    12     19 -5.1361071054566817e-06  5.5283283533615957e-05
    12     20 -7.5378857703583776e-04 -1.0443569643103781e-04
    12     21 -3.1883843889004747e-02 -4.3860807516787224e-03
    12     22  1.9141095989025026e-05  7.0700473756360826e-05
    12     23 -1.6953789897671283e-04  4.1512392470146632e-04
    12     24  3.1945953532229593e-03 -8.1470854570320356e-03
    12     25 -3.4263333852100709e-06  2.4186706360075759e-05
    12     26  2.6984143782500915e-04  7.7982129937691181e-05
    12     27  1.2657298851095920e-02  3.6579026367910134e-03
    13      1 -3.1034597471771167e-04  1.4096967027780880e-04
    13      2 -6.3992512808023513e-06  2.5989938060019386e-06
    13      3 -2.2090116782850053e-05  8.7964027011932452e-06
    13      4  1.8678473791202923e-04 -8.0118508259637998e-05
    13      5  1.1948507903306839e-07  4.5074257180976300e-07
    13      6  1.7470116223355686e-06  6.5793322834154376e-06
    13      7 -1.4565253036364898e-03  6.2460660537913873e-04
    13      8  6.2357676577264243e-07  1.4705941798039339e-06
    13      9  3.1553258249240831e-06  7.4454528274339716e-06
    13     10  1.7130323738564135e-04 -7.3452735244863691e-05
    13     11 -1.7295662612244319e-07 -2.8462617912554657e-07
    13     12 -4.3493230483374899e-06 -7.1642510136229828e-06
    13     13  3.4985517716240375e+00 -8.3370989122832406e-11
    13     14  3.3095313274281876e-05 -2.5270700150803661e-05
    13     15 -7.0797135094517506e-06  5.2485264809830403e-06
    13     16 -7.1582937039922087e-03  3.0678731328008021e-03
    13     17  2.5926902207539853e-05  4.2221156352620359e-05
    13     18  1.1349715205252045e-05  1.8480163172429564e-05
    13     19  1.3183887282234089e-04 -5.6516668334968177e-05
    13     20 -9.7020294197476363e-07 -2.2374717447586482e-06
    13     21 -1.3989270162398947e-05 -3.2260234906833182e-05
    13     22  1.6979307197208970e-04 -1.7821537072215272e-04
    13     23  5.0138340976197034e-07 -2.9940501947186828e-07
    13     24 -1.0714635520567443e-05  3.8884713831949406e-06
    13     25 -2.9582923983993649e-05  1.2682611321401864e-05
    13     26  1.7716020398195222e-06  6.5446780313800008e-06
    13     27  1.9236160638134027e-05  7.1051500420853120e-05
    14      1 -6.5780620945228934e-06 -7.9651404141680133e-07
    14      2  4.5090178547008895e-04  1.7813395559193804e-04
    14      3  9.0398634632729070e-04  3.5469891100718329e-04
    14      4  7.6420954541688603e-07  1.9274191119249630e-07
    14      5 -1.7115745466092916e-06  4.1315907153975886e-06
    14      6  1.3730050966697413e-04 -3.3144337128373407e-04
    14      7  1.8168514517430809e-06  4.5813109434079136e-07
    14      8  4.1464170939959391e-04 -1.6157908793598152e-03
    14      9  4.7821522410567015e-04 -1.8639673827372666e-03
    14     10  3.3522537355676393e-07  8.4760421534577453e-08
    14     11 -1.5409830896702454e-06  1.4427887235431746e-05
    14     12  3.3663569682685702e-05 -3.1520775987447136e-04
    14     13  3.3095323670521267e-05  2.5270708277870968e-05
    14     14  2.3063702385101097e+00 -7.3853811955080473e-11
    14     15  8.6979459968350950e-02  1.2210028525636394e-03
    14     16  5.3418823932556645e-05  1.3480597310811369e-05
    14     17 -7.5021999055970251e-04  7.3738492590805175e-03
    14     18 -3.4290505690282686e-04  3.3703924989715154e-03
    14     19  2.3854451217780101e-06  6.0201540425174708e-07
    14     20  1.3029044798882996e-05 -5.2574168279711206e-05
    14     21 -3.7041752990121129e-06  1.4947325257500367e-05
    14     22  6.4012913138024815e-07 -3.2132653157375105e-07
    14     23 -3.4059023138444144e-05 -1.8421360145634806e-05
    14     24  1.1483966806928136e-03  5.9874835982411004e-04
    14     25  6.5151786569490102e-06  1.6436892986073912e-06
    14     26 -8.0039085836268212e-05  1.9598369736110335e-04
    14     27 -1.6980542457852910e-04  4.1577890772951710e-04
    15      1  1.6886959151382623e-05  2.0033293437303920e-06
    15      2 -7.8224677032903939e-04 -2.9710891899437379e-04
    15      3 -2.3296461318080261e-02 -8.7546579819952966e-03
    15      4 -1.6534579468907050e-05 -3.9188630487778614e-06
    15      5 -1.0883999785071190e-04  2.7353633171078645e-04
    15      6 -5.6231532710451192e-03  1.4132014627844677e-02
    15      7 -8.6029602789078810e-06 -2.0413875558927625e-06
    15      8 -3.9892617620724646e-04  1.6504414664376848e-03
    15      9 -1.2405518069208255e-02  5.1336887321906541e-02
    15     10 -8.2413434254262393e-06 -1.9562639871965317e-06
    15     11 -2.6468301808284125e-05  2.8575543212260718e-04
    15     12 -1.3346962752501081e-03  1.4409906456801735e-02
    15     13 -7.0797122829854081e-06 -5.2485255845639464e-06
    15     14  8.6979459968341249e-02 -1.2210028573044110e-03
    15     15  2.6013148815137939e+00 -1.4419322830377119e-13
    15     16 -3.4349376857741241e-05 -8.1550209732338501e-06
    15     17  2.5084026992746114e-04 -2.8642151103821060e-03
    15     18  8.3717798943050269e-03 -9.5593066922812747e-02
    15     19 -4.0258479652717101e-05 -9.5581145761621454e-06
    15     20  9.1650400592169006e-07 -3.9403351925514692e-06
    15     21  1.0908251613758017e-03 -4.6809966288384602e-03
    15     22 -1.6091969595697356e-05  4.8205288453603695e-06
    15     23  1.1484117177758238e-03  5.9875813653621941e-04
    15     24 -4.0948401829021687e-02 -2.0606018341273676e-02
    15     25 -7.8989423332751367e-05 -1.8751247056374457e-05
    15     26  1.5392575456384084e-04 -3.9256000297911361e-04
    15     27  3.2035144991648355e-03 -8.1698318254779106e-03
    16      1 -1.6253606620157571e-03  3.4315012205367053e-05
    16      2  9.5879418010000407e-09  1.2872868743958523e-09
    16      3  5.0006142027958662e-09 -1.4931916053925298e-09
    16      4  1.9895839861350126e-04 -5.9683991596258997e-08
    16      5 -2.6635013442623526e-10  1.0331262828731061e-09
    16      6  9.2669076743146745e-10  8.6783388286389686e-09
    16      7 -3.5650967368635851e-04  7.7792763013046267e-08
    16      8 -2.3614867265882581e-08  5.9389922320413970e-06
    16      9 -1.0477211986406288e-07  2.6096042328591216e-05
    16     10  2.4545434289399866e-04 -5.1629163226060601e-08
    16     11  2.7002329175493859e-08  7.7347317867558193e-08
    16     12 -8.8362544139645182e-08 -2.6178021909359471e-07
    16     13 -7.1582937039923258e-03 -3.0678731328006746e-03
    16     14  5.3418823932555425e-05 -1.3480597310809756e-05
    16     15 -3.4349376857741132e-05  8.1550209732339348e-06
    16     16  2.8430686327721357e+00 -8.4100430322712045e-11
    16     17 -3.3162457105988464e-10  5.0439311083998817e-09
    16     18  2.3217448172860604e-09 -3.6653493895933220e-11
    16     19 -3.4928214293051320e-04  1.5360016401552501e-07
    16     20  6.9379649813475154e-07  6.9021024620310152e-06
    16     21  1.2116471062637008e-06  1.7493692047531680e-05
    16     22  1.8675266710431769e-04 -8.0104757151398142e-05
    16     23  6.0488327472073315e-07  1.5258598815710640e-07
    16     24 -9.8707712867525429e-06 -2.3383528628193331e-06
    16     25 -8.0657771545120591e-03  1.0130326249897030e-06
    16     26 -8.0027287593285661e-06  5.6582255130452702e-05
    16     27 -5.1084801883180600e-06  3.6134516758256625e-05
    17      1 -1.4097856060808857e-09  1.0125032019258515e-08
    17      2 -4.5547596691977130e-04  1.6146241651023739e-03
    17      3 -4.9592452321514137e-04  1.7798870226802988e-03
    17      4 -2.6634602736698543e-10  1.0331369933124049e-09
    17      5 -1.8154467938199070e-05 -5.4440596038521484e-06
    17      6  8.6686811120647309e-05  2.5994954502700019e-05
    17      7  7.2654358755843705e-07 -4.9556911197241220e-06
    17      8  4.9697829359543185e-04  7.5012419634160597e-05
    17      9  8.7165664616914592e-04  1.3151448550413402e-04
    17     10 -4.5005992591648123e-08  3.8077645290858582e-07
    17     11  2.7835174086264762e-05  1.6771367389126760e-07
    17     12  8.4332730844970908e-04  4.9256832647203757e-06
    17     13  2.5926902207546321e-05 -4.2221156352617141e-05
    17     14 -7.5021999055997551e-04 -7.3738492590806684e-03
    17     15  2.5084026992745409e-04  2.8642151103821060e-03
    17     16 -3.3163469102630307e-10 -5.0328711765865442e-09
    17     17  1.0841432336845607e+00 -7.5923168986422162e-11
    17     18 -7.7184521295489722e-02  1.5784321372323983e-08
    17     19  4.0574137837918489e-07 -7.5409817309939236e-06
    17     20  4.9811191043602288e-04  7.0956929671192381e-05
    17     21  9.0240762401194111e-04  1.2920390620003902e-04
    17     22  1.2277051176614094e-07  4.6312691459424562e-07
    17     23 -1.7118443428104424e-06  4.1322444919249021e-06
    17     24 -1.0889017182024450e-04  2.7366236613547874e-04
    17     25 -7.3634888187726243e-06  5.0178354904801199e-05
    17     26 -7.4584562570957531e-03 -2.1959382669642213e-03
    17     27 -2.9654783017776598e-03 -8.7311725891019306e-04
    18      1  2.4629552471061964e-10  4.1282163549024812e-09
    18      2 -4.9722779858006431e-04  1.7626293995035478e-03
    18      3 -1.6127409758022723e-02  5.7881690647968234e-02
    18      4  9.2973075231839213e-10  8.6789240776970949e-09
    18      5  8.6686691762498510e-05  2.5994913624228350e-05
    18      6  6.6008352108559709e-03  1.9794238895908776e-03
    18      7  2.4753443939177943e-06 -1.6882071148670738e-05
    18      8  8.9280863365206976e-04  1.3475678091631835e-04
    18      9  2.5935993268838886e-02  3.9131935373565418e-03
    18     10 -1.6013540133935544e-06  9.0200823675355234e-06
    18     11  9.2037611307328748e-04  5.3079262090672198e-06
    18     12  3.5549146134674664e-02  1.8734726504942813e-04
    18     13  1.1349715205251670e-05 -1.8480163172429838e-05
    18     14 -3.4290505690282188e-04 -3.3703924989715154e-03
    18     15  8.3717798943050547e-03  9.5593066922812955e-02
    18     16  2.3218357260047674e-09  3.5473831215888947e-11
    18     17 -7.7184521295482200e-02 -1.5780021104427578e-08
    18     18  1.5077689165754804e+00  1.5146801629953142e-12
    18     19  2.5501585867668025e-06 -2.5870963881565836e-05
    18     20  9.2380987191059845e-04  1.3224622539367907e-04
    18     21  2.6908628726094105e-02  3.8449666333986755e-03
    18     22  1.6500950873619102e-06  6.2141908837496434e-06
    18     23  1.3735852694711861e-04 -3.3158335427233140e-04
    18     24 -5.6251904236370061e-03  1.4137134311672316e-02
    18     25 -3.6839574137597147e-06  2.5097713785001242e-05
    18     26 -3.2128738312491665e-03 -9.4594253931758123e-04
    18     27 -9.8153033072815171e-02 -2.8898907863333836e-02
    19      1 -8.1093735150131793e-03  1.7051628903653207e-04
    19      2 -4.9251387073862627e-05 -6.3994142547397913e-06
    19      3 -2.6253968948592688e-05 -3.3251971355983020e-06
    19      4 -3.5650966831134314e-04  7.7788469751277476e-08
    19      5  7.2654362913520650e-07 -4.9556918692271902e-06
    19      6  2.4753325389774721e-06 -1.6882036421279907e-05
    19      7 -3.5688569079101958e-05  4.7992109774274123e-09
    19      8 -2.8145223299172163e-08  6.9611756253018016e-06
    19      9 -3.4864937016534351e-07  8.7104281588392494e-05
    19     10  2.3649554452292765e-04 -4.6012612481826908e-08
    19     11 -1.8959872860597131e-07 -1.6081969114321272e-06
    19     12 -5.1361071054566987e-06 -5.5283283533615876e-05
    19     13  1.3183887282234398e-04  5.6516668334972223e-05
    19     14  2.3854451217764994e-06 -6.0201540424966295e-07
    19     15 -4.0258479652717216e-05  9.5581145761623419e-06
    19     16 -3.4928214293055641e-04 -1.5360016405329892e-07
    19     17  4.0574137837822308e-07  7.5409817309916188e-06
    19     18  2.5501585867668643e-06  2.5870963881565836e-05
    19     19  2.6440220569134301e+00 -8.3996168042442035e-11
    19     20 -1.8472701360121875e-07 -4.4171688647270313e-05
    19     21 -3.7474524395185501e-08 -9.0916942382968768e-06
    19     22 -1.4564720098617868e-03  6.2458374307611784e-04
    19     23  1.6477278796004421e-06  4.1549086019738368e-07
    19     24 -2.1624110567901023e-06 -5.1326501800553194e-07
    19     25 -1.6169577807731753e-03  6.5593622012046771e-08
    19     26 -2.4623218921623205e-07  1.7391409351555423e-06
    19     27 -1.2445109924354096e-06  8.7908619961355564e-06
    20      1  9.5008671339633550e-07  5.6482151272558457e-05
    20      2  1.0330668233941795e-03 -7.6972798123548271e-03
    20      3  4.2217986910026318e-04 -3.2242166981910642e-03
    20      4 -2.3614816508580403e-08  5.9390049481584527e-06
    20      5  4.9697830526241465e-04  7.5012421804183100e-05
    20      6  8.9280910260899037e-04  1.3475687261362484e-04
    20      7 -2.8145305096974707e-08  6.9611873501838472e-06
    20      8 -2.2506798597959389e-04 -1.8615930273920375e-06
    20      9 -5.2322315772763495e-04 -4.2963226476492774e-06
    20     10 -5.2889555748792319e-08  1.5775890634160897e-06
    20     11 -2.7055844621910733e-05  3.7622472748224558e-06
    20     12 -7.5378857703583819e-04  1.0443569643103749e-04
    20     13 -9.7020294197366820e-07  2.2374717447576792e-06
    20     14  1.3029044798874319e-05  5.2574168279735871e-05
    20     15  9.1650400592217796e-07  3.9403351925536376e-06
    20     16  6.9379649813596809e-07 -6.9021024620313421e-06
    20     17  4.9811191043597810e-04 -7.0956929671108721e-05
    20     18  9.2380987191060192e-04 -1.3224622539368108e-04
    20     19 -1.8472894708478668e-07  4.4171676851427460e-05
    20     20  6.1645886006004780e-01 -7.5259058244795785e-11
    20     21 -7.8694197718764819e-02 -4.5097044832968135e-06
    20     22  6.6996687959094468e-07  1.5800368114542781e-06
    20     23  4.1459290109003866e-04 -1.6156006845908304e-03
    20     24 -3.9882500913593285e-04  1.6500228663501534e-03
    20     25 -7.4358298476451160e-09  1.8330452718560766e-06
    20     26  1.6773429583580946e-03  2.4458644331378052e-04
    20     27  1.7701038468560723e-03  2.5811850866169794e-04
    21      1  6.1917515370251188e-07  3.6702753809044429e-05
    21      2  4.1631149888280919e-04 -3.1032473871198929e-03
    21      3  1.3539368235406688e-02 -1.0344671980843304e-01
    21      4 -1.0477332787137857e-07  2.6096115319153175e-05
    21      5  8.7165679939570106e-04  1.3151451942087627e-04
    21      6  2.5935993025030246e-02  3.9131935024207046e-03
    21      7 -3.4866119102636637e-07  8.7104390604702349e-05
    21      8 -5.2322268911779435e-04 -4.2963001829491808e-06
    21      9 -1.3047321772296686e-02 -1.0642819810456616e-04
    21     10 -3.1089132674458434e-06  5.2057811712436415e-05
    21     11 -7.9764775556483581e-04  1.1061886949948911e-04
    21     12 -3.1883843889004754e-02  4.3860807516787311e-03
    21     13 -1.3989270162398953e-05  3.2260234906833351e-05
    21     14 -3.7041752990125466e-06 -1.4947325257502753e-05
    21     15  1.0908251613758104e-03  4.6809966288384602e-03
    21     16  1.2116471062636502e-06 -1.7493692047531691e-05
    21     17  9.0240762401194502e-04 -1.2920390620004075e-04
    21     18  2.6908628726094147e-02 -3.8449666333986929e-03
    21     19 -3.7474422960475326e-08  9.0916954851053719e-06
    21     20 -7.8694197718748318e-02  4.5097087687118378e-06
    21     21  1.0217781522259464e+00  1.6144229871317307e-13
    21     22  3.2625641079410949e-06  7.6983282233327154e-06
    21     23  4.7810739793927417e-04 -1.8635472389253579e-03
    21     24 -1.2401994926656685e-02  5.1322307842548057e-02
    21     25 -3.3438846030449765e-08  8.3212663095864915e-06
    21     26  1.8563494001561421e-03  2.7057964910249914e-04
    21     27  5.5258165263849954e-02  8.0546030846111120e-03
    22      1 -3.1593693456711023e-04 -1.2782241855292467e-04
    22      2  5.5401754241888643e-06  4.1599107434105309e-06
    22      3  1.9433257298989560e-05  1.4168427868572833e-05
    22      4 -7.1569696716619908e-03 -3.0673056804762788e-03
    22      5  2.5627405369711486e-05 -4.1733450993596846e-05
    22      6  1.1218704253081961e-05 -1.8266892590022484e-05
    22      7  1.3183247795710100e-04  5.6513935097360396e-05
    22      8 -9.7275757949550113e-07  2.2433644121047844e-06
    22      9 -1.3826456510873238e-05  3.1884812428779939e-05
    22     10 -2.9538042263938647e-05 -1.2663361647893487e-05
    22     11  1.7675804815250593e-06 -6.5298254513975505e-06
    22     12  1.9141095989024944e-05 -7.0700473756360758e-05
    22     13  1.6979307197208528e-04  1.7821537072215367e-04
    22     14  6.4012913138030734e-07  3.2132653157356068e-07
    22     15 -1.6091969595697350e-05 -4.8205288453603966e-06
    22     16  1.8675266710433780e-04  8.0104757151371633e-05
    22     17  1.2277051176640807e-07 -4.6312691459401904e-07
    22     18  1.6500950873618617e-06 -6.2141908837496858e-06
    22     19 -1.4564720098617283e-03 -6.2458374307614722e-04
    22     20  6.6996687959156587e-07 -1.5800368114522012e-06
    22     21  3.2625641079410776e-06 -7.6983282233328120e-06
    22     22  3.4987109402149850e+00 -8.3361860622750108e-11
    22     23  4.7177224789871112e-06  3.6030385449643696e-06
    22     24  9.5010141786336837e-07  7.0599358643939783e-07
    22     25  1.7126696425100326e-04  7.3437189873258767e-05
    22     26 -1.6708235973932452e-07  2.7495013247562913e-07
    22     27 -4.5369569364483129e-06  7.4731906590816412e-06
    23      1 -6.6995788081738073e-06  1.1158390546590977e-06
    23      2 -4.8140078814999995e-04  5.6916227899656681e-05
    23      3 -9.6343882488558524e-04  1.1791429917151018e-04
    23      4  5.3216368764120768e-05 -1.3429507024152865e-05
    23      5 -7.5011229660359102e-04 -7.3727907550615876e-03
    23      6 -3.4278723030978182e-04 -3.3692347600646206e-03
    23      7  2.2310994387952136e-06 -5.6307944567227759e-07
    23      8  1.3026053608074408e-05  5.2562101202027657e-05
    23      9 -3.8202437706683382e-06 -1.5415455531375168e-05
    23     10  6.3716162500312246e-06 -1.6074800636803109e-06
    23     11 -8.0024570311308654e-05 -1.9594815857360581e-04
    23     12 -1.6953789897671066e-04 -4.1512392470146675e-04
    23     13  5.0138340976196801e-07  2.9940501947191630e-07
    23     14 -3.4059023138448386e-05  1.8421360145638422e-05
    23     15  1.1484117177758234e-03 -5.9875813653621941e-04
    23     16  6.0488327472106201e-07 -1.5258598815602259e-07
    23     17 -1.7118443428211387e-06 -4.1322444919557409e-06
    23     18  1.3735852694711970e-04  3.3158335427233140e-04
    23     19  1.6477278796018151e-06 -4.1549086019843220e-07
    23     20  4.1459290108996580e-04  1.6156006845907010e-03
    23     21  4.7810739793927655e-04  1.8635472389253614e-03
    23     22  4.7177120672463447e-06 -3.6030304529271250e-06
    23     23  2.3066975071569975e+00 -7.3825291558831235e-11
    23     24  8.6940984803780402e-02 -1.2204625895428029e-03
    23     25  1.9082475044292947e-07 -4.8347782244850114e-08
    23     26 -1.5412819251896078e-06 -1.4430696853819260e-05
    23     27  3.3666385714817168e-05  3.1523387946129616e-04
    24      1  2.3424552050790814e-05 -4.4313628045824349e-06
    24      2  8.3178486378601008e-04 -8.7178000558649763e-05
    24      3  2.4728295786853940e-02 -2.6645088672590904e-03
    24      4 -2.7740034484959171e-05  6.5853507192658694e-06
    24      5  2.5074687821404894e-04  2.8631491217911160e-03
    24      6  8.3683256156284001e-03  9.5553624248817873e-02
    24      7 -3.3783065501077962e-05  8.0208090708723453e-06
    24      8  1.0158598848210515e-06  4.3668325005854006e-06
    24      9  1.0946804323100530e-03  4.6975405155648686e-03
    24     10 -7.2911413390608888e-05  1.7308545637286382e-05
    24     11  1.5367875231253440e-04  3.9193019476374069e-04
    24     12  3.1945953532229072e-03  8.1470854570321050e-03
    24     13 -1.0714635520567426e-05 -3.8884713831949372e-06
    24     14  1.1483966806928132e-03 -5.9874835982410993e-04
    24     15 -4.0948401829021680e-02  2.0606018341273680e-02
    24     16 -9.8707712867525564e-06  2.3383528628194127e-06
    24     17 -1.0889017182024515e-04 -2.7366236613547831e-04
    24     18 -5.6251904236370234e-03 -1.4137134311672309e-02
    24     19 -2.1624110567900616e-06  5.1326501800550950e-07
    24     20 -3.9882500913593491e-04 -1.6500228663501564e-03
    24     21 -1.2401994926656671e-02 -5.1322307842547973e-02
    24     22  9.5010019153189473e-07 -7.0599269276044909e-07
    24     23  8.6940984803790311e-02  1.2204625848047208e-03
    24     24  2.6027739874635025e+00 -1.5626732322953909e-13
    24     25 -2.1110826122998099e-06  5.0149790936499690e-07
    24     26 -2.6470504656668975e-05 -2.8577873894056411e-04
    24     27 -1.3347688763809783e-03 -1.4410690698542894e-02
    25      1 -3.5628060845485773e-04  7.4770495890590678e-06
    25      2 -4.8768509346109682e-06 -6.3374230484423954e-07
    25      3 -1.6002016968118896e-05 -2.0266248133414177e-06
    25      4  2.4545434937429001e-04 -5.1632772349317026e-08
    25      5 -4.5006064552469676e-08  3.8077627738404600e-07
    25      6 -1.6013582704041718e-06  9.0200819291746279e-06
    25      7  2.3649554204952124e-04 -4.6012369928762763e-08
    25      8 -5.2889433361683803e-08  1.5775778792168388e-06
    25      9 -3.1089066814006500e-06  5.2057750239434006e-05
    25     10  2.1598176270535546e-04 -1.1143871892485697e-08
    25     11 -1.4406946991266453e-07 -1.0159519155482387e-06
    25     12 -3.4263333852101993e-06 -2.4186706360075718e-05
    25     13 -2.9582923984007472e-05 -1.2682611321385289e-05
    25     14  6.5151786569487916e-06 -1.6436892986072464e-06
    25     15 -7.8989423332751556e-05  1.8751247056374521e-05
    25     16 -8.0657771545119290e-03 -1.0130326248108338e-06
    25     17 -7.3634888187701890e-06 -5.0178354904799911e-05
    25     18 -3.6839574137599353e-06 -2.5097713785001158e-05
    25     19 -1.6169577807731753e-03 -6.5593621990452314e-08
    25     20 -7.4358298464476703e-09 -1.8330452718574414e-06
    25     21 -3.3438846030589619e-08 -8.3212663095864118e-06
    25     22  1.7126696425100017e-04 -7.3437189873262222e-05
    25     23  1.9082475044184397e-07  4.8347782246166569e-08
    25     24 -2.1110826122998505e-06 -5.0149790936492670e-07
    25     25  3.2402401361329156e+00 -8.3758728345574818e-11
    25     26 -6.3722311811124547e-06  4.5002257875676061e-05
    25     27 -1.2978021053479495e-06  9.1622540223834889e-06
    26      1 -9.6639414030631559e-07 -5.9266535622250298e-06
    26      2  5.7002894986924775e-06  5.0076783886070003e-04
    26      3  1.3547319408510767e-05  9.2803879279716424e-04
    26      4  2.7002054816988090e-08  7.7346557955674762e-08
    26      5  2.7835170349040585e-05  1.6771364613061148e-07
    26      6  9.2037603356784445e-04  5.3079486070250386e-06
    26      7 -1.8959891010645226e-07 -1.6081974027066110e-06
    26      8 -2.7055850587406530e-05  3.7622477843637874e-06
    26      9 -7.9764767119038980e-04  1.1061883216911361e-04
    26     10 -1.4406960254012997e-07 -1.0159524354924824e-06
    26     11  3.3972339950432597e-06 -9.8177135412766536e-07
    26     12  2.6984143782500785e-04 -7.7982129937691344e-05
    26     13  1.7716020398192094e-06 -6.5446780313795629e-06
    26     14 -8.0039085836259389e-05 -1.9598369736117583e-04
    26     15  1.5392575456383921e-04  3.9256000297911080e-04
    26     16 -8.0027287593279393e-06 -5.6582255130452654e-05
    26     17 -7.4584562570957063e-03  2.1959382669641319e-03
    26     18 -3.2128738312491682e-03  9.4594253931758253e-04
    26     19 -2.4623218921849771e-07 -1.7391409351548386e-06
    26     20  1.6773429583580390e-03 -2.4458644331381440e-04
    26     21  1.8563494001561421e-03 -2.7057964910249713e-04
    26     22 -1.6708235973979838e-07 -2.7495013247650454e-07
    26     23 -1.5412819251822819e-06  1.4430696853818501e-05
    26     24 -2.6470504656667484e-05  2.8577873894056411e-04
    26     25 -6.3722280373788335e-06 -4.5002245660556059e-05
    26     26  1.9276469923370265e+00 -7.4539337665166466e-11
    26     27 -8.1692688597589061e-02 -3.1434151631713585e-07
    27      1 -4.2708884523675116e-06 -2.6197740636947178e-05
    27      2  9.7878547945364497e-06  8.5956318796485617e-04
    27      3  3.7497784886409390e-04  2.5679862196971395e-02
    27      4 -8.8376615690190878e-08 -2.6186446366583347e-07
    27      5  8.4332718260862185e-04  4.9256763908791730e-06
    27      6  3.5549145931763837e-02  1.8734721279272686e-04
    27      7 -5.1361189721659232e-06 -5.5283392902114265e-05
    27      8 -7.5378899264008734e-04  1.0443573781124523e-04
    27      9 -3.1883843579129302e-02  4.3860807555004605e-03
    27     10 -3.4263417881551384e-06 -2.4186779889077877e-05
    27     11  2.6984150967296772e-04 -7.7982180638334734e-05
    27     12  1.2657298851095913e-02 -3.6579026367910099e-03
    27     13  1.9236160638134017e-05 -7.1051500420853133e-05
    27     14 -1.6980542457852748e-04 -4.1577890772951623e-04
    27     15  3.2035144991648112e-03  8.1698318254779245e-03
    27     16 -5.1084801883180778e-06 -3.6134516758256672e-05
    27     17 -2.9654783017776624e-03  8.7311725891019501e-04
    27     18 -9.8153033072815130e-02  2.8898907863333854e-02
    27     19 -1.2445109924351574e-06 -8.7908619961356089e-06
    27     20  1.7701038468560741e-03 -2.5811850866169588e-04
    27     21  5.5258165263849884e-02 -8.0546030846110808e-03
    27     22 -4.5369569364482299e-06 -7.4731906590815980e-06
    27     23  3.3666385714815786e-05 -3.1523387946129659e-04
    27     24 -1.3347688763809635e-03  1.4410690698542936e-02
    27     25 -1.2978023687416921e-06 -9.1622553533260912e-06
    27     26 -8.1692688597559279e-02  3.1434592775237686e-07
    27     27  2.2628527177066422e+00 -4.9404875816403494e-13
