# AMAT exchange matrix
# mode paw_full
# implementation full_grid_only
# response_basis TODO
# shape 27 27
# q_ext 0.000000000000 0.000000000000 0.000000000000
# vasp_storage 0
# i j real imag
     1      1  0.0000000000000000e+00  0.0000000000000000e+00
     1      2  1.5453988477445168e-09 -9.5410340339351311e-09
     1      3  2.8321897063127077e-09 -8.6995808795395307e-10
     1      4 -1.5698448382570791e-03 -3.2667450627616396e-05
     1      5 -1.7352500982860216e-09  9.5990345608911619e-09
     1      6 -5.4363680017668703e-10  7.3172990362957816e-09
     1      7 -7.7982582116388997e-03 -1.6294108395340683e-04
     1      8 -1.3776017014030781e-06  5.4876604675606686e-05
     1      9 -1.7098988303293229e-06  6.8245213254534807e-05
     1     10 -3.4807504916272797e-04 -7.2870369344637076e-06
     1     11 -7.6659698392538059e-07 -6.3726678520644980e-06
     1     12 -7.4097871857570765e-06 -6.1611839331119462e-05
     1     13 -3.0290813539697830e-04 -1.3759698982563945e-04
     1     14 -4.9466417180977613e-06  4.5776334751912940e-07
     1     15 -3.0859100451274154e-05  8.2891484910913286e-06
     1     16 -1.5698348807547727e-03 -3.3142750305938570e-05
     1     17 -1.3184809087174162e-09 -9.5170822729163480e-09
     1     18  2.9926967598666108e-10 -2.0492739694278073e-09
     1     19 -7.7982365720338127e-03 -1.6397403190026552e-04
     1     20  9.2313349808946761e-07 -5.4886322723747705e-05
     1     21  1.1520942262472436e-06 -6.8262775154705673e-05
     1     22 -3.0840783140226075e-04  1.2478332237163655e-04
     1     23 -4.9229539756570356e-06 -6.6458722571008772e-07
     1     24 -3.0490174166217663e-05 -9.5767458188614945e-06
     1     25 -3.4807468030411299e-04 -7.3048100015156145e-06
     1     26 -1.0330090862350898e-06  6.3351037826741892e-06
     1     27 -9.9866552882013110e-06  6.1252765451324587e-05
     2      1  1.5364393247159262e-09  9.5423903099266544e-09
     2      2  0.0000000000000000e+00  0.0000000000000000e+00
     2      3 -6.9927134354782164e-02  2.2479117005470739e-04
     2      4 -9.1286155321737459e-09  1.2547062236594973e-09
     2      5  2.5839967231820598e-05 -1.5762735214730943e-03
     2      6  2.5929058239404837e-05 -1.5816804387036171e-03
     2      7  5.3625385976834000e-05 -6.9750497164022793e-06
     2      8  9.0998726360078835e-04  7.2335674830471012e-03
     2      9  3.4487491086487068e-04  2.7401731050859016e-03
     2     10  5.2301986129056696e-06 -6.8014419227324019e-07
     2     11 -1.2409160544788332e-04 -4.4847939121549712e-04
     2     12 -1.7827413241100536e-04 -6.4429128901282774e-04
     2     13 -5.1433861397768575e-06 -2.2109874902433282e-06
     2     14  4.1948267532365273e-04 -1.6571227628383467e-04
     2     15 -6.0326521339983271e-04  2.2917895137424514e-04
     2     16  8.7638524596248586e-09 -1.0733451995152055e-09
     2     17 -4.2801316355054749e-04 -1.5172707963192512e-03
     2     18 -4.2948173834306806e-04 -1.5224746694218584e-03
     2     19 -5.3626681809790244e-05  6.9681426700094811e-06
     2     20  9.6978769030956434e-04  7.2257931928028487e-03
     2     21  3.6721455871029953e-04  2.7372691661223161e-03
     2     22  4.4067564340456754e-06 -3.4523655438173853e-06
     2     23 -4.4790937583300629e-04 -5.2947811157662699e-05
     2     24  6.4181074706343719e-04  6.7313829785414504e-05
     2     25 -5.2306473878484157e-06  6.7979945115962331e-07
     2     26  5.2965584172811290e-06 -4.6530037095467462e-04
     2     27  7.6114084572442362e-06 -6.6845697379962253e-04
     3      1  2.8331683523696251e-09  8.6981316095624398e-10
     3      2 -6.9927134354795958e-02 -2.2479116576949843e-04
     3      3  0.0000000000000000e+00  0.0000000000000000e+00
     3      4 -5.4827226551280982e-09  2.1097455018800003e-09
     3      5  3.1266185931617740e-05 -1.5944774281201445e-03
     3      6  9.7956963085202428e-04 -4.9954781102195839e-02
     3      7  2.1018433188099409e-05 -2.6655494280556000e-06
     3      8  3.4880336559899180e-04  2.8465142729676967e-03
     3      9  1.0876738352023895e-02  8.8721254469018754e-02
     3     10  1.2440084172970822e-05 -1.5784840489094421e-06
     3     11 -1.8946470967098341e-04 -6.9340979368689428e-04
     3     12 -4.8170166858676929e-03 -1.7629226771551973e-02
     3     13 -1.4984153782349499e-05 -6.8255302522057614e-06
     3     14  6.9264942212130085e-04 -2.7184994963261051e-04
     3     15 -1.6318935863981185e-02  6.1341563951303364e-03
     3     16  5.7825898957759223e-09  6.8189271314093081e-10
     3     17 -4.2804526343095516e-04 -1.5362659719697323e-03
     3     18 -1.3410609046664013e-02 -4.8131022468139467e-02
     3     19 -2.1018919833715585e-05  2.6621196215486802e-06
     3     20  3.7233249545162115e-04  2.8435322916007628e-03
     3     21  1.1600064023788572e-02  8.8629583319627753e-02
     3     22  1.2807622045336532e-05 -1.0347740659222914e-05
     3     23 -7.3856761845004018e-04 -9.0462682329168131e-05
     3     24  1.7333252324929535e-02  1.8691997777503999e-03
     3     25 -1.2440605269264380e-05  1.5748078642593936e-06
     3     26  1.0492480115933881e-05 -7.1875166007141214e-04
     3     27  2.6683050024995519e-04 -1.8273535702910765e-02
     4      1 -1.5698448382570546e-03  3.2667450627594786e-05
     4      2 -9.1286155345190428e-09 -1.2547062248788070e-09
     4      3 -5.4827226550602181e-09 -2.1097455018207080e-09
     4      4  0.0000000000000000e+00  0.0000000000000000e+00
     4      5  1.0356994317942518e-08 -2.6536251484439452e-09
     4      6  2.5533414527071167e-09 -8.1954851055678717e-10
     4      7 -3.4187480837976291e-04 -1.5481956118988660e-07
     4      8  6.5770953667810444e-07 -5.4781320108474590e-06
     4      9  1.1356623910933882e-06  2.6841429344362437e-05
     4     10 -7.7504543400968053e-03 -9.7346576102425635e-07
     4     11 -7.7381781814984825e-06 -5.4712538765435057e-05
     4     12 -9.7283675508930490e-06 -6.8790220982708231e-05
     4     13  1.7424698097272975e-04  7.4740628394403684e-05
     4     14  1.6288070026654570e-06 -4.1075009887048743e-07
     4     15 -5.5504552075036954e-05  1.3162602990637526e-05
     4     16  1.8514051530017512e-04  5.5510459845106182e-08
     4     17 -3.3144224207464823e-10 -1.0812318926447617e-09
     4     18  9.4329372615922818e-11 -8.8354458646647212e-09
     4     19 -3.4885060708453574e-04 -7.6152463610369101e-08
     4     20 -2.4883044365894714e-08 -6.2742539441527895e-06
     4     21 -2.3561784892859337e-07 -5.9580295614731752e-05
     4     22 -6.8788410679269897e-03  2.9481064297010042e-03
     4     23  5.1503015591647458e-05  1.2997054535264572e-05
     4     24 -6.9078045866536133e-05 -1.6403609448284142e-05
     4     25  2.2972196119131573e-04  4.8078512394191286e-08
     4     26 -1.0320708200702266e-07  7.7966651547410912e-07
     4     27 -6.1527204878754465e-06  4.1352410753343942e-05
     5      1 -1.7352500984602986e-09 -9.5990345590797092e-09
     5      2  2.5839967231848354e-05  1.5762735214730078e-03
     5      3  3.1266185931616520e-05  1.5944774281201419e-03
     5      4  1.0357016082021699e-08  2.6631047912376753e-09
     5      5  0.0000000000000000e+00  0.0000000000000000e+00
     5      6 -7.0404050104612509e-02 -1.0364154557480985e-08
     5      7  2.2726805318298003e-07  6.1482563778287223e-06
     5      8  4.6341495052171797e-04 -6.6003534543881460e-05
     5      9  7.0716173608232030e-04 -1.0127534705719592e-04
     5     10 -7.9654659868987658e-06 -5.4281486640962977e-05
     5     11 -6.9825573003744115e-03  2.0558228646736952e-03
     5     12 -2.5986826357463802e-03  7.6512296363069642e-04
     5     13  1.1550096142643786e-07 -4.3599169625066271e-07
     5     14 -2.2461449684133030e-07 -5.4208743754739877e-07
     5     15 -1.5106139156273967e-04 -3.7964697555646783e-04
     5     16 -3.3144224906027303e-10 -1.0812318693299019e-09
     5     17 -1.4626358718127311e-05  4.3860746708593802e-06
     5     18  1.9382216020355741e-04 -5.8121985206483460e-05
     5     19  7.7591066126912246e-07  5.2926243030198635e-06
     5     20  4.6275799005043449e-04 -6.9847299982699662e-05
     5     21  6.8308927884150566e-04 -1.0306379128752978e-04
     5     22  2.7449806897374744e-05  4.4700895209967701e-05
     5     23 -7.0483033441063876e-04  6.9277180471071084e-03
     5     24  2.1994705164455635e-04 -2.5114627524491354e-03
     5     25 -3.8502585537278452e-08 -2.8506329422428932e-07
     5     26  2.9303708962268270e-05 -1.7048693406947347e-07
     5     27  9.1236185654302931e-04 -5.1436995900718783e-06
     6      1 -5.4363680002911470e-10 -7.3172990363936669e-09
     6      2  2.5929058239403634e-05  1.5816804387036162e-03
     6      3  9.7956963085202645e-04  4.9954781102195686e-02
     6      4  2.5532609654914048e-09  8.1853462597572384e-10
     6      5 -7.0404050104619031e-02  1.0368406485524820e-08
     6      6  0.0000000000000000e+00  0.0000000000000000e+00
     6      7  1.3261835936158137e-06  1.8859297288317129e-05
     6      8  7.2317487901914462e-04 -1.0355616395994239e-04
     6      9  1.9409601565453752e-02 -2.7744523449123523e-03
     6     10 -2.9141323064770137e-06 -1.9847833594278289e-05
     6     11 -2.8169531107123252e-03  8.2937480148207940e-04
     6     12 -8.3540025653400379e-02  2.4596443336720328e-02
     6     13  1.3790442055858101e-06 -5.1946159565776571e-06
     6     14  1.8906697347755453e-04  4.5640660372250875e-04
     6     15 -7.0653446630807235e-03 -1.7756506322651321e-02
     6     16  9.4329324759690607e-11 -8.8354458472076534e-09
     6     17  1.9382216000248280e-04 -5.8121985146092152e-05
     6     18  1.0403652876272068e-02 -3.1197924992259415e-03
     6     19  1.9462798857857832e-06  1.3274172061811339e-05
     6     20  6.9894164462947200e-04 -1.0549467367597034e-04
     6     21  1.8698775102765783e-02 -2.8212501718980695e-03
     6     22  9.0019927765631020e-06  1.4657885389413018e-05
     6     23 -3.0106769706453697e-04  2.9591739352855338e-03
     6     24  7.1295841507519600e-03 -8.1409069749977164e-02
     6     25 -1.4812553598004843e-06 -6.7879292758246377e-06
     6     26  9.9610686975124137e-04 -5.5560945755819722e-06
     6     27  3.7351721395910496e-02 -1.9448189231151928e-04
     7      1 -7.7982582116386655e-03  1.6294108395335284e-04
     7      2  5.3625385976837869e-05  6.9750497164002795e-06
     7      3  2.1018433188099311e-05  2.6655494280557575e-06
     7      4 -3.4187480837978465e-04  1.5481956121763125e-07
     7      5  2.2726805318296809e-07 -6.1482563778296973e-06
     7      6  1.3261835936157074e-06 -1.8859297288317177e-05
     7      7  0.0000000000000000e+00  0.0000000000000000e+00
     7      8 -1.2155052565483826e-07  2.6193901202902686e-05
     7      9 -1.9981389694991559e-07  4.8028804516564833e-05
     7     10 -1.5583871850301614e-03 -6.3277905515324739e-08
     7     11 -1.0085398720414937e-07 -7.1177957245875486e-07
     7     12 -6.5159368937309933e-06 -4.6036470640709582e-05
     7     13 -1.4035528014442688e-03 -6.0189025226325011e-04
     7     14  9.0338828109839903e-07 -2.2784144901373710e-07
     7     15 -4.7500574934298604e-05  1.1270449449631611e-05
     7     16 -3.4885060668547361e-04 -7.6152463514267363e-08
     7     17  7.7591060830276039e-07  5.2926239417790970e-06
     7     18  1.9462799395961910e-06  1.3274172428764113e-05
     7     19 -4.0121114282347750e-05 -5.4468690485453743e-09
     7     20 -2.8060282260348522e-08 -6.9543548703716737e-06
     7     21 -4.0994606201366926e-07 -1.0234345427095704e-04
     7     22  1.2155312513932409e-04 -5.2107420541864916e-05
     7     23  3.0355836085269041e-06  7.6610029572716346e-07
     7     24 -7.1704271231338242e-05 -1.7023440288315178e-05
     7     25  2.2109348909874724e-04  4.3704940601739830e-08
     7     26 -2.3602746169305737e-07  1.9833568258957275e-06
     7     27 -8.8591453061989946e-06  8.1949010505455959e-05
     8      1 -1.3776017014038969e-06 -5.4876604675603738e-05
     8      2  9.0998726360080374e-04 -7.2335674830470978e-03
     8      3  3.4880336559899505e-04 -2.8465142729676967e-03
     8      4  6.5770953667753852e-07  5.4781320108465247e-06
     8      5  4.6341495052171027e-04  6.6003534543913851e-05
     8      6  7.2317487901914375e-04  1.0355616395994191e-04
     8      7 -1.2154908159925517e-07 -2.6193911234142424e-05
     8      8  0.0000000000000000e+00  0.0000000000000000e+00
     8      9 -7.1469867088246708e-02  4.0930486565312759e-06
     8     10 -2.2962431616443705e-09 -6.0624954431512310e-07
     8     11  1.5633998983771115e-03 -2.2797151721459701e-04
     8     12  1.4909241973308778e-03 -2.1740782795510826e-04
     8     13  1.7105324453433025e-07 -4.0292462582923669e-07
     8     14  3.8717744356895148e-04  1.5087671681520984e-03
     8     15 -3.3406648357213584e-04 -1.3821054534063264e-03
     8     16 -2.4883039204890495e-08 -6.2742526513434546e-06
     8     17  4.6275799052176292e-04 -6.9847300053801220e-05
     8     18  6.9894164661532055e-04 -1.0549467397590365e-04
     8     19 -2.8060278425639787e-08 -6.9543539290585223e-06
     8     20 -2.0695851968790784e-04  1.7117795917330440e-06
     8     21 -3.5054423049361134e-04  2.8774603631560788e-06
     8     22 -1.0909018887671301e-06 -2.5159479693941352e-06
     8     23  1.1292856273303332e-05 -4.5568291392022004e-05
     8     24  3.2299861591037621e-05 -1.3865070204655775e-04
     8     25 -5.8812879168387413e-08 -1.8174380282673726e-06
     8     26 -2.8828581388142919e-05 -4.0029290301759159e-06
     8     27 -8.3387428045426720e-04 -1.1539365109993285e-04
     9      1 -1.7098988303291874e-06 -6.8245213254534997e-05
     9      2  3.4487491086487398e-04 -2.7401731050859029e-03
     9      3  1.0876738352023956e-02 -8.8721254469018754e-02
     9      4  1.1356623910934002e-06 -2.6841429344362488e-05
     9      5  7.0716173608231857e-04  1.0127534705719527e-04
     9      6  1.9409601565453738e-02  2.7744523449123627e-03
     9      7 -1.9981396700273571e-07 -4.8028803452826048e-05
     9      8 -7.1469867088262307e-02 -4.0930444170732837e-06
     9      9  0.0000000000000000e+00  0.0000000000000000e+00
     9     10 -1.7129507221121605e-07 -4.2047022880209343e-05
     9     11  1.5626204536943907e-03 -2.2776627386097661e-04
     9     12  4.4555345777601951e-02 -6.4945267265564995e-03
     9     13  1.5197674174185432e-05 -3.5850180179038292e-05
     9     14  4.0016875752360201e-04  1.5597607235244624e-03
     9     15 -9.9174311029878968e-03 -4.1040610892252152e-02
     9     16 -2.3561765696112702e-07 -5.9580246764296641e-05
     9     17  6.8308928112705653e-04 -1.0306379163228167e-04
     9     18  1.8698775172741142e-02 -2.8212501824558447e-03
     9     19 -4.0994587022656897e-07 -1.0234340647358457e-04
     9     20 -3.5054423063438957e-04  2.8774603644727119e-06
     9     21 -6.8015204646339616e-03  5.5480534203867019e-05
     9     22 -2.3685184555023073e-05 -5.4623034868905373e-05
     9     23 -4.1837572345345894e-05  1.6878483647596440e-04
     9     24  2.1828340131455799e-03 -9.3670717341952717e-03
     9     25 -3.2384790852812766e-06 -7.5485108465068836e-05
     9     26 -8.8213147474521967e-04 -1.2217342347798065e-04
     9     27 -3.4017039987742748e-02 -4.6801902877609981e-03
    10      1 -3.4807504916277741e-04  7.2870369345215294e-06
    10      2  5.2301986129025525e-06  6.8014419227266273e-07
    10      3  1.2440084172970888e-05  1.5784840489094546e-06
    10      4 -7.7504543400968798e-03  9.7346576093790494e-07
    10      5 -7.9654659869000177e-06  5.4281486640964258e-05
    10      6 -2.9141323064768841e-06  1.9847833594278397e-05
    10      7 -1.5583871850300378e-03  6.3277905515322476e-08
    10      8 -2.2962431620457698e-09  6.0624954431497339e-07
    10      9 -1.7129507221117105e-07  4.2047022880209330e-05
    10     10  0.0000000000000000e+00  0.0000000000000000e+00
    10     11 -4.1677969403911662e-06 -2.9534901205404009e-05
    10     12 -6.7686002652309167e-06 -4.7809050157540247e-05
    10     13  1.5917649286163461e-04  6.8252983467715397e-05
    10     14  1.1092878833144975e-06 -2.8004817533600327e-07
    10     15 -4.5145052021241063e-05  1.0714553257541008e-05
    10     16  2.2972196115858773e-04  4.8078513329133455e-08
    10     17 -3.8502589831450475e-08 -2.8506331857690663e-07
    10     18 -1.4812553928175711e-06 -6.7879293465472809e-06
    10     19  2.2109348890260748e-04  4.3704940504936391e-08
    10     20 -5.8812880869899475e-08 -1.8174389479820590e-06
    10     21 -3.2384792110149223e-06 -7.5485153482701429e-05
    10     22 -3.2910983061184602e-05  1.4109473220221523e-05
    10     23  6.6552681878463794e-06  1.6790981581321891e-06
    10     24 -9.6842906030676190e-05 -2.2989580362259311e-05
    10     25  2.0166748030885990e-04  1.0469517487504139e-08
    10     26 -2.2956486527567102e-07  1.6191252931850401e-06
    10     27 -7.9984520937347853e-06  5.6465301711754154e-05
    11      1 -7.6659698392548891e-07  6.3726678520651384e-06
    11      2 -1.2409160544790492e-04  4.4847939121552032e-04
    11      3 -1.8946470967098439e-04  6.9340979368689559e-04
    11      4 -7.7381781815021197e-06  5.4712538765434142e-05
    11      5 -6.9825573003744418e-03 -2.0558228646738591e-03
    11      6 -2.8169531107123339e-03 -8.2937480148207994e-04
    11      7 -1.0085398720382693e-07  7.1177957245575531e-07
    11      8  1.5633998983770468e-03  2.2797151721462938e-04
    11      9  1.5626204536943928e-03  2.2776627386097411e-04
    11     10 -4.1677992395130661e-06  2.9534911547613371e-05
    11     11  0.0000000000000000e+00  0.0000000000000000e+00
    11     12 -7.3991075062283182e-02  2.8938806880026583e-07
    11     13 -4.6695027544291636e-07  7.6864321436306690e-07
    11     14 -9.6652994262353607e-07 -9.0494250973820601e-06
    11     15 -3.9365290111823751e-05 -4.2498626514937102e-04
    11     16 -1.0320689913625283e-07  7.7966522100952390e-07
    11     17  2.9303708979084849e-05 -1.7048693312655734e-07
    11     18  9.9610687060667970e-04 -5.5560945560360076e-06
    11     19 -2.3602728435280883e-07  1.9833555649852438e-06
    11     20 -2.8828581369616218e-05 -4.0029290273125846e-06
    11     21 -8.8213147397786745e-04 -1.2217342337201491e-04
    11     22  1.7429070038743959e-06  6.4389250994848001e-06
    11     23 -7.2998308565652557e-05  1.7874360899604834e-04
    11     24  8.6878072400349798e-05 -2.2156680919288292e-04
    11     25 -2.2956470103484106e-07  1.6191241334955347e-06
    11     26  6.8362717555900434e-06  1.9755838627483277e-06
    11     27  3.9816049456331179e-04  1.1506466434984327e-04
    12      1 -7.4097871857571697e-06  6.1611839331119421e-05
    12      2 -1.7827413241100633e-04  6.4429128901282817e-04
    12      3 -4.8170166858677449e-03  1.7629226771552042e-02
    12      4 -9.7283675508929761e-06  6.8790220982708285e-05
    12      5 -2.5986826357463863e-03 -7.6512296363069620e-04
    12      6 -8.3540025653400574e-02 -2.4596443336720460e-02
    12      7 -6.5159368937310602e-06  4.6036470640709650e-05
    12      8  1.4909241973308787e-03  2.1740782795510549e-04
    12      9  4.4555345777601951e-02  6.4945267265564734e-03
    12     10 -6.7686000688638971e-06  4.7809049027643228e-05
    12     11 -7.3991075062310480e-02 -2.8938370051419918e-07
    12     12  0.0000000000000000e+00  0.0000000000000000e+00
    12     13 -2.1317797235414809e-05  3.5107550307909093e-05
    12     14  4.9805223830990297e-05  4.6634607213012205e-04
    12     15 -1.7420916428866392e-03 -1.8808306218387721e-02
    12     16 -6.1527124614382470e-06  4.1352353990618380e-05
    12     17  9.1236185685519876e-04 -5.1436995695011183e-06
    12     18  3.7351721406603137e-02 -1.9448189211247638e-04
    12     19 -8.8591375095193312e-06  8.1948955123648312e-05
    12     20 -8.3387427936957486e-04 -1.1539365093787233e-04
    12     21 -3.4017039933116007e-02 -4.6801902802413899e-03
    12     22  2.3029894498144943e-05  8.5066649074297228e-05
    12     23 -9.4510215060787770e-05  2.3141274956522202e-04
    12     24  9.0751397570766612e-04 -2.3144064967499933e-03
    12     25 -7.9984447159476529e-06  5.6465249617962689e-05
    12     26  3.9816049423930752e-04  1.1506466425577263e-04
    12     27  1.6751803798282019e-02  4.8411958516825990e-03
    13      1 -3.0290813539695825e-04  1.3759698982556177e-04
    13      2 -5.1433861397768643e-06  2.2109874902439669e-06
    13      3 -1.4984153782349574e-05  6.8255302522058834e-06
    13      4  1.7424698097272286e-04 -7.4740628394397206e-05
    13      5  1.1550096142610581e-07  4.3599169625030960e-07
    13      6  1.3790442055857980e-06  5.1946159565777011e-06
    13      7 -1.4035528014443984e-03  6.0189025226317975e-04
    13      8  1.7105324453310110e-07  4.0292462582914695e-07
    13      9  1.5197674174185496e-05  3.5850180179038435e-05
    13     10  1.5917649286166155e-04 -6.8252983467735143e-05
    13     11 -4.6695027544319022e-07 -7.6864321436227630e-07
    13     12 -2.1317797235414691e-05 -3.5107550307909147e-05
    13     13  0.0000000000000000e+00  0.0000000000000000e+00
    13     14  1.5117372032260245e-05 -1.1527521050269859e-05
    13     15 -3.7455392722153306e-05  2.7772955943273553e-05
    13     16 -6.8788410446988637e-03  2.9481064197461508e-03
    13     17  2.7449804842619520e-05  4.4700891863970760e-05
    13     18  9.0019924202975461e-06  1.4657884809945952e-05
    13     19  1.2155312459121801e-04 -5.2107420306904536e-05
    13     20 -1.0909021990501618e-06 -2.5159486848923538e-06
    13     21 -2.3685200578250956e-05 -5.4623071824014599e-05
    13     22  1.5920762402372074e-04 -1.6710326598995656e-04
    13     23  1.4406731270551284e-06 -4.4528334592537220e-07
    13     24 -5.1017671969703815e-05  1.0809985547528654e-05
    13     25 -3.2910983138427041e-05  1.4109473253428196e-05
    13     26  1.7429072539462788e-06  6.4389260232385452e-06
    13     27  2.3029906627966298e-05  8.5066693881280181e-05
    14      1 -4.9466417180971243e-06 -4.5776334752035739e-07
    14      2  4.1948267532366661e-04  1.6571227628378726e-04
    14      3  6.9264942212129998e-04  2.7184994963261127e-04
    14      4  1.6288070026662164e-06  4.1075009887025889e-07
    14      5 -2.2461449683410341e-07  5.4208743753043779e-07
    14      6  1.8906697347755475e-04 -4.5640660372250810e-04
    14      7  9.0338828109838780e-07  2.2784144901540866e-07
    14      8  3.8717744356896069e-04 -1.5087671681521231e-03
    14      9  4.0016875752360169e-04 -1.5597607235244603e-03
    14     10  1.1092878833150419e-06  2.8004817533699441e-07
    14     11 -9.6652994263548770e-07  9.0494250973851501e-06
    14     12  4.9805223830990568e-05 -4.6634607213012162e-04
    14     13  1.5117381118209228e-05  1.1527527492999603e-05
    14     14  0.0000000000000000e+00  0.0000000000000000e+00
    14     15  7.9128406432183981e-02  1.1107884172683491e-03
    14     16  5.1503011831665853e-05  1.2997053586381759e-05
    14     17 -7.0483033259900675e-04  6.9277180293009352e-03
    14     18 -3.0106769554879946e-04  2.9591739203940729e-03
    14     19  3.0355821232144190e-06  7.6609992103587745e-07
    14     20  1.1292856279630693e-05 -4.5568291417658764e-05
    14     21 -4.1837570993036137e-05  1.6878483101869044e-04
    14     22  1.4406718791226207e-06 -4.4528314775765324e-07
    14     23 -3.5877508517010397e-05 -1.9384286255531997e-05
    14     24  1.2158227112978532e-03  6.3375148269655254e-04
    14     25  6.6552668581835388e-06  1.6790978227712619e-06
    14     26 -7.2998308567370665e-05  1.7874360900029665e-04
    14     27 -9.4510218198700334e-05  2.3141275724983127e-04
    15      1 -3.0859100451274168e-05 -8.2891484910915607e-06
    15      2 -6.0326521339983097e-04 -2.2917895137424622e-04
    15      3 -1.6318935863981157e-02 -6.1341563951302809e-03
    15      4 -5.5504552075036981e-05 -1.3162602990637487e-05
    15      5 -1.5106139156273945e-04  3.7964697555646718e-04
    15      6 -7.0653446630807339e-03  1.7756506322651355e-02
    15      7 -4.7500574934298611e-05 -1.1270449449631509e-05
    15      8 -3.3406648357213562e-04  1.3821054534063238e-03
    15      9 -9.9174311029879177e-03  4.1040610892252152e-02
    15     10 -4.5145052021241111e-05 -1.0714553257540983e-05
    15     11 -3.9365290111824158e-05  4.2498626514937037e-04
    15     12 -1.7420916428866427e-03  1.8808306218387721e-02
    15     13 -3.7455391664519183e-05 -2.7772955218833456e-05
    15     14  7.9128406432169507e-02 -1.1107884220015198e-03
    15     15  0.0000000000000000e+00  0.0000000000000000e+00
    15     16 -6.9077985360225898e-05 -1.6403595078454705e-05
    15     17  2.1994705057079447e-04 -2.5114627401795400e-03
    15     18  7.1295841155749025e-03 -8.1409069348308771e-02
    15     19 -7.1704211240901632e-05 -1.7023426046220357e-05
    15     20  3.2299860393151538e-05 -1.3865069690406455e-04
    15     21  2.1828339553886696e-03 -9.3670714863462734e-03
    15     22 -5.1017620028461465e-05  1.0809976521008354e-05
    15     23  1.2158227108649386e-03  6.3375148246542080e-04
    15     24 -4.2208118364099850e-02 -2.1238058039583160e-02
    15     25 -9.6842849367849022e-05 -2.2989566912615010e-05
    15     26  8.6878075434699263e-05 -2.2156681692772845e-04
    15     27  9.0751409641059988e-04 -2.3144068045753419e-03
    16      1 -1.5698348807548098e-03  3.3142750305960153e-05
    16      2  8.7638524584543153e-09  1.0733452007699260e-09
    16      3  5.7825898956874066e-09 -6.8189271311382576e-10
    16      4  1.8514051530012267e-04 -5.5510459839328266e-08
    16      5 -3.3144224677215471e-10  1.0812318692311253e-09
    16      6  9.4329324752396735e-11  8.8354458471733254e-09
    16      7 -3.4885060668540888e-04  7.6152463439483751e-08
    16      8 -2.4883039204517142e-08  6.2742526513425466e-06
    16      9 -2.3561765696111495e-07  5.9580246764296682e-05
    16     10  2.2972196115858117e-04 -4.8078513329513680e-08
    16     11 -1.0320689913663691e-07 -7.7966522100916709e-07
    16     12 -6.1527124614382241e-06 -4.1352353990618359e-05
    16     13 -6.8788410446989747e-03 -2.9481064197460789e-03
    16     14  5.1503011831663109e-05 -1.2997053586379901e-05
    16     15 -6.9077985360226047e-05  1.6403595078454881e-05
    16     16  0.0000000000000000e+00  0.0000000000000000e+00
    16     17  1.0357015793388469e-08  2.6631058273910005e-09
    16     18  2.5532609368839023e-09  8.1853463745377332e-10
    16     19 -3.4187480955429625e-04  1.5481958580022597e-07
    16     20  6.5770952586653842e-07  5.4781308076845802e-06
    16     21  1.1356621033069224e-06 -2.6841478581071453e-05
    16     22  1.7424698157720751e-04 -7.4740628653688276e-05
    16     23  1.6288085901559475e-06  4.1075049897172970e-07
    16     24 -5.5504614439152352e-05 -1.3162617782084544e-05
    16     25 -7.7504543669797560e-03  9.7346576433101792e-07
    16     26 -7.7381787318612960e-06  5.4712542656474729e-05
    16     27 -9.7283755417814819e-06  6.8790277476060585e-05
    17      1 -1.3184809077133881e-09  9.5170822731285993e-09
    17      2 -4.2801316355047848e-04  1.5172707963193900e-03
    17      3 -4.2804526343095809e-04  1.5362659719697278e-03
    17      4 -3.3144224080712515e-10  1.0812318936836242e-09
    17      5 -1.4626358718127311e-05 -4.3860746708614537e-06
    17      6  1.9382216000248366e-04  5.8121985146091556e-05
    17      7  7.7591060830516892e-07 -5.2926239417790614e-06
    17      8  4.6275799052175685e-04  6.9847300053788887e-05
    17      9  6.8308928112705653e-04  1.0306379163228281e-04
    17     10 -3.8502589831649481e-08  2.8506331857718408e-07
    17     11  2.9303708979089860e-05  1.7048693312347337e-07
    17     12  9.1236185685519887e-04  5.1436995695009717e-06
    17     13  2.7449804842617883e-05 -4.4700891863969445e-05
    17     14 -7.0483033259919020e-04 -6.9277180293009907e-03
    17     15  2.1994705057079222e-04  2.5114627401795408e-03
    17     16  1.0356994051483858e-08 -2.6536261825066269e-09
    17     17  0.0000000000000000e+00  0.0000000000000000e+00
    17     18 -7.0404050565974305e-02  1.0368393864447796e-08
    17     19  2.2726802110369887e-07 -6.1482561221593599e-06
    17     20  4.6341495185901711e-04  6.6003534723563007e-05
    17     21  7.0716174533469152e-04  1.0127534840914865e-04
    17     22  1.1550098940092716e-07  4.3599180160361103e-07
    17     23 -2.2461456619280677e-07  5.4208760497684392e-07
    17     24 -1.5106139050411892e-04  3.7964697289530553e-04
    17     25 -7.9654665973183532e-06  5.4281490801029854e-05
    17     26 -6.9825573237324119e-03 -2.0558228715509752e-03
    17     27 -2.5986826565187384e-03 -7.6512296974727849e-04
    18      1  2.9926967594581531e-10  2.0492739694471005e-09
    18      2 -4.2948173834307153e-04  1.5224746694218541e-03
    18      3 -1.3410609046664017e-02  4.8131022468139467e-02
    18      4  9.4329372559547978e-11  8.8354458646334968e-09
    18      5  1.9382216020355785e-04  5.8121985206483135e-05
    18      6  1.0403652876272082e-02  3.1197924992259311e-03
    18      7  1.9462799395959712e-06 -1.3274172428764132e-05
    18      8  6.9894164661531968e-04  1.0549467397590474e-04
    18      9  1.8698775172741142e-02  2.8212501824558377e-03
    18     10 -1.4812553928176276e-06  6.7879293465472496e-06
    18     11  9.9610687060667970e-04  5.5560945560357780e-06
    18     12  3.7351721406603137e-02  1.9448189211247079e-04
    18     13  9.0019924202974242e-06 -1.4657884809945906e-05
    18     14 -3.0106769554879968e-04 -2.9591739203940729e-03
    18     15  7.1295841155750370e-03  8.1409069348308882e-02
    18     16  2.5533414227782427e-09 -8.1954852256780845e-10
    18     17 -7.0404050565967782e-02 -1.0364141929272320e-08
    18     18  0.0000000000000000e+00  0.0000000000000000e+00
    18     19  1.3261837313473363e-06 -1.8859297644578018e-05
    18     20  7.2317488845891130e-04  1.0355616533577310e-04
    18     21  1.9409601873692547e-02  2.7744523894034073e-03
    18     22  1.3790446487945688e-06  5.1946176253164025e-06
    18     23  1.8906697224802687e-04 -4.5640660075613767e-04
    18     24 -7.0653446613957588e-03  1.7756506318416770e-02
    18     25 -2.9141322858123379e-06  1.9847833452626767e-05
    18     26 -2.8169531333121153e-03 -8.2937480813592636e-04
    18     27 -8.3540026383160368e-02 -2.4596443551581505e-02
    19      1 -7.7982365720337139e-03  1.6397403190020077e-04
    19      2 -5.3626681809793199e-05 -6.9681426700108287e-06
    19      3 -2.1018919833715318e-05 -2.6621196215485807e-06
    19      4 -3.4885060708455114e-04  7.6152463623468346e-08
    19      5  7.7591066127123094e-07 -5.2926243030188419e-06
    19      6  1.9462798857857244e-06 -1.3274172061811478e-05
    19      7 -4.0121114282378595e-05  5.4468690184731636e-09
    19      8 -2.8060278426073372e-08  6.9543539290591880e-06
    19      9 -4.0994587022651476e-07  1.0234340647358428e-04
    19     10  2.2109348890260593e-04 -4.3704940491445598e-08
    19     11 -2.3602728435312875e-07 -1.9833555649847521e-06
    19     12 -8.8591375095194125e-06 -8.1948955123648285e-05
    19     13  1.2155312459123728e-04  5.2107420306895192e-05
    19     14  3.0355821232148599e-06 -7.6609992103532253e-07
    19     15 -7.1704211240901592e-05  1.7023426046220513e-05
    19     16 -3.4187480955432081e-04 -1.5481958579174926e-07
    19     17  2.2726802110521771e-07  6.1482561221588025e-06
    19     18  1.3261837313473666e-06  1.8859297644577920e-05
    19     19  0.0000000000000000e+00  0.0000000000000000e+00
    19     20 -1.2154919859157639e-07 -2.6193939077812353e-05
    19     21 -1.9981418246084105e-07 -4.8028855452218287e-05
    19     22 -1.4035528061792796e-03  6.0189025429370870e-04
    19     23  9.0338945589060779e-07  2.2784174520130806e-07
    19     24 -4.7500634362052575e-05 -1.1270463549953873e-05
    19     25 -1.5583871891365357e-03  6.3277905688489878e-08
    19     26 -1.0085411867361382e-07  7.1178050134182121e-07
    19     27 -6.5159447076295202e-06  4.6036525849097709e-05
    20      1  9.2313349809035932e-07  5.4886322723749677e-05
    20      2  9.6978769030957052e-04 -7.2257931928027723e-03
    20      3  3.7233249545161898e-04 -2.8435322916007654e-03
    20      4 -2.4883044363788044e-08  6.2742539441530843e-06
    20      5  4.6275799005046994e-04  6.9847299982740522e-05
    20      6  6.9894164462947026e-04  1.0549467367596910e-04
    20      7 -2.8060282259625721e-08  6.9543548703710613e-06
    20      8 -2.0695851968792015e-04 -1.7117795917507757e-06
    20      9 -3.5054423063438913e-04 -2.8774603644737453e-06
    20     10 -5.8812880869093391e-08  1.8174389479815813e-06
    20     11 -2.8828581369610821e-05  4.0029290273172102e-06
    20     12 -8.3387427936957572e-04  1.1539365093787252e-04
    20     13 -1.0909021990490047e-06  2.5159486848923805e-06
    20     14  1.1292856279644188e-05  4.5568291417634085e-05
    20     15  3.2299860393153218e-05  1.3865069690406281e-04
    20     16  6.5770952586639284e-07 -5.4781308076841923e-06
    20     17  4.6341495185898935e-04 -6.6003534723559537e-05
    20     18  7.2317488845891347e-04 -1.0355616533577289e-04
    20     19 -1.2155064265068605e-07  2.6193929046560204e-05
    20     20  0.0000000000000000e+00  0.0000000000000000e+00
    20     21 -7.1469867394615236e-02 -4.0930444402955000e-06
    20     22  1.7105342301503496e-07  4.0292504690171422e-07
    20     23  3.8717744548221730e-04 -1.5087671756078413e-03
    20     24 -3.3406648626061456e-04  1.3821054645273864e-03
    20     25 -2.2962459195896703e-09  6.0625020620214973e-07
    20     26  1.5633999039553182e-03  2.2797151802808274e-04
    20     27  1.4909242120574801e-03  2.1740783010277431e-04
    21      1  1.1520942262471923e-06  6.8262775154705619e-05
    21      2  3.6721455871029725e-04 -2.7372691661223213e-03
    21      3  1.1600064023788530e-02 -8.8629583319627780e-02
    21      4 -2.3561784892857529e-07  5.9580295614731677e-05
    21      5  6.8308927884150349e-04  1.0306379128752842e-04
    21      6  1.8698775102765727e-02  2.8212501718980522e-03
    21      7 -4.0994606201343738e-07  1.0234345427095717e-04
    21      8 -3.5054423049361090e-04 -2.8774603631568988e-06
    21      9 -6.8015204646339339e-03 -5.5480534203870596e-05
    21     10 -3.2384792110148803e-06  7.5485153482701524e-05
    21     11 -8.8213147397786810e-04  1.2217342337201499e-04
    21     12 -3.4017039933116007e-02  4.6801902802413959e-03
    21     13 -2.3685200578251034e-05  5.4623071824014511e-05
    21     14 -4.1837570993037763e-05 -1.6878483101868892e-04
    21     15  2.1828339553886800e-03  9.3670714863462595e-03
    21     16  1.1356621033069047e-06  2.6841478581071477e-05
    21     17  7.0716174533469456e-04 -1.0127534840914833e-04
    21     18  1.9409601873692589e-02 -2.7744523894034246e-03
    21     19 -1.9981411240817377e-07  4.8028856515957573e-05
    21     20 -7.1469867394599637e-02  4.0930486796994092e-06
    21     21  0.0000000000000000e+00  0.0000000000000000e+00
    21     22  1.5197690758035585e-05  3.5850219298363686e-05
    21     23  4.0016876077644153e-04 -1.5597607362016646e-03
    21     24 -9.9174311758523440e-03  4.1040611193781898e-02
    21     25 -1.7129525951549513e-07  4.2047068524700182e-05
    21     26  1.5626204693147342e-03  2.2776627613847869e-04
    21     27  4.4555346267301801e-02  6.4945267979366911e-03
    22      1 -3.0840783140234564e-04 -1.2478332237164782e-04
    22      2  4.4067564340454400e-06  3.4523655438166814e-06
    22      3  1.2807622045336689e-05  1.0347740659222963e-05
    22      4 -6.8788410679270669e-03 -2.9481064297011087e-03
    22      5  2.7449806897371006e-05 -4.4700895209964909e-05
    22      6  9.0019927765633900e-06 -1.4657885389413031e-05
    22      7  1.2155312513939043e-04  5.2107420541873488e-05
    22      8 -1.0909018887661909e-06  2.5159479693939700e-06
    22      9 -2.3685184555023019e-05  5.4623034868905406e-05
    22     10 -3.2910983061247865e-05 -1.4109473220236729e-05
    22     11  1.7429070038744442e-06 -6.4389250994855303e-06
    22     12  2.3029894498144628e-05 -8.5066649074297445e-05
    22     13  1.5920762402371993e-04  1.6710326598995325e-04
    22     14  1.4406718791228060e-06  4.4528314775771698e-07
    22     15 -5.1017620028461431e-05 -1.0809976521008369e-05
    22     16  1.7424698157720821e-04  7.4740628653685551e-05
    22     17  1.1550098940210784e-07 -4.3599180160364364e-07
    22     18  1.3790446487944648e-06 -5.1946176253164253e-06
    22     19 -1.4035528061792273e-03 -6.0189025429368398e-04
    22     20  1.7105342301517699e-07 -4.0292504690319239e-07
    22     21  1.5197690758035591e-05 -3.5850219298363618e-05
    22     22  0.0000000000000000e+00  0.0000000000000000e+00
    22     23  1.5117394869406261e-05  1.1527537995284896e-05
    22     24 -3.7455438280041308e-05 -2.7772989786685024e-05
    22     25  1.5917649346333990e-04  6.8252983725771479e-05
    22     26 -4.6695083840559151e-07  7.6864414148970126e-07
    22     27 -2.1317823054417002e-05  3.5107592828336884e-05
    23      1 -4.9229539756573998e-06  6.6458722570984536e-07
    23      2 -4.4790937583296314e-04  5.2947811157701236e-05
    23      3 -7.3856761845003801e-04  9.0462682329164120e-05
    23      4  5.1503015591647349e-05 -1.2997054535267342e-05
    23      5 -7.0483033441065567e-04 -6.9277180471070563e-03
    23      6 -3.0106769706453806e-04 -2.9591739352855420e-03
    23      7  3.0355836085273306e-06 -7.6610029572824872e-07
    23      8  1.1292856273316823e-05  4.5568291392060561e-05
    23      9 -4.1837572345346653e-05 -1.6878483647596396e-04
    23     10  6.6552681878459000e-06 -1.6790981581312976e-06
    23     11 -7.2998308565599743e-05 -1.7874360899602983e-04
    23     12 -9.4510215060787770e-05 -2.3141274956522289e-04
    23     13  1.4406731270553096e-06  4.4528334592557941e-07
    23     14 -3.5877508517010790e-05  1.9384286255529822e-05
    23     15  1.2158227108649382e-03 -6.3375148246542059e-04
    23     16  1.6288085901553202e-06 -4.1075049897168788e-07
    23     17 -2.2461456618297779e-07 -5.4208760499302564e-07
    23     18  1.8906697224802742e-04  4.5640660075613724e-04
    23     19  9.0338945589031154e-07 -2.2784174520230237e-07
    23     20  3.8717744548228631e-04  1.5087671756077487e-03
    23     21  4.0016876077643860e-04  1.5597607362016698e-03
    23     22  1.5117385783456781e-05 -1.1527531552556679e-05
    23     23  0.0000000000000000e+00  0.0000000000000000e+00
    23     24  7.9128407874096765e-02 -1.1107884422373834e-03
    23     25  1.1092892730304882e-06 -2.8004852577386923e-07
    23     26 -9.6652995984104434e-07 -9.0494252586961917e-06
    23     27  4.9805223860452028e-05  4.6634607241108567e-04
    24      1 -3.0490174166217690e-05  9.5767458188615063e-06
    24      2  6.4181074706343546e-04 -6.7313829785411062e-05
    24      3  1.7333252324929466e-02 -1.8691997777503444e-03
    24      4 -6.9078045866536133e-05  1.6403609448284132e-05
    24      5  2.1994705164455759e-04  2.5114627524491420e-03
    24      6  7.1295841507519582e-03  8.1409069749977303e-02
    24      7 -7.1704271231338255e-05  1.7023440288315236e-05
    24      8  3.2299861591038434e-05  1.3865070204655840e-04
    24      9  2.1828340131455730e-03  9.3670717341952509e-03
    24     10 -9.6842906030676244e-05  2.2989580362259796e-05
    24     11  8.6878072400350340e-05  2.2156680919288379e-04
    24     12  9.0751397570762796e-04  2.3144064967500072e-03
    24     13 -5.1017671969703828e-05 -1.0809985547528599e-05
    24     14  1.2158227112978532e-03 -6.3375148269655232e-04
    24     15 -4.2208118364099850e-02  2.1238058039583153e-02
    24     16 -5.5504614439152325e-05  1.3162617782084504e-05
    24     17 -1.5106139050411924e-04 -3.7964697289530574e-04
    24     18 -7.0653446613957657e-03 -1.7756506318416757e-02
    24     19 -4.7500634362052602e-05  1.1270463549953785e-05
    24     20 -3.3406648626061131e-04 -1.3821054645273912e-03
    24     21 -9.9174311758522954e-03 -4.1040611193781898e-02
    24     22 -3.7455439337675546e-05  2.7772990511125724e-05
    24     23  7.9128407874111267e-02  1.1107884375042361e-03
    24     24  0.0000000000000000e+00  0.0000000000000000e+00
    24     25 -4.5145108713582789e-05  1.0714566711219835e-05
    24     26 -3.9365290137081000e-05 -4.2498626541021293e-04
    24     27 -1.7420916549647147e-03 -1.8808306348787607e-02
    25      1 -3.4807468030412844e-04  7.3048100015163802e-06
    25      2 -5.2306473878461042e-06 -6.7979945115769578e-07
    25      3 -1.2440605269264475e-05 -1.5748078642594507e-06
    25      4  2.2972196119131651e-04 -4.8078512390148874e-08
    25      5 -3.8502585537293136e-08  2.8506329422442040e-07
    25      6 -1.4812553598004727e-06  6.7879292758246182e-06
    25      7  2.2109348909874569e-04 -4.3704940596342913e-08
    25      8 -5.8812879167899900e-08  1.8174380282674376e-06
    25      9 -3.2384790852810958e-06  7.5485108465068958e-05
    25     10  2.0166748030885832e-04 -1.0469517485958419e-08
    25     11 -2.2956470103473902e-07 -1.6191241334956702e-06
    25     12 -7.9984447159476986e-06 -5.6465249617962702e-05
    25     13 -3.2910983138440919e-05 -1.4109473253419211e-05
    25     14  6.6552668581846213e-06 -1.6790978227704174e-06
    25     15 -9.6842849367848887e-05  2.2989566912615335e-05
    25     16 -7.7504543669799104e-03 -9.7346576429092276e-07
    25     17 -7.9654665973243756e-06 -5.4281490801034502e-05
    25     18 -2.9141322858120834e-06 -1.9847833452626679e-05
    25     19 -1.5583871891365975e-03 -6.3277905759420801e-08
    25     20 -2.2962459193352779e-09 -6.0625020620530112e-07
    25     21 -1.7129525951538520e-07 -4.2047068524700114e-05
    25     22  1.5917649346329363e-04 -6.8252983725774379e-05
    25     23  1.1092892730303973e-06  2.8004852577427014e-07
    25     24 -4.5145108713582802e-05 -1.0714566711219762e-05
    25     25  0.0000000000000000e+00  0.0000000000000000e+00
    25     26 -4.1678042547827513e-06  2.9534946975674111e-05
    25     27 -6.7686081751998553e-06  4.7809106286191751e-05
    26      1 -1.0330090862363430e-06 -6.3351037826740825e-06
    26      2  5.2965584172271603e-06  4.6530037095473165e-04
    26      3  1.0492480115934365e-05  7.1875166007141257e-04
    26      4 -1.0320708200728111e-07 -7.7966651547413834e-07
    26      5  2.9303708962275209e-05  1.7048693406793176e-07
    26      6  9.9610686975124094e-04  5.5560945755819366e-06
    26      7 -2.3602746169282211e-07 -1.9833568258958558e-06
    26      8 -2.8828581388147547e-05  4.0029290301772644e-06
    26      9 -8.8213147474521946e-04  1.2217342347798082e-04
    26     10 -2.2956486527513477e-07 -1.6191252931850119e-06
    26     11  6.8362717555784831e-06 -1.9755838627644738e-06
    26     12  3.9816049423930643e-04 -1.1506466425577268e-04
    26     13  1.7429072539455317e-06 -6.4389260232381039e-06
    26     14 -7.2998308567369391e-05 -1.7874360900023959e-04
    26     15  8.6878075434700455e-05  2.2156681692773301e-04
    26     16 -7.7381787318611758e-06 -5.4712542656477737e-05
    26     17 -6.9825573237324023e-03  2.0558228715510667e-03
    26     18 -2.8169531333121101e-03  8.2937480813592181e-04
    26     19 -1.0085411867387481e-07 -7.1178050134300875e-07
    26     20  1.5633999039554201e-03 -2.2797151802804496e-04
    26     21  1.5626204693147325e-03 -2.2776627613847901e-04
    26     22 -4.6695083840561513e-07 -7.6864414148995199e-07
    26     23 -9.6652995984374468e-07  9.0494252586661322e-06
    26     24 -3.9365290137080404e-05  4.2498626541021141e-04
    26     25 -4.1678019556642243e-06 -2.9534936633454290e-05
    26     26  0.0000000000000000e+00  0.0000000000000000e+00
    26     27 -7.3991075733295636e-02 -2.8938371949532666e-07
    27      1 -9.9866552882012161e-06 -6.1252765451324669e-05
    27      2  7.6114084572446462e-06  6.6845697379962253e-04
    27      3  2.6683050024989860e-04  1.8273535702910765e-02
    27      4 -6.1527204878753974e-06 -4.1352410753343915e-05
    27      5  9.1236185654302909e-04  5.1436995900719927e-06
    27      6  3.7351721395910503e-02  1.9448189231151950e-04
    27      7 -8.8591453061989353e-06 -8.1949010505455986e-05
    27      8 -8.3387428045426687e-04  1.1539365109993301e-04
    27      9 -3.4017039987742755e-02  4.6801902877610024e-03
    27     10 -7.9984520937348616e-06 -5.6465301711754114e-05
    27     11  3.9816049456331114e-04 -1.1506466434984310e-04
    27     12  1.6751803798281999e-02 -4.8411958516825955e-03
    27     13  2.3029906627965803e-05 -8.5066693881280221e-05
    27     14 -9.4510218198701201e-05 -2.3141275724983430e-04
    27     15  9.0751409641062070e-04  2.3144068045753557e-03
    27     16 -9.7283755417816022e-06 -6.8790277476060450e-05
    27     17 -2.5986826565187349e-03  7.6512296974727415e-04
    27     18 -8.3540026383160285e-02  2.4596443551581471e-02
    27     19 -6.5159447076296108e-06 -4.6036525849097682e-05
    27     20  1.4909242120574784e-03 -2.1740783010277442e-04
    27     21  4.4555346267301885e-02 -6.4945267979366460e-03
    27     22 -2.1317823054416965e-05 -3.5107592828336925e-05
    27     23  4.9805223860451025e-05 -4.6634607241108437e-04
    27     24 -1.7420916549647138e-03  1.8808306348787593e-02
    27     25 -6.7686083715668436e-06 -4.7809107416089575e-05
    27     26 -7.3991075733268324e-02  2.8938808777539399e-07
    27     27  0.0000000000000000e+00  0.0000000000000000e+00
