# AMAT exchange matrix
# mode pw_only
# implementation full_grid_only
# response_basis TODO
# shape 28 28
# q_ext 0.000000000000 0.333333333333 0.000000000000
# vasp_storage 0
# i j real imag
     1      1  0.0000000000000000e+00  0.0000000000000000e+00
     1      2 -6.9384417417608711e-06 -1.0496872789315017e-06
     1      3  1.7713198611894585e-05  2.6823091954399249e-06
     1      4  8.7710574944562360e-04  1.5008160005800279e-03
     1      5 -6.1635196956882731e-06  2.4837713460578577e-06
     1      6  1.8578467396304708e-05 -7.4844806402577370e-06
     1      7 -2.3092862622844739e-07  3.8231983161862476e-07
     1      8  9.3512216174553215e-05  5.6937754247834695e-05
     1      9 -9.5132958414363656e-05 -5.7931810006311914e-05
     1     10  3.7170939490409539e-05 -1.7439834376268408e-05
     1     11 -5.0172371629212762e-06 -7.6693802848139782e-06
     1     12 -1.7730266532284256e-04 -2.6289261600908752e-04
     1     13  5.4338455239586486e-05 -1.7205572035934482e-06
     1     14 -3.0416691447011255e-05  2.4864012157574112e-05
     1     15 -5.1209276373616948e-04  4.1903003155895812e-04
     1     16 -1.3791759386876650e-03  1.0684257742326520e-03
     1     17 -3.9232333459470016e-06 -3.7726993907150440e-06
     1     18 -1.8248814788655235e-05 -1.8051885488460781e-05
     1     19  4.7172386605828518e-03  6.6140768435393685e-03
     1     20 -3.3526024621562524e-05  2.4124702720621115e-05
     1     21  1.0601950028358931e-03  1.4764433813341665e-03
     1     22 -4.0091013285254210e-05  2.9041856049099868e-05
     1     23 -2.2075628025083167e-04  3.9814537770278369e-04
     1     24 -1.2092888854071799e-05  6.1632449000826471e-06
     1     25  7.9692154165765083e-06 -8.3029398598715762e-07
     1     26  2.3938241453376577e-04  4.0977393593283015e-04
     1     27 -1.9119006733920065e-06  7.8163920314994587e-07
     1     28  3.9187306551982491e-05 -1.6017685262981355e-05
     2      1 -6.9384513814337811e-06  1.0496887381447089e-06
     2      2  0.0000000000000000e+00  0.0000000000000000e+00
     2      3 -7.9765995827419181e-02  4.5815596000035748e-06
     2      4  4.7910386386290822e-06  5.9353482325533423e-06
     2      5 -1.4089104093657073e-03  8.3176059113474756e-04
     2      6 -1.4169701113030228e-03  8.3652578419564491e-04
     2      7  5.2469084490038259e-05 -1.2674850046391772e-04
     2      8 -7.4926628019696015e-06 -3.1386373895497518e-06
     2      9 -6.2204029199434431e-05 -2.6061917204979739e-05
     2     10  3.1418353189709463e-05 -2.0987173219489978e-05
     2     11  6.7022180189017105e-06  7.4959741046536426e-06
     2     12 -1.2070347750580498e-04 -1.3124438198568021e-04
     2     13 -1.4459546841542741e-05  2.6687988025783972e-06
     2     14 -3.4093233641187110e-06  3.8379683939911450e-06
     2     15 -9.7444172461245992e-05  1.0504591775380669e-04
     2     16 -6.0190948887849782e-06  6.3145661609558103e-06
     2     17 -1.3390554538364454e-03 -9.4714737785453246e-04
     2     18  1.3073118320329992e-03  9.5250518429824830e-04
     2     19  3.7659853702077786e-05  3.8855288227197649e-05
     2     20  5.4352925593806672e-03 -5.3125321936295673e-03
     2     21  2.5511925861064369e-04  2.6153000496729106e-04
     2     22  2.1494093644501833e-03 -2.1144161050152569e-03
     2     23 -1.0383690167552509e-06  2.6132194687275324e-07
     2     24 -3.8869109152129833e-04  2.4505510809757504e-04
     2     25 -5.3534143572150071e-04  3.3675870956613734e-04
     2     26  7.2507306914134304e-06  8.9856375435648748e-06
     2     27 -4.0864339895025525e-04  2.4401413394804799e-04
     2     28 -5.5017181755561079e-04  3.2852440708875177e-04
     3      1  1.7713199928904508e-05 -2.6823093924467357e-06
     3      2 -7.9765995827436847e-02 -4.5815547481477285e-06
     3      3  0.0000000000000000e+00  0.0000000000000000e+00
     3      4 -6.2841197217037348e-06 -7.7821956178638121e-06
     3      5 -1.4859548018745358e-03  8.7712747896563333e-04
     3      6 -4.3234530945416752e-02  2.5520702207360559e-02
     3      7  1.5744042779080729e-04 -3.8026311625065736e-04
     3      8  4.7219647852399368e-07  1.9745386785437657e-07
     3      9 -3.9005610655554451e-04 -1.6350507666855561e-04
     3     10  1.7654160448532334e-04 -1.1791324586417850e-04
     3     11  8.3295806534066551e-05  9.3173610928423570e-05
     3     12 -1.0712167636830994e-03 -1.1649820394586451e-03
     3     13 -2.2638056918697130e-04  4.2147438688757793e-05
     3     14 -5.3054014924693152e-05  5.5755550634794106e-05
     3     15 -8.7470151545725660e-04  8.5477018105528917e-04
     3     16 -4.4868036653727267e-06  4.7041380699609914e-06
     3     17 -1.4952347342824439e-03 -1.0577438184891607e-03
     3     18  3.9992952517267005e-02  2.9142267398415515e-02
     3     19  4.4017644875954485e-06  4.5427419710391656e-06
     3     20  2.0753781884887135e-03 -2.0282740243726081e-03
     3     21  1.2296070933773828e-03  1.2606716667556209e-03
     3     22  6.6945462502734032e-02 -6.5848033036196602e-02
     3     23  9.5528306194552316e-06 -3.4361550245413705e-05
     3     24 -5.2456061139415913e-04  3.2996659271222317e-04
     3     25 -1.3086803008544062e-02  8.2378507399331821e-03
     3     26 -5.6071205629451176e-07 -6.9650245530432553e-07
     3     27 -5.3827438275925467e-04  3.2138055348741629e-04
     3     28 -1.3600534622270233e-02  8.1202665659712708e-03
     4      1  8.7710574944558121e-04 -1.5008160005799370e-03
     4      2  4.7910386386285867e-06 -5.9353482325532601e-06
     4      3 -6.2841197217037738e-06  7.7821956178637816e-06
     4      4  0.0000000000000000e+00  0.0000000000000000e+00
     4      5  1.0535570970609767e-06 -7.1788730301216379e-06
     4      6 -1.7535652390736358e-06  1.1923829412671144e-05
     4      7  2.4992576713607148e-05  4.6030496806706523e-05
     4      8  3.5143509241649377e-05 -1.8952930478079847e-05
     4      9  6.1447063008154270e-04 -3.3174005965808757e-04
     4     10 -1.4499304349335493e-08  1.6433081490035582e-07
     4     11  1.1119952993414377e-04 -5.6132581090406276e-06
     4     12  7.8482818217527096e-05 -5.0650803183993447e-06
     4     13 -2.4750379505808332e-05  4.5818766172144989e-05
     4     14 -4.4747328382725197e-06 -2.8297177123864773e-05
     4     15 -7.5254972784338794e-05 -4.7591427871666262e-04
     4     16  8.4200545159225980e-06  6.4290611594795596e-05
     4     17  5.7677064970188634e-06 -1.6340599581772719e-06
     4     18  1.7359735031418209e-05 -4.6533102297576360e-06
     4     19 -4.7749793149482757e-04  4.3405980761016761e-05
     4     20  2.7032285616751504e-07  2.8411320905953531e-06
     4     21  5.6151912526313658e-04 -5.2863726456441496e-05
     4     22 -3.0554038620810020e-06 -3.1081835782154506e-05
     4     23 -3.9735272894685352e-03 -6.6981231704050159e-03
     4     24 -4.5816329795639077e-06  3.9096202634871447e-05
     4     25 -5.3196331671392764e-06  4.5362638664437535e-05
     4     26  1.1545279794404162e-04  2.3476155067828474e-08
     4     27  1.1180722097221735e-06 -7.8398163910593513e-06
     4     28 -1.8041925077331213e-06  9.1001615435773238e-06
     5      1 -6.1635196956872880e-06 -2.4837713460570175e-06
     5      2 -1.4089104093657058e-03 -8.3176059113473791e-04
     5      3 -1.4859548018745302e-03 -8.7712747896563029e-04
     5      4  1.0535572717902104e-06  7.1788832704126809e-06
     5      5  0.0000000000000000e+00  0.0000000000000000e+00
     5      6 -8.2866623846492363e-02  3.0890033462777345e-07
     5      7 -1.1454411336518817e-05  8.5956528015002999e-06
     5      8 -3.0374520694276329e-06 -3.9598864518185329e-06
     5      9 -8.4389136481269951e-05 -1.1652702203625753e-04
     5     10  1.4147786054562953e-04 -7.8774427874514707e-06
     5     11  2.2223753277846960e-06  1.1177804938972413e-05
     5     12 -1.7756430431451560e-05 -8.3179924722071334e-05
     5     13 -4.0512408403512622e-06 -1.4763965273506146e-06
     5     14 -8.6461750846748821e-06  2.6998442211862297e-06
     5     15 -2.2373870406532976e-04  6.9862145093075619e-05
     5     16 -8.0574060462817920e-06  2.2824432145238812e-06
     5     17 -3.2042203876959215e-06 -7.1389962289597172e-06
     5     18 -1.6281878350722580e-04 -3.7684833281155625e-04
     5     19  2.6095882913869098e-06  1.0828915082044025e-05
     5     20  4.6640557967327848e-04 -1.1447233330644016e-04
     5     21  8.1740581960243355e-05  3.3447030118420845e-04
     5     22  6.5790027485636239e-04 -1.6371768356166318e-04
     5     23 -4.0781139537917653e-05  3.3061728969320956e-05
     5     24 -7.2603472167272389e-03  2.1162030939071380e-04
     5     25 -2.9424941436075433e-03  8.5766538014188558e-05
     5     26  8.8571958673713143e-07  6.0282623219193962e-06
     5     27  3.6787468234139428e-05 -2.1732769700509791e-07
     5     28  1.2069827316168273e-03 -6.8393287804410252e-06
     6      1  1.8578467396304617e-05  7.4844806402578184e-06
     6      2 -1.4169701113030155e-03 -8.3652578419564100e-04
     6      3 -4.3234530945416613e-02 -2.5520702207360475e-02
     6      4 -1.7535653648453274e-06 -1.1923830808350875e-05
     6      5 -8.2866623846524060e-02 -3.0889530288307661e-07
     6      6  0.0000000000000000e+00  0.0000000000000000e+00
     6      7 -1.3822266043345707e-04  1.0425941317709870e-04
     6      8 -4.2491072996233648e-05 -6.0150178474965762e-05
     6      9 -6.7388693885987337e-04 -1.0329562619197251e-03
     6     10  4.6104075543510425e-04 -2.5668147009567333e-05
     6     11  8.4061232821280776e-06  4.2291382652780629e-05
     6     12 -1.1960015473048004e-04 -5.6061688205842012e-04
     6     13 -2.5395799201798812e-05 -9.2563307944596080e-06
     6     14 -1.5970820654001832e-04  4.9868225099506415e-05
     6     15 -2.0115884367856028e-03  6.2802917160776012e-04
     6     16 -4.7485645763494756e-06  1.3429529709185079e-06
     6     17  1.8608884811653224e-04  4.1462510874641428e-04
     6     18 -7.1213242500142195e-03 -1.6482439773688538e-02
     6     19 -1.3344886791410901e-06 -5.5364493495454124e-06
     6     20  6.1261762583789733e-04 -1.5035682572129286e-04
     6     21  3.8440466879795780e-04  1.5729997989758959e-03
     6     22  1.5848468438879521e-02 -3.9437658024152923e-03
     6     23 -7.5798837524918902e-06  6.1468356683777686e-06
     6     24 -2.7158712850628565e-03  7.9149218353701342e-05
     6     25 -8.7025103743415821e-02  2.5362014747809226e-03
     6     26 -4.6583969977258761e-06 -2.7304795873685835e-05
     6     27  1.1048579514221044e-03 -6.3231931900402120e-06
     6     28  4.5309537256291471e-02 -2.3720619831255909e-04
     7      1 -6.4611648019121357e-06 -1.0712074945125432e-05
     7      2  3.5927814855265156e-05  8.6789817170654208e-05
     7      3 -3.3813492826554871e-04 -8.1669391440353288e-04
     7      4  2.1215214790609363e-05 -3.9102915631788698e-05
     7      5 -4.7203704139916068e-05 -3.5492179886864016e-05
     7      6 -1.1745677664386413e-03 -8.8396251348289972e-04
     7      7  0.0000000000000000e+00  0.0000000000000000e+00
     7      8 -2.8273557255780246e-08  6.8384326216673333e-06
     7      9  9.5247954208406143e-08 -2.1948651389550908e-05
     7     10 -1.4327889312921666e-03 -9.5806855521677031e-04
     7     11  2.3692519280920526e-06 -4.9204760449628804e-06
     7     12  1.2522880439051980e-05 -2.6964935085406175e-05
     7     13 -9.1507577694490696e-04 -1.4079394944212338e-03
     7     14  5.8552477149892451e-06  2.0868216820176600e-06
     7     15 -2.6997265085703411e-05 -9.6234489730547189e-06
     7     16  2.9971645997999347e-05  1.1589309489548896e-05
     7     17  2.1482643635319950e-06 -9.4667403367706959e-06
     7     18 -2.5903173251747420e-04  1.0715841846672663e-03
     7     19 -3.2559032915584657e-04  7.5213496849499395e-04
     7     20 -3.6383562948314164e-03 -1.5569005192502990e-03
     7     21  6.1743710494320092e-04 -1.4389718051621668e-03
     7     22 -2.5156188507502019e-04 -1.0669178806012021e-04
     7     23 -4.9634150230994778e-05  1.7995341256942675e-06
     7     24  1.8543329256341554e-04  1.3123086428777186e-04
     7     25 -6.1278489156840049e-04 -4.3366689003590606e-04
     7     26 -2.1027376399668717e-05  3.9587710430391204e-05
     7     27  1.8151202730615039e-04  1.3524668042308287e-04
     7     28 -6.2348138958385525e-04 -4.6525410694387770e-04
     8      1  1.2477258261958744e-04 -7.5971539428331086e-05
     8      2 -1.2345940408750571e-05  5.1715602666404266e-06
     8      3 -3.5476236638101386e-04  1.4863242917505695e-04
     8      4  3.7500738863711896e-06  2.0063335758881463e-06
     8      5 -6.7393862793095746e-06  8.9236865047036116e-06
     8      6 -2.7509850655762803e-04  3.7204157342175868e-04
     8      7 -2.8272194899970563e-08 -6.8384435602352296e-06
     8      8  0.0000000000000000e+00  0.0000000000000000e+00
     8      9 -7.9661146155981452e-02 -4.5767126670203000e-06
     8     10  4.7422783712683315e-06 -7.1569313468007672e-06
     8     11  1.4829855489688734e-03  7.0642711277594519e-04
     8     12 -1.3924608242132930e-03 -6.3948196333273716e-04
     8     13  6.2786244356447074e-06 -4.1181601569183045e-06
     8     14 -5.3449973636176683e-04  1.5199360835607700e-03
     8     15 -4.9825705423545575e-04  1.4168534847166961e-03
     8     16  1.6575625799668938e-05 -4.3409326190878945e-05
     8     17 -1.6546453534242670e-05 -3.6815770075963474e-06
     8     18  4.8568890771061887e-04  1.1524448643384478e-04
     8     19 -3.6860506712421796e-03 -1.5773095953921944e-03
     8     20  7.4426143738825687e-05 -1.7597815797540189e-04
     8     21 -1.5535630858969675e-03 -6.5888649593982796e-04
     8     22  2.1150459484627028e-04 -5.0459365244129642e-04
     8     23 -1.1535155168533420e-05 -2.8510103115526587e-04
     8     24 -1.9823683159108375e-05  2.8263302800931637e-05
     8     25 -3.1542223496522749e-04  4.4970165472940312e-04
     8     26 -2.4692135277944730e-04 -1.3346525046715324e-04
     8     27 -2.7223255340484962e-05  3.6999952999372711e-05
     8     28 -3.7719412186658764e-04  5.0992226122058921e-04
     9      1  4.6936601967080468e-04 -2.8582524367224283e-04
     9      2  4.8215233000894212e-05 -2.0203207566144810e-05
     9      3 -1.5660374403535663e-03  6.5625015831501858e-04
     9      4  2.8322937348826654e-05  1.5373316148270218e-05
     9      5 -2.1950154715555652e-05  3.2796178362309272e-05
     9      6 -1.4732685117248836e-03  2.1048930025228340e-03
     9      7  9.5247894223308953e-08  2.1948652791207666e-05
     9      8 -7.9661146155964160e-02  4.5767173325571735e-06
     9      9  0.0000000000000000e+00  0.0000000000000000e+00
     9     10  1.9697062050698941e-06 -2.9714375355227573e-06
     9     11  1.5641598695060421e-03  7.4498578135373484e-04
     9     12 -4.1512119626546440e-02 -1.9061387000796882e-02
     9     13 -8.0493770003302649e-06  5.2829613943261284e-06
     9     14 -5.2185806828593121e-04  1.4842639837567167e-03
     9     15 -1.4632957212019869e-02  4.1618291883359082e-02
     9     16  1.3238959777023152e-04 -3.4677038584054196e-04
     9     17 -9.7666853585178041e-05 -2.1723450717207326e-05
     9     18  2.8761832448140662e-03  6.8224901053703718e-04
     9     19 -1.5050418996937389e-03 -6.4392717197823285e-04
     9     20  3.8393759778556879e-05 -9.0792861481856074e-05
     9     21 -5.0087599015692819e-02 -2.1239535600852302e-02
     9     22  1.2649124805687211e-03 -3.0184151002333928e-03
     9     23 -2.5095759753412302e-05 -6.1936753953011894e-04
     9     24 -6.2774724497747513e-05  8.9515654197880437e-05
     9     25 -1.9315086867183482e-03  2.7541955754173245e-03
     9     26 -5.4717790606161054e-04 -2.9451552700845030e-04
     9     27 -1.1540332214959677e-04  1.5527965517576745e-04
     9     28 -2.5092749549165106e-03  3.3606159338615159e-03
    10      1  1.1125874482213706e-05  5.2202547693612616e-06
    10      2 -4.5691118598735264e-06 -3.0524262046445721e-06
    10      3 -1.0250384445838335e-03 -6.8463694621488734e-04
    10      4  2.2161416031192954e-06  2.4498613755202519e-05
    10      5  9.6366198777649877e-05  5.3655855480799866e-06
    10      6 -9.8465966028219278e-04 -5.4823150261099584e-05
    10      7 -1.4327889312921434e-03  9.5806855521671241e-04
    10      8  4.7422783712687118e-06  7.1569313468007774e-06
    10      9  1.9697062050700953e-06  2.9714375355227315e-06
    10     10  0.0000000000000000e+00  0.0000000000000000e+00
    10     11 -9.9748153237646645e-07 -7.0409386131782233e-06
    10     12 -8.0158519147431023e-07 -5.1448802647210834e-06
    10     13  5.4377512415198785e-05  2.3316562107381263e-05
    10     14  7.6393034325441403e-06 -1.9266199680318221e-06
    10     15 -4.6632289174692311e-06  1.1749376961063015e-06
    10     16  3.3351356237179620e-05 -6.7335778614265440e-06
    10     17 -2.3113046686790888e-05 -6.0044895029966899e-05
    10     18  6.0581035321511311e-04  1.6475750440305705e-03
    10     19  1.1170006162973560e-05  5.8333528602452390e-05
    10     20 -2.2870699886544095e-04  4.2710662759878387e-05
    10     21 -1.9443563707509184e-04 -1.0318786354571810e-03
    10     22  8.7356415570071042e-04 -1.6554829606372658e-04
    10     23 -5.8472433595875377e-04  4.2243161221178086e-04
    10     24  3.7634765737269938e-03  9.9691724031994005e-05
    10     25  2.8647518868670689e-04  7.5876515352667648e-06
    10     26 -2.1796711641714069e-06 -2.4147201210156573e-05
    10     27 -3.6708348464370370e-05 -1.8596606344764762e-06
    10     28 -1.3716207754730135e-03 -6.9482471378573527e-05
    11      1 -2.4941516060144498e-05  3.8125395936686240e-05
    11      2  8.8152145391626322e-06 -9.8589510121963606e-06
    11      3  2.9725687215432183e-04 -3.3249703830984148e-04
    11      4  1.4684574999010265e-04  7.4126544067164308e-06
    11      5  3.0167181675524766e-06 -1.5173106374906769e-05
    11      6  7.1866353637695712e-05 -3.6147936974282105e-04
    11      7  2.3692519280934544e-06  4.9204760449627636e-06
    11      8  1.4829855489689446e-03 -7.0642711277597392e-04
    11      9  1.5641598695060452e-03 -7.4498578135373614e-04
    11     10 -9.9748377620769501e-07  7.0409500286444358e-06
    11     11  0.0000000000000000e+00  0.0000000000000000e+00
    11     12  8.8241087503162244e-02 -1.2387243560982603e-03
    11     13 -3.1845068164304468e-06  5.2441003291276895e-06
    11     14 -4.5189451814992704e-07 -4.2305052488985511e-06
    11     15  6.4410364493713737e-05  6.0309668509826676e-04
    11     16 -5.9985553483491447e-07 -7.0391256719703649e-06
    11     17  1.4939848246874276e-05 -3.2262103002728287e-06
    11     18 -4.9882655185372630e-04  1.0539413380445732e-04
    11     19  2.7989939404967674e-04 -1.1183372468609793e-05
    11     20  2.0535644170160052e-06  4.4693592200397729e-05
    11     21  6.8988344229771719e-04 -3.0854182004061412e-05
    11     22  2.6392993565281248e-05  5.6890857440152810e-04
    11     23  1.8099085333578519e-03  3.4345552465158817e-03
    11     24  3.3487980139204634e-05 -1.9853950381413011e-04
    11     25  8.1301854587076072e-05 -4.8197138100453281e-04
    11     26  1.3283954358916416e-05  6.7279839818240108e-07
    11     27  2.5073634390983680e-06 -1.2950614180949576e-05
    11     28  9.7030456158758320e-05 -5.0115532280423721e-04
    12      1  1.7944633781164128e-04 -2.6607328519859431e-04
    12      2 -3.3478436144634006e-05  3.6398457564879174e-05
    12      3 -1.7240208491217785e-03  1.8748315021467406e-03
    12      4 -5.6380842074408720e-04 -3.6402411855605231e-05
    12      5  6.0084702729051385e-06 -2.8158664220069731e-05
    12      6 -3.3420259831459646e-04  1.5659236500701664e-03
    12      7  1.2522880439051971e-05  2.6964935085406168e-05
    12      8 -1.3924608242132960e-03  6.3948196333273781e-04
    12      9 -4.1512119626546565e-02  1.9061387000796924e-02
    12     10 -8.0158545092096509e-07  5.1448818520461069e-06
    12     11  8.8241087503177232e-02  1.2387243508625422e-03
    12     12  0.0000000000000000e+00  0.0000000000000000e+00
    12     13 -9.4599057842918254e-06  1.5100572268106000e-05
    12     14 -5.0660304157252776e-05 -5.4694532087890923e-04
    12     15 -2.1921689850639700e-03 -2.3667517926127160e-02
    12     16  1.0171177361915656e-05  1.5165897201781800e-04
    12     17 -1.4936451896194506e-04  3.0333727071369022e-05
    12     18  3.1708450734262159e-03 -5.8329614817212438e-04
    12     19 -6.0141427254612411e-04  1.6559677479025182e-05
    12     20 -4.9213831619156403e-06 -1.8173192325819098e-04
    12     21 -1.9712709305405245e-02  5.9184524245338020e-04
    12     22 -1.0625000242011422e-04 -3.8108702431361441e-03
    12     23 -7.1331098838384372e-04 -1.4009384594407160e-03
    12     24 -1.7365458622484825e-05  9.4837653100732241e-05
    12     25 -5.3043831355474417e-04  2.8965210442405314e-03
    12     26 -1.7948825585132992e-04 -1.1617737732910237e-05
    12     27 -2.4834014749279831e-05  1.1928433775581776e-04
    12     28 -6.6802091272942965e-04  3.2084999464708020e-03
    13      1  3.6220168434549649e-05  1.1113905950850615e-06
    13      2 -5.7893415456399775e-05 -1.0745301154674552e-05
    13      3 -1.5969318466263287e-03 -2.9691508243022999e-04
    13      4 -1.8092643434470169e-05 -3.3493676788703543e-05
    13      5 -4.7171128010319602e-05  1.7189588258741653e-05
    13      6 -1.3372790588758645e-03  4.8732304751647693e-04
    13      7 -9.1507577694501104e-04  1.4079394944212832e-03
    13      8  6.2786244356460483e-06  4.1181601569176549e-06
    13      9 -8.0493770003301361e-06 -5.2829613943260014e-06
    13     10  5.4377512415234306e-05 -2.3316562107382814e-05
    13     11 -3.1845068164298094e-06 -5.2441003291282062e-06
    13     12 -9.4599057842918745e-06 -1.5100572268105949e-05
    13     13  0.0000000000000000e+00  0.0000000000000000e+00
    13     14  5.4251980379336875e-06 -4.1430476706195482e-06
    13     15 -1.3740468283666275e-05  1.0488561401067537e-05
    13     16 -7.6692196679651573e-06  5.5395419577763647e-06
    13     17  6.1273155889377640e-05  6.3022891912402069e-05
    13     18  7.0733228328937131e-04  7.4825682733811814e-04
    13     19  3.0671569403271087e-05  4.6214710606421221e-05
    13     20 -1.9353312463556857e-04  1.2961711274837558e-04
    13     21 -7.6578782295174514e-04 -1.1458550508796574e-03
    13     22  7.6042532410011817e-04 -5.1284269670949663e-04
    13     23  2.0137417299754878e-05 -3.3643482206239954e-05
    13     24 -5.4754054966168496e-05  2.1761115374568305e-05
    13     25 -1.5597772238802427e-03  6.1994205263746411e-04
    13     26  3.3852458059109748e-04  6.2694603536796103e-04
    13     27  3.5879281489020034e-03 -1.3278575347757519e-03
    13     28  1.5930443602010119e-04 -5.8951693322286964e-05
    14      1 -3.3079154562708027e-06 -2.6844468028397148e-06
    14      2 -6.3261164306509270e-06 -7.0659371303927126e-06
    14      3 -2.9243201912196564e-04 -3.2062264693009267e-04
    14      4  8.6092238545609620e-07 -5.4437205467285100e-06
    14      5 -1.3668710326081621e-05 -4.2681598917863942e-06
    14      6 -5.0444036686966951e-04 -1.5751138514162659e-04
    14      7  5.8552477149903064e-06 -2.0868216820182220e-06
    14      8 -5.3449973636175588e-04 -1.5199360835608379e-03
    14      9 -5.2185806828592893e-04 -1.4842639837567128e-03
    14     10  7.6393034325443758e-06  1.9266199680309560e-06
    14     11 -4.5189451815667281e-07  4.2305052489062761e-06
    14     12 -5.0660304157253616e-05  5.4694532087890837e-04
    14     13  5.4252081583221617e-06  4.1430546205835772e-06
    14     14  0.0000000000000000e+00  0.0000000000000000e+00
    14     15 -8.2761155577495818e-02 -3.0811252764329133e-07
    14     16  1.4095996252178554e-04  3.7516335919347540e-06
    14     17 -1.9907580742921381e-06 -1.6620295428062425e-05
    14     18  3.9952746935175040e-05  3.7848436806023279e-04
    14     19  1.8352161431781184e-05 -2.7688810055414681e-04
    14     20  3.3889258118524778e-05  2.1030331636411126e-06
    14     21  3.9482309611498249e-05 -6.2615811608721442e-04
    14     22  5.2545844812409786e-04  3.0915678502977494e-05
    14     23 -7.4834487552294529e-06  2.9577366430328370e-06
    14     24 -1.4083601554700072e-05 -3.9726064954407810e-06
    14     25 -5.6012609446157440e-04 -1.5826786480278252e-04
    14     26  5.9566996141528598e-04 -3.7625110704342869e-03
    14     27 -1.9314529741725907e-04 -5.9245726582934680e-05
    14     28 -4.9883740375817622e-04 -1.5302444017329655e-04
    15      1 -3.1182252136179327e-05 -2.5568676105525498e-05
    15      2 -1.2446296122099602e-05 -1.0993396499363854e-05
    15      3 -1.5928279989171042e-03 -1.6493853597684812e-03
    15      4  2.2513603689617697e-05 -1.4236196689235240e-04
    15      5 -1.1690592163232904e-04 -3.6504325688120327e-05
    15      6 -3.0925293626480671e-03 -9.6557066687170186e-04
    15      7 -2.6997265085703353e-05  9.6234489730547968e-06
    15      8 -4.9825705423545380e-04 -1.4168534847166909e-03
    15      9 -1.4632957212019813e-02 -4.1618291883359082e-02
    15     10 -4.6632289174692184e-06 -1.1749376961062602e-06
    15     11  6.4410364493714198e-05 -6.0309668509826676e-04
    15     12 -2.1921689850639700e-03  2.3667517926127174e-02
    15     13 -1.3740469596460207e-05 -1.0488562304561434e-05
    15     14 -8.2761155577464524e-02  3.0811733804951205e-07
    15     15  0.0000000000000000e+00  0.0000000000000000e+00
    15     16  5.7289598991322617e-04  1.5244402672482298e-05
    15     17 -1.3064767930791570e-06 -1.0893678827367736e-05
    15     18  1.8160840483322840e-04  1.7199082844406750e-03
    15     19  3.9038370035832313e-05 -5.8899363476696057e-04
    15     20  1.0371398197822024e-04  6.4357653085699365e-06
    15     21  1.2085802820938937e-03 -1.9169053714867539e-02
    15     22  3.1363927300130674e-03  1.8445257002426590e-04
    15     23 -1.4127931876794500e-04  5.5756276130695877e-05
    15     24 -1.6381673368074767e-04 -4.6997033864776622e-05
    15     25 -3.7114331742967186e-03 -1.0821143067632690e-03
    15     26  2.4489537051014618e-04 -1.5469154374292298e-03
    15     27 -9.8615918906870155e-05 -3.0247034300054378e-05
    15     28 -2.9313614086786616e-03 -8.9911878405522241e-04
    16      1 -1.3791759386877190e-03 -1.0684257742326396e-03
    16      2 -6.0190948887844649e-06 -6.3145661609563761e-06
    16      3 -4.4868036653728563e-06 -4.7041380699609533e-06
    16      4  8.4200545159592186e-06 -6.4290611594742375e-05
    16      5 -8.0574060462821563e-06 -2.2824432145243234e-06
    16      6 -4.7485645763495002e-06 -1.3429529709185324e-06
    16      7  2.5565660568746834e-05 -9.8857355984129767e-06
    16      8  4.8870536933341848e-06  1.2798855176484289e-05
    16      9 -1.0930342782597494e-04 -2.8629537799940781e-04
    16     10  4.4733783360971319e-05  9.2840229107962540e-06
    16     11 -3.2673542190984120e-06  4.0399359149406264e-05
    16     12  5.3400633002172065e-05 -8.0813594873112163e-04
    16     13 -6.6674656209914592e-06 -4.8160607345174410e-06
    16     14  1.0949237439451676e-04 -2.9140633517482404e-06
    16     15 -6.4967938445486444e-05  1.7295112927658194e-06
    16     16  0.0000000000000000e+00  0.0000000000000000e+00
    16     17 -1.0243131628460482e-06 -6.9692266503986544e-06
    16     18 -2.7282964274121822e-07 -2.0690650531870397e-06
    16     19 -1.8783195656306826e-05  4.7648822219797818e-04
    16     20  1.5940593449427769e-05 -2.2672811507628989e-07
    16     21  1.8978525977548103e-05 -5.4810747031689214e-04
    16     22  1.8491748783291074e-05 -1.6544928260284771e-06
    16     23  6.7487094632779937e-05 -2.8947581673043346e-05
    16     24 -7.6781929562909853e-06 -1.9352310506849107e-06
    16     25  1.2097172375292737e-05  3.0506430721213722e-06
    16     26 -1.0508308379265697e-03  8.0124576351456988e-03
    16     27  3.8554105455387326e-05  1.0712849986763593e-05
    16     28  2.3878032720545234e-05  6.6363325251218749e-06
    17      1 -3.9232333459470168e-06  3.7726993907170303e-06
    17      2 -1.3390554538364300e-03  9.4714737785453094e-04
    17      3 -1.4952347342824461e-03  1.0577438184891617e-03
    17      4  5.7677064970186449e-06  1.6340599581765415e-06
    17      5 -3.2042203877176056e-06  7.1389962289751535e-06
    17      6  1.8608884811653289e-04 -4.1462510874641428e-04
    17      7 -8.2217340108523615e-06 -3.6231951076523275e-05
    17      8 -8.8916074701365713e-06  1.9784171056406657e-06
    17      9 -1.6947408644152548e-04  3.7697411381578821e-05
    17     10 -5.7856679113490382e-06  1.4868881838459700e-05
    17     11  9.4255512138387557e-06  1.9605567056972469e-06
    17     12 -2.3019147498694093e-04 -4.7693975959598164e-05
    17     13  9.5132660963190209e-05 -9.7849251779859133e-05
    17     14 -1.1701083164644361e-06  9.7689507547570262e-06
    17     15 -1.0790438959111149e-05  9.0073292014234357e-05
    17     16 -1.0243133368392781e-06  6.9692368829078667e-06
    17     17  0.0000000000000000e+00  0.0000000000000000e+00
    17     18  8.8345946052225996e-02  1.2401968484868284e-03
    17     19 -1.8363601902212616e-06  5.0120219585809126e-07
    17     20  8.6935392195932787e-05 -4.7451380020921608e-04
    17     21  2.6272130384080299e-04  5.0911462408907105e-05
    17     22  1.3334747647267069e-04 -7.3635406498042538e-04
    17     23  1.4871984045801755e-06  5.6047500622157660e-06
    17     24  1.9537679382042105e-06 -4.7166384661485555e-06
    17     25  2.5484162756566535e-04 -6.1518583068261522e-04
    17     26  5.1406161820615625e-05  1.4572603210446250e-05
    17     27 -3.0784745210091459e-03  6.9520522793288979e-03
    17     28 -1.3428448250674863e-03  3.0325175882211174e-03
    18      1 -1.8248814788655212e-05  1.8051885488460890e-05
    18      2  1.3073118320330018e-03 -9.5250518429824916e-04
    18      3  3.9992952517267005e-02 -2.9142267398415501e-02
    18      4  1.7359735031418239e-05  4.6533102297575767e-06
    18      5 -1.6281878350722645e-04  3.7684833281155603e-04
    18      6 -7.1213242500142125e-03  1.6482439773688538e-02
    18      7  4.6568339430065305e-05  1.9265037300153791e-04
    18      8  1.0353369367720343e-04 -2.4565747434487877e-05
    18      9  1.4677055112262269e-03 -3.4810017958446894e-04
    18     10  1.0361023246586313e-04 -2.8118426561862402e-04
    18     11 -1.7817697388181449e-04 -3.6522707186867497e-05
    18     12  2.0565012585269703e-03  3.6028385589511057e-04
    18     13 -2.5622459705152496e-04  2.7105422898179247e-04
    18     14  1.7137153771060049e-06 -1.6242629117700072e-05
    18     15  5.0671422903798586e-05 -4.7938277437660709e-04
    18     16 -2.7282976260454412e-07  2.0690665365569758e-06
    18     17  8.8345946052209023e-02 -1.2401968539260896e-03
    18     18  0.0000000000000000e+00  0.0000000000000000e+00
    18     19  4.8350984954323597e-05  6.2731613139877134e-06
    18     20 -1.0928162368695232e-04  6.4360146155447622e-04
    18     21 -1.1904340467103996e-03 -2.7932141452904782e-04
    18     22 -2.7901672173886293e-03  1.6803496842195731e-02
    18     23  3.8195361279251496e-06  1.3626542570642526e-05
    18     24 -2.0302920164455302e-04  5.1025442061794772e-04
    18     25 -9.2813210288612107e-03  2.3325661586748439e-02
    18     26 -8.4496408715505978e-07 -2.2561183257847749e-07
    18     27  1.1036229359115699e-03 -2.5898857440238947e-03
    18     28  3.5852811674566991e-02 -8.4136252488514349e-02
    19      1  4.7172386605830712e-03 -6.6140768435396704e-03
    19      2  3.7659853702076634e-05 -3.8855288227200035e-05
    19      3  4.4017644875954078e-06 -4.5427419710390300e-06
    19      4 -4.7749793149481521e-04 -4.3405980761016754e-05
    19      5  2.6095882913866366e-06 -1.0828915082044147e-05
    19      6 -1.3344886791410621e-06  5.5364493495455072e-06
    19      7 -3.1930591118260184e-04 -7.3761803285293066e-04
    19      8 -3.6512177096759239e-03  1.5624040679658405e-03
    19      9 -8.7953106466989771e-04  3.7630256656493295e-04
    19     10  5.3187715669284567e-06 -2.6333346116073038e-05
    19     11  2.4233224462942080e-04  9.6717798471931368e-06
    19     12  5.5668791762451646e-05  6.4453203377060853e-07
    19     13  1.8570328952956922e-05 -2.7980782209662032e-05
    19     14  1.5951580868643899e-05  2.4067031719968358e-04
    19     15 -3.3369281585651929e-06 -5.0344426871534124e-05
    19     16 -1.8783195656203515e-05 -4.7648822219802144e-04
    19     17 -1.8363601902219257e-06 -5.0120219585867995e-07
    19     18  4.8350984954323515e-05 -6.2731613139879370e-06
    19     19  0.0000000000000000e+00  0.0000000000000000e+00
    19     20  2.8999514250539914e-08  6.7985918770913293e-06
    19     21 -7.6051442771832900e-02  2.4447067270453221e-04
    19     22 -1.8988682149805661e-07 -2.5725402649684430e-05
    19     23 -7.1916229912483490e-04 -1.5088660446433569e-03
    19     24  1.3214061815402239e-06 -6.2809489089570653e-06
    19     25 -6.3220113178560573e-06  3.0049464266624012e-05
    19     26 -1.7023235913673160e-03 -1.5505007233209336e-04
    19     27  1.5236416639559842e-06 -6.4643739465940306e-06
    19     28 -6.4344211173607327e-06  2.7296391306600520e-05
    20      1 -3.3526024621564008e-05 -2.4124702720622718e-05
    20      2  5.4352925593804339e-03  5.3125321936293955e-03
    20      3  2.0753781884887195e-03  2.0282740243726181e-03
    20      4  2.7032285616609351e-07 -2.8411320905946145e-06
    20      5  4.6640557967327079e-04  1.1447233330642918e-04
    20      6  6.1261762583789863e-04  1.5035682572129254e-04
    20      7 -3.6768582302096325e-03  1.5733762013171589e-03
    20      8  7.2580892553791659e-05  1.7161518016667465e-04
    20      9  8.7539413060768224e-05  2.0700865357352544e-04
    20     10 -2.6955591539546688e-04 -5.0357220950010335e-05
    20     11  1.9351660612924048e-06 -4.2029668100793127e-05
    20     12 -9.0299119249622923e-06  3.1691485925722793e-04
    20     13 -2.2896889461630914e-04 -1.5334973597015732e-04
    20     14  3.0069050477094455e-05 -1.8659244092797107e-06
    20     15  2.3683011927288708e-04 -1.4696444568011886e-05
    20     16  1.5940593449427122e-05  2.2672811507661515e-07
    20     17  8.6935392195899624e-05  4.7451380020927311e-04
    20     18 -1.0928162368695275e-04 -6.4360146155447405e-04
    20     19  2.8998151777971715e-08 -6.7986028185144728e-06
    20     20  0.0000000000000000e+00  0.0000000000000000e+00
    20     21  3.3770007820395815e-07 -3.4516587400191021e-04
    20     22 -7.7497118496276107e-02  2.4911629058287061e-04
    20     23  6.2869695586668250e-06 -2.9641029770836943e-06
    20     24  1.5700769773919531e-03  3.3717617863448048e-04
    20     25  1.4317596120210483e-03  3.0747388963156454e-04
    20     26  6.5549845533228279e-07 -6.8771192526504965e-06
    20     27  1.5882660551213271e-03  3.8139152726523264e-04
    20     28  1.4766378631814034e-03  3.5458694211968749e-04
    21      1  1.0601950028358848e-03 -1.4764433813341548e-03
    21      2  2.5511925861064369e-04 -2.6153000496729095e-04
    21      3  1.2296070933773772e-03 -1.2606716667556213e-03
    21      4  5.6151912526313874e-04  5.2863726456440385e-05
    21      5  8.1740581960243261e-05 -3.3447030118420850e-04
    21      6  3.8440466879795888e-04 -1.5729997989758948e-03
    21      7  2.2927672029449643e-04  5.3433826529407597e-04
    21      8 -1.3151251486876792e-03  5.5776274746584926e-04
    21      9 -4.4396831524936987e-02  1.8826378717687484e-02
    21     10 -9.5711236099420592e-05  5.0159145816757638e-04
    21     11  4.2432301178529149e-04  1.9313271380557196e-05
    21     12 -1.3905474239686653e-02 -4.2109179778601852e-04
    21     13 -3.1290497575579959e-04  4.6820076355800957e-04
    21     14  2.4229188653144316e-05  3.8426535520994377e-04
    21     15  8.6200341936798551e-04  1.3672058480105196e-02
    21     16  1.8978525977545000e-05  5.4810747031689561e-04
    21     17  2.6272130384080304e-04 -5.0911462408906956e-05
    21     18 -1.1904340467103994e-03  2.7932141452904381e-04
    21     19 -7.6051442771856395e-02 -2.4447066540816335e-04
    21     20  3.3770001512028007e-07  3.4516587536989856e-04
    21     21  0.0000000000000000e+00  0.0000000000000000e+00
    21     22  6.4473973234846037e-06  1.5311309747688729e-03
    21     23 -1.6833396731928360e-04 -3.5612031375384726e-04
    21     24  6.9341606127848554e-05 -3.2445434842840425e-04
    21     25  2.9122002885193058e-04 -1.3626664111450883e-03
    21     26 -4.0044802155781095e-04 -3.7774354426128062e-05
    21     27  7.9056457098186650e-05 -3.3065818902175398e-04
    21     28  3.4448948584357296e-04 -1.4409061245118828e-03
    22      1 -4.0091013285254088e-05 -2.9041856049099918e-05
    22      2  2.1494093644501902e-03  2.1144161050152687e-03
    22      3  6.6945462502733977e-02  6.5848033036196685e-02
    22      4 -3.0554038620809444e-06  3.1081835782154513e-05
    22      5  6.5790027485636542e-04  1.6371768356166286e-04
    22      6  1.5848468438879576e-02  3.9437658024152715e-03
    22      7 -1.4377578697713656e-03  6.0977464850672054e-04
    22      8  6.2355917786838019e-05  1.4876861867290536e-04
    22      9  7.6564279593485998e-04  1.8271775705105458e-03
    22     10 -5.3741991804364005e-04 -1.0328088414194484e-04
    22     11  1.1114156077036992e-05 -2.4837109399541605e-04
    22     12 -7.3398295437011055e-05  2.8327712493923605e-03
    22     13 -3.8919739090210797e-04 -2.6247531357941344e-04
    22     14  1.6882116675254384e-04 -9.9319846111700522e-06
    22     15  2.0518075528854615e-03 -1.2062254139812995e-04
    22     16  1.8491748783291074e-05  1.6544928260283807e-06
    22     17  1.3334747647267091e-04  7.3635406498042321e-04
    22     18 -2.7901672173886397e-03 -1.6803496842195689e-02
    22     19 -1.8988676721345277e-07  2.5725404018049974e-05
    22     20 -7.7497118496290568e-02 -2.4911628609598291e-04
    22     21  6.4473990962327846e-06 -1.5311309512261362e-03
    22     22  0.0000000000000000e+00  0.0000000000000000e+00
    22     23 -1.8551930744440872e-05  8.6724720862948413e-06
    22     24  1.4437977394459547e-03  3.1491746053151533e-04
    22     25  4.3037505995833183e-02  9.3872090944828943e-03
    22     26 -2.2679699440664615e-06  2.2999807965192504e-05
    22     27  1.4884272575349583e-03  3.6248035678709595e-04
    22     28  4.4870805807031983e-02  1.0927524861600282e-02
    23      1 -2.2075628025085211e-04 -3.9814537770286240e-04
    23      2 -1.0383690167543844e-06 -2.6132194687160466e-07
    23      3  9.5528306194552248e-06  3.4361550245413617e-05
    23      4 -3.9735272894685231e-03  6.6981231704051052e-03
    23      5 -4.0781139537916881e-05 -3.3061728969323043e-05
    23      6 -7.5798837524920190e-06 -6.1468356683776975e-06
    23      7 -3.5207088361208450e-05 -1.2766496415648327e-06
    23      8 -9.9415384241067745e-06  2.4571293920775208e-04
    23      9  6.0502279422469372e-06 -1.4933146735123513e-04
    23     10 -5.5951075570087442e-04 -4.0421645860593089e-04
    23     11  1.7914481762956870e-03 -3.3995240887771862e-03
    23     12 -3.7396762560818397e-04  7.3447107160702846e-04
    23     13  3.0681467109468340e-05  5.1229572214438424e-05
    23     14 -4.2768971210363713e-05 -1.6993534884682070e-05
    23     15 -8.1820423382146751e-04 -3.2502612652533428e-04
    23     16  6.7487094632775303e-05  2.8947581673035539e-05
    23     17  1.4871984045797492e-06 -5.6047500622158193e-06
    23     18  3.8195361279250666e-06 -1.3626542570642550e-05
    23     19 -7.1916229912485420e-04  1.5088660446432583e-03
    23     20  6.2869695586663651e-06  2.9641029770847793e-06
    23     21 -1.6833396731928381e-04  3.5612031375385073e-04
    23     22 -1.8551930744440764e-05 -8.6724720862949768e-06
    23     23  0.0000000000000000e+00  0.0000000000000000e+00
    23     24 -5.2495674859516705e-06 -4.0076949849054623e-06
    23     25  2.0847810816238815e-05  1.5916345179552897e-05
    23     26  3.1367207950132320e-05 -5.2854235081996999e-05
    23     27 -5.2841391411877207e-06 -4.2402921601892791e-06
    23     28  1.8051423226517099e-05  1.4483561478136088e-05
    24      1 -1.2092888854072450e-05 -6.1632449000821397e-06
    24      2 -3.8869109152131991e-04 -2.4505510809763983e-04
    24      3 -5.2456061139415739e-04 -3.2996659271221839e-04
    24      4 -4.5816329795645566e-06 -3.9096202634872545e-05
    24      5 -7.2603472167273439e-03 -2.1162030939062589e-04
    24      6 -2.7158712850628547e-03 -7.9149218353695867e-05
    24      7  2.1825648510246068e-04 -1.5445977167940085e-04
    24      8 -1.7021958338863566e-05 -2.4268654580257157e-05
    24      9 -1.2965324973054514e-04 -1.8487281281687318e-04
    24     10  3.8033351224095787e-03 -1.0074760345322693e-04
    24     11  3.3009673288395965e-05  1.9570375009800723e-04
    24     12 -3.9846036215002362e-05 -2.1756254922750449e-04
    24     13 -1.6715811804760301e-05 -6.6302809460225370e-06
    24     14 -1.0218532909685201e-05  2.8883032228343008e-06
    24     15 -2.8180963166542813e-04  8.0101340649866724e-05
    24     16 -7.6781929562906770e-06  1.9352310506845694e-06
    24     17  1.9537679382105701e-06  4.7166384661547219e-06
    24     18 -2.0302920164455280e-04 -5.1025442061794751e-04
    24     19  1.3214061815398446e-06  6.2809489089560540e-06
    24     20  1.5700769773918882e-03 -3.3717617863445273e-04
    24     21  6.9341606127848554e-05  3.2445434842840425e-04
    24     22  1.4437977394459586e-03 -3.1491746053151587e-04
    24     23 -5.2495776121914280e-06  4.0077019388727919e-06
    24     24  0.0000000000000000e+00  0.0000000000000000e+00
    24     25 -7.7974909300850853e-02 -2.6872074101396628e-08
    24     26  7.6115537174256669e-07  6.5037366703185347e-06
    24     27 -6.9909477899716271e-06 -1.6863131443793175e-07
    24     28  4.9068054883137126e-04  1.1843677347542084e-05
    25      1  7.9692154165764744e-06  8.3029398598708985e-07
    25      2 -5.3534143572149767e-04 -3.3675870956613322e-04
    25      3 -1.3086803008544021e-02 -8.2378507399331266e-03
    25      4 -5.3196331671393848e-06 -4.5362638664437501e-05
    25      5 -2.9424941436075416e-03 -8.5766538014182974e-05
    25      6 -8.7025103743415960e-02 -2.5362014747807647e-03
    25      7  3.9721556074347902e-04 -2.8110842414019065e-04
    25      8 -9.7738176867844364e-05 -1.3934822574983611e-04
    25      9 -1.1620349480037568e-03 -1.6570668084023223e-03
    25     10  1.6644887329365092e-03 -4.4091318765979252e-05
    25     11  2.8782012364518328e-05  1.7064454634836484e-04
    25     12 -3.4353851211267253e-04 -1.8762611348765790e-03
    25     13 -3.2380565635604984e-04 -1.2829697890449508e-04
    25     14 -2.2187747144652216e-04  6.3370524077414059e-05
    25     15 -2.6097270559367158e-03  7.7300723095003127e-04
    25     16  1.2097172375292791e-05 -3.0506430721214353e-06
    25     17  2.5484162756566459e-04  6.1518583068261522e-04
    25     18 -9.2813210288612037e-03 -2.3325661586748439e-02
    25     19 -6.3220113178560183e-06 -3.0049464266623999e-05
    25     20  1.4317596120210531e-03 -3.0747388963156514e-04
    25     21  2.9122002885193182e-04  1.3626664111450880e-03
    25     22  4.3037505995833211e-02 -9.3872090944828353e-03
    25     23  2.0847812056390758e-05 -1.5916346037269546e-05
    25     24 -7.7974909300858430e-02  2.6876505201655722e-08
    25     25  0.0000000000000000e+00  0.0000000000000000e+00
    25     26 -3.2716862159083543e-06 -2.7964706507723448e-05
    25     27  4.9139385176128316e-04  1.1861177025854703e-05
    25     28  2.3472815881678072e-02  5.6649573804189450e-04
    26      1  2.3938241453378962e-04 -4.0977393593284240e-04
    26      2  7.2507306914135015e-06 -8.9856375435644462e-06
    26      3 -5.6071205629455750e-07  6.9650245530434077e-07
    26      4  1.1545279794403083e-04 -2.3476155073802316e-08
    26      5  8.8571958673740777e-07 -6.0282623219189972e-06
    26      6 -4.6583969977258922e-06  2.7304795873685841e-05
    26      7 -1.3301682266107346e-05 -2.5424756141536211e-05
    26      8 -2.1298795001096116e-04  1.1513984636251059e-04
    26      9  7.7450327881555306e-05 -4.2762245663742558e-05
    26     10 -5.1480853215055917e-06  5.7031589211096705e-05
    26     11 -2.5060645630248483e-05  1.2695565072078002e-06
    26     12  5.0616397126234194e-04 -3.2770057325041476e-05
    26     13  3.2795226783320804e-04 -6.0736590727999062e-04
    26     14  5.8988292204077502e-04  3.7259572833977976e-03
    26     15  1.4019286066314465e-04  8.8554219922232853e-04
    26     16 -1.0508308379267039e-03 -8.0124576351456381e-03
    26     17  5.1406161820617678e-05 -1.4572603210447021e-05
    26     18 -8.4496408715487682e-07  2.2561183257833265e-07
    26     19 -1.7023235913673684e-03  1.5505007233207490e-04
    26     20  6.5549845533487524e-07  6.8771192526508751e-06
    26     21 -4.0044802155781312e-04  3.7774354426130014e-05
    26     22 -2.2679699440666009e-06 -2.2999807965192548e-05
    26     23  3.1367207950148705e-05  5.2854235082032480e-05
    26     24  7.6115537174308751e-07 -6.5037366703189184e-06
    26     25 -3.2716862159083802e-06  2.7964706507723529e-05
    26     26  0.0000000000000000e+00  0.0000000000000000e+00
    26     27  9.4891361153657617e-07 -6.7070058078193789e-06
    26     28 -3.5640350415520677e-06  2.5182950710614208e-05
    27      1 -1.9119006733923877e-06 -7.8163920315074081e-07
    27      2 -4.0864339895021822e-04 -2.4401413394800018e-04
    27      3 -5.3827438275925684e-04 -3.2138055348741629e-04
    27      4  1.1180722097224584e-06  7.8398163910596952e-06
    27      5  3.6787468234139814e-05  2.1732769699873645e-07
    27      6  1.1048579514221044e-03  6.3231931900402425e-06
    27      7  2.1471804750439714e-04 -1.5997032269484860e-04
    27      8 -2.4324943314120023e-05 -3.3072654066263117e-05
    27      9 -1.8748853991823835e-04 -2.5295779357068876e-04
    27     10  4.3181706592283516e-06 -2.1873786087161515e-07
    27     11  1.9712712485369041e-06  1.0181313359274194e-05
    27     12 -5.1457833540162218e-05 -2.4713443199770343e-04
    27     13  3.6274681119544188e-03  1.3424908586054905e-03
    27     14 -1.8935446041925882e-04  5.8082903386538329e-05
    27     15 -2.2196425673560790e-04  6.8088156298994718e-05
    27     16  3.8554105455386350e-05 -1.0712849986764582e-05
    27     17 -3.0784745210091424e-03 -6.9520522793288545e-03
    27     18  1.1036229359115729e-03  2.5898857440238955e-03
    27     19  1.5236416639545055e-06  6.4643739465930777e-06
    27     20  1.5882660551212529e-03 -3.8139152726520488e-04
    27     21  7.9056457098186718e-05  3.3065818902175404e-04
    27     22  1.4884272575349561e-03 -3.6248035678709519e-04
    27     23 -5.2841391411867940e-06  4.2402921601894654e-06
    27     24 -6.9909477899592943e-06  1.6863131442097034e-07
    27     25  4.9139385176128294e-04 -1.1861177025854330e-05
    27     26  9.4891585758513021e-07  6.7070172383085889e-06
    27     27  0.0000000000000000e+00  0.0000000000000000e+00
    27     28 -7.7977424557765851e-02  2.6555468554206486e-08
    28      1  3.9187306551982532e-05  1.6017685262981402e-05
    28      2 -5.5017181755561209e-04 -3.2852440708875156e-04
    28      3 -1.3600534622270219e-02 -8.1202665659712361e-03
    28      4 -1.8041925077331863e-06 -9.1001615435773322e-06
    28      5  1.2069827316168273e-03  6.8393287804409532e-06
    28      6  4.5309537256291478e-02  2.3720619831255478e-04
    28      7  3.9519424866031041e-04 -2.9319965033603064e-04
    28      8 -1.4905471224782260e-04 -2.0080474141662209e-04
    28      9 -1.7273264350139189e-03 -2.3010325938840909e-03
    28     10  4.1758506447771336e-05 -2.1144943133878706e-06
    28     11  3.6233083616061561e-05  1.8715046311248366e-04
    28     12 -4.6289741584039053e-04 -2.2234811049447758e-03
    28     13  1.4404488522547047e-03  5.3309451815764419e-04
    28     14 -1.5861800628829819e-04  4.8656589341063286e-05
    28     15 -1.8683237201061928e-03  5.7299708607010883e-04
    28     16  2.3878032720545305e-05 -6.6363325251218631e-06
    28     17 -1.3428448250674902e-03 -3.0325175882211191e-03
    28     18  3.5852811674567046e-02  8.4136252488514376e-02
    28     19 -6.4344211173607751e-06 -2.7296391306600408e-05
    28     20  1.4766378631814012e-03 -3.5458694211968592e-04
    28     21  3.4448948584357280e-04  1.4409061245118826e-03
    28     22  4.4870805807031899e-02 -1.0927524861600240e-02
    28     23  1.8051423226517174e-05 -1.4483561478136088e-05
    28     24  4.9068054883137104e-04 -1.1843677347541501e-05
    28     25  2.3472815881678086e-02 -5.6649573804189819e-04
    28     26 -3.5640352556802286e-06 -2.5182952126937656e-05
    28     27 -7.7977424557758329e-02 -2.6551009746124860e-08
    28     28  0.0000000000000000e+00  0.0000000000000000e+00
