                27                27
     1BSE eigenvalue    0.04300756      IP-eigenvalue:    1.53335004
  0.00000  0.00000  0.00000    -6.0785256    -2.3708546     0.0000020     9    11     -0.000000+i*     0.000000
  0.00000  0.00000  0.00000    -4.1241113    -2.3708546     0.6264649    10    11     -0.010487+i*    -0.068813
  0.00000  0.00000  0.00000    -4.1241113     0.4107230     4.1689002    10    12     -0.068317+i*    -0.458146
  0.33333  0.00000  0.00000    -4.5946561    -0.8328566     0.0000776     9    11     -0.000000+i*     0.000009
  0.33333  0.00000  0.00000    -2.8335705    -0.8328566     0.2795604    10    11     -0.030627+i*     0.005183
  0.33333  0.00000  0.00000    -2.8335705     1.9685811     2.3717077    10    12     -0.259828+i*     0.043972
  0.00000  0.33333  0.00000    -5.1496778    -1.5869842     0.0003223     9    11      0.000001+i*     0.000036
  0.00000  0.33333  0.00000    -3.1203342    -1.5869842     0.9593773    10    11      0.106561+i*    -0.002781
  0.00000  0.33333  0.00000    -3.1203342     1.1932086     4.7036358    10    12      0.522449+i*    -0.013604
  0.33333  0.33333  0.00000    -4.2052738    -0.0464668     0.0001897     9    11      0.000001+i*     0.000021
  0.33333  0.33333  0.00000    -2.8912559    -0.0464668     0.1022338    10    11     -0.011279+i*    -0.001345
  0.33333  0.33333  0.00000    -2.8912559     2.6619915     1.2656775    10    12     -0.139641+i*    -0.016655
 -0.33333  0.33333  0.00000    -4.4620760    -0.0451223     0.0000972     9    11      0.000004+i*     0.000010
 -0.33333  0.33333  0.00000    -3.2688503    -0.0451223     0.0853676    10    11     -0.002117+i*     0.009246
 -0.33333  0.33333  0.00000    -3.2688503     2.6226298     1.1164592    10    12      0.025991+i*    -0.121298
 -0.33333  0.00000  0.00000    -4.5946561    -0.8328566     0.0000776     9    11     -0.000001+i*    -0.000009
 -0.33333  0.00000  0.00000    -2.8335705    -0.8328566     0.2795604    10    11     -0.030825+i*    -0.003833
 -0.33333  0.00000  0.00000    -2.8335705     1.9685811     2.3717077    10    12     -0.261509+i*    -0.032521
  0.00000 -0.33333  0.00000    -5.1496778    -1.5869842     0.0003223     9    11     -0.000001+i*    -0.000036
  0.00000 -0.33333  0.00000    -3.1203342    -1.5869842     0.9593773    10    11      0.106581+i*    -0.001901
  0.00000 -0.33333  0.00000    -3.1203342     1.1932086     4.7036358    10    12      0.522543+i*    -0.009350
  0.33333 -0.33333  0.00000    -4.4620760    -0.0451223     0.0000972     9    11      0.000004+i*    -0.000010
  0.33333 -0.33333  0.00000    -3.2688503    -0.0451223     0.0853676    10    11     -0.002521+i*    -0.009144
  0.33333 -0.33333  0.00000    -3.2688503     2.6226298     1.1164592    10    12      0.031292+i*     0.120039
 -0.33333 -0.33333  0.00000    -4.2052738    -0.0464668     0.0001897     9    11      0.000000+i*    -0.000021
 -0.33333 -0.33333  0.00000    -2.8912559    -0.0464668     0.1022338    10    11     -0.011209+i*     0.001839
 -0.33333 -0.33333  0.00000    -2.8912559     2.6619915     1.2656775    10    12     -0.138775+i*     0.022770
     2BSE eigenvalue    0.49683232      IP-eigenvalue:    1.53335004
  0.00000  0.00000  0.00000    -6.0785256    -2.3708546     0.0003604     9    11      0.000040+i*     0.000000
  0.00000  0.00000  0.00000    -4.1241113    -2.3708546     0.0000046    10    11      0.000000+i*     0.000001
  0.00000  0.00000  0.00000    -4.1241113     0.4107230     0.0000026    10    12      0.000000+i*     0.000000
  0.33333  0.00000  0.00000    -4.5946561    -0.8328566     0.0000072     9    11      0.000001+i*    -0.000001
  0.33333  0.00000  0.00000    -2.8335705    -0.8328566     0.0117820    10    11     -0.000219+i*    -0.001291
  0.33333  0.00000  0.00000    -2.8335705     1.9685811     0.0594807    10    12     -0.001104+i*    -0.006516
  0.00000  0.33333  0.00000    -5.1496778    -1.5869842     0.0001698     9    11      0.000019+i*    -0.000000
  0.00000  0.33333  0.00000    -3.1203342    -1.5869842     5.2032612    10    11      0.014499+i*     0.577958
  0.00000  0.33333  0.00000    -3.1203342     1.1932086     3.6481816    10    12      0.010143+i*     0.405227
  0.33333  0.33333  0.00000    -4.2052738    -0.0464668     0.0000967     9    11      0.000011+i*    -0.000001
  0.33333  0.33333  0.00000    -2.8912559    -0.0464668     0.0352582    10    11      0.000468+i*    -0.003889
  0.33333  0.33333  0.00000    -2.8912559     2.6619915     0.2962978    10    12      0.003933+i*    -0.032686
 -0.33333  0.33333  0.00000    -4.4620760    -0.0451223     0.0000683     9    11      0.000007+i*    -0.000003
 -0.33333  0.33333  0.00000    -3.2688503    -0.0451223     0.0182766    10    11     -0.001979+i*    -0.000455
 -0.33333  0.33333  0.00000    -3.2688503     2.6226298     0.1542647    10    12      0.016757+i*     0.003608
 -0.33333  0.00000  0.00000    -4.5946561    -0.8328566     0.0000072     9    11      0.000001+i*     0.000001
 -0.33333  0.00000  0.00000    -2.8335705    -0.8328566     0.0117820    10    11     -0.000165+i*     0.001299
 -0.33333  0.00000  0.00000    -2.8335705     1.9685811     0.0594807    10    12     -0.000830+i*     0.006557
  0.00000 -0.33333  0.00000    -5.1496778    -1.5869842     0.0001698     9    11      0.000019+i*    -0.000000
  0.00000 -0.33333  0.00000    -3.1203342    -1.5869842     5.2032612    10    11     -0.009735+i*    -0.578058
  0.00000 -0.33333  0.00000    -3.1203342     1.1932086     3.6481816    10    12     -0.006849+i*    -0.405296
  0.33333 -0.33333  0.00000    -4.4620760    -0.0451223     0.0000683     9    11      0.000007+i*     0.000003
  0.33333 -0.33333  0.00000    -3.2688503    -0.0451223     0.0182766    10    11     -0.001958+i*     0.000538
  0.33333 -0.33333  0.00000    -3.2688503     2.6226298     0.1542647    10    12      0.016591+i*    -0.004307
 -0.33333 -0.33333  0.00000    -4.2052738    -0.0464668     0.0000967     9    11      0.000011+i*     0.000000
 -0.33333 -0.33333  0.00000    -2.8912559    -0.0464668     0.0352582    10    11      0.000631+i*     0.003866
 -0.33333 -0.33333  0.00000    -2.8912559     2.6619915     0.2962978    10    12      0.005299+i*     0.032493
     3BSE eigenvalue    0.56189006      IP-eigenvalue:    1.75325663
  0.00000  0.00000  0.00000    -6.0785256    -2.3708546     0.0000006     9    11      0.000000+i*     0.000000
  0.00000  0.00000  0.00000    -4.1241113    -2.3708546     0.1641318    10    11      0.002748+i*     0.018029
  0.00000  0.00000  0.00000    -4.1241113     0.4107230     1.4527802    10    12      0.023814+i*     0.159654
  0.33333  0.00000  0.00000    -4.5946561    -0.8328566     0.0000389     9    11     -0.000000+i*     0.000004
  0.33333  0.00000  0.00000    -2.8335705    -0.8328566     0.1603124    10    11      0.017563+i*    -0.002972
  0.33333  0.00000  0.00000    -2.8335705     1.9685811     0.7997937    10    12      0.087620+i*    -0.014829
  0.00000  0.33333  0.00000    -5.1496778    -1.5869842     0.0000149     9    11      0.000000+i*     0.000002
  0.00000  0.33333  0.00000    -3.1203342    -1.5869842     6.2125562    10    11      0.690049+i*    -0.018030
  0.00000  0.33333  0.00000    -3.1203342     1.1932086     0.0526460    10    12     -0.005848+i*     0.000153
  0.33333  0.33333  0.00000    -4.2052738    -0.0464668     0.0000375     9    11     -0.000000+i*    -0.000004
  0.33333  0.33333  0.00000    -2.8912559    -0.0464668     0.0246589    10    11      0.002721+i*     0.000325
  0.33333  0.33333  0.00000    -2.8912559     2.6619915     0.3207794    10    12      0.035391+i*     0.004221
 -0.33333  0.33333  0.00000    -4.4620760    -0.0451223     0.0000130     9    11     -0.000000+i*    -0.000001
 -0.33333  0.33333  0.00000    -3.2688503    -0.0451223     0.0166099    10    11      0.000412+i*    -0.001799
 -0.33333  0.33333  0.00000    -3.2688503     2.6226298     0.2519241    10    12     -0.005864+i*     0.027370
 -0.33333  0.00000  0.00000    -4.5946561    -0.8328566     0.0000389     9    11     -0.000000+i*    -0.000004
 -0.33333  0.00000  0.00000    -2.8335705    -0.8328566     0.1603124    10    11      0.017677+i*     0.002197
 -0.33333  0.00000  0.00000    -2.8335705     1.9685811     0.7997937    10    12      0.088188+i*     0.010960
  0.00000 -0.33333  0.00000    -5.1496778    -1.5869842     0.0000149     9    11     -0.000000+i*    -0.000002
  0.00000 -0.33333  0.00000    -3.1203342    -1.5869842     6.2125562    10    11      0.690174+i*    -0.012345
  0.00000 -0.33333  0.00000    -3.1203342     1.1932086     0.0526460    10    12     -0.005849+i*     0.000105
  0.33333 -0.33333  0.00000    -4.4620760    -0.0451223     0.0000130     9    11     -0.000000+i*     0.000001
  0.33333 -0.33333  0.00000    -3.2688503    -0.0451223     0.0166099    10    11      0.000491+i*     0.001779
  0.33333 -0.33333  0.00000    -3.2688503     2.6226298     0.2519241    10    12     -0.007062+i*    -0.027086
 -0.33333 -0.33333  0.00000    -4.2052738    -0.0464668     0.0000375     9    11      0.000000+i*     0.000004
 -0.33333 -0.33333  0.00000    -2.8912559    -0.0464668     0.0246589    10    11      0.002704+i*    -0.000444
 -0.33333 -0.33333  0.00000    -2.8912559     2.6619915     0.3207794    10    12      0.035171+i*    -0.005774
     4BSE eigenvalue    0.68387133      IP-eigenvalue:    2.00071389
  0.00000  0.00000  0.00000    -6.0785256    -2.3708546     0.0000203     9    11     -0.000002+i*     0.000000
  0.00000  0.00000  0.00000    -4.1241113    -2.3708546     0.0000003    10    11     -0.000000+i*    -0.000000
  0.00000  0.00000  0.00000    -4.1241113     0.4107230     0.0000174    10    12     -0.000000+i*    -0.000002
  0.33333  0.00000  0.00000    -4.5946561    -0.8328566     0.0000213     9    11     -0.000002+i*     0.000000
  0.33333  0.00000  0.00000    -2.8335705    -0.8328566     0.0398698    10    11      0.000740+i*     0.004368
  0.33333  0.00000  0.00000    -2.8335705     1.9685811     0.1386684    10    12      0.002570+i*     0.015192
  0.00000  0.33333  0.00000    -5.1496778    -1.5869842     0.0002994     9    11     -0.000033+i*     0.000001
  0.00000  0.33333  0.00000    -3.1203342    -1.5869842     3.6638952    10    11      0.010234+i*     0.406971
  0.00000  0.33333  0.00000    -3.1203342     1.1932086     5.1752101    10    12     -0.014423+i*    -0.574842
  0.33333  0.33333  0.00000    -4.2052738    -0.0464668     0.0001297     9    11     -0.000014+i*     0.000001
  0.33333  0.33333  0.00000    -2.8912559    -0.0464668     0.0452363    10    11     -0.000600+i*     0.004990
  0.33333  0.33333  0.00000    -2.8912559     2.6619915     0.4678626    10    12     -0.006206+i*     0.051613
 -0.33333  0.33333  0.00000    -4.4620760    -0.0451223     0.0000889     9    11     -0.000009+i*     0.000004
 -0.33333  0.33333  0.00000    -3.2688503    -0.0451223     0.0173016    10    11      0.001874+i*     0.000431
 -0.33333  0.33333  0.00000    -3.2688503     2.6226298     0.2258602    10    12     -0.024534+i*    -0.005280
 -0.33333  0.00000  0.00000    -4.5946561    -0.8328566     0.0000213     9    11     -0.000002+i*    -0.000000
 -0.33333  0.00000  0.00000    -2.8335705    -0.8328566     0.0398698    10    11      0.000555+i*    -0.004395
 -0.33333  0.00000  0.00000    -2.8335705     1.9685811     0.1386684    10    12      0.001929+i*    -0.015286
  0.00000 -0.33333  0.00000    -5.1496778    -1.5869842     0.0002994     9    11     -0.000033+i*     0.000001
  0.00000 -0.33333  0.00000    -3.1203342    -1.5869842     3.6638952    10    11     -0.006885+i*    -0.407041
  0.00000 -0.33333  0.00000    -3.1203342     1.1932086     5.1752101    10    12      0.009757+i*     0.574941
  0.33333 -0.33333  0.00000    -4.4620760    -0.0451223     0.0000889     9    11     -0.000009+i*    -0.000004
  0.33333 -0.33333  0.00000    -3.2688503    -0.0451223     0.0173016    10    11      0.001854+i*    -0.000509
  0.33333 -0.33333  0.00000    -3.2688503     2.6226298     0.2258602    10    12     -0.024290+i*     0.006307
 -0.33333 -0.33333  0.00000    -4.2052738    -0.0464668     0.0001297     9    11     -0.000014+i*    -0.000000
 -0.33333 -0.33333  0.00000    -2.8912559    -0.0464668     0.0452363    10    11     -0.000810+i*    -0.004961
 -0.33333 -0.33333  0.00000    -2.8912559     2.6619915     0.4678626    10    12     -0.008370+i*    -0.051306
     5BSE eigenvalue    0.75947905      IP-eigenvalue:    2.00071389
  0.00000  0.00000  0.00000    -6.0785256    -2.3708546     0.0000001     9    11     -0.000000+i*     0.000000
  0.00000  0.00000  0.00000    -4.1241113    -2.3708546     8.3154231    10    11      0.150949+i*     0.911522
  0.00000  0.00000  0.00000    -4.1241113     0.4107230     2.4405498    10    12      0.043443+i*     0.267670
  0.33333  0.00000  0.00000    -4.5946561    -0.8328566     0.0000376     9    11     -0.000000+i*     0.000004
  0.33333  0.00000  0.00000    -2.8335705    -0.8328566     0.0457586    10    11      0.005002+i*    -0.000910
  0.33333  0.00000  0.00000    -2.8335705     1.9685811     0.0219414    10    12     -0.002397+i*     0.000443
  0.00000  0.33333  0.00000    -5.1496778    -1.5869842     0.0001396     9    11     -0.000001+i*    -0.000015
  0.00000  0.33333  0.00000    -3.1203342    -1.5869842     0.3739277    10    11     -0.041516+i*     0.001617
  0.00000  0.33333  0.00000    -3.1203342     1.1932086     1.6730006    10    12      0.185748+i*    -0.007228
  0.33333  0.33333  0.00000    -4.2052738    -0.0464668     0.0000054     9    11      0.000000+i*     0.000001
  0.33333  0.33333  0.00000    -2.8912559    -0.0464668     0.0010196    10    11     -0.000113+i*    -0.000012
  0.33333  0.33333  0.00000    -2.8912559     2.6619915     0.0509884    10    12     -0.005634+i*    -0.000597
 -0.33333  0.33333  0.00000    -4.4620760    -0.0451223     0.0000697     9    11      0.000004+i*     0.000007
 -0.33333  0.33333  0.00000    -3.2688503    -0.0451223     0.0032773    10    11     -0.000076+i*     0.000356
 -0.33333  0.33333  0.00000    -3.2688503     2.6226298     0.0691936    10    12      0.001512+i*    -0.007538
 -0.33333  0.00000  0.00000    -4.5946561    -0.8328566     0.0000376     9    11     -0.000000+i*    -0.000004
 -0.33333  0.00000  0.00000    -2.8335705    -0.8328566     0.0457586    10    11      0.005053+i*     0.000560
 -0.33333  0.00000  0.00000    -2.8335705     1.9685811     0.0219414    10    12     -0.002422+i*    -0.000275
  0.00000 -0.33333  0.00000    -5.1496778    -1.5869842     0.0001396     9    11      0.000001+i*     0.000015
  0.00000 -0.33333  0.00000    -3.1203342    -1.5869842     0.3739278    10    11     -0.041528+i*     0.001277
  0.00000 -0.33333  0.00000    -3.1203342     1.1932086     1.6730006    10    12      0.185801+i*    -0.005719
  0.33333 -0.33333  0.00000    -4.4620760    -0.0451223     0.0000697     9    11      0.000003+i*    -0.000007
  0.33333 -0.33333  0.00000    -3.2688503    -0.0451223     0.0032773    10    11     -0.000101+i*    -0.000350
  0.33333 -0.33333  0.00000    -3.2688503     2.6226298     0.0691936    10    12      0.002033+i*     0.007415
 -0.33333 -0.33333  0.00000    -4.2052738    -0.0464668     0.0000054     9    11      0.000000+i*    -0.000001
 -0.33333 -0.33333  0.00000    -2.8912559    -0.0464668     0.0010196    10    11     -0.000112+i*     0.000019
 -0.33333 -0.33333  0.00000    -2.8912559     2.6619915     0.0509884    10    12     -0.005579+i*     0.000988
     6BSE eigenvalue    0.91303977      IP-eigenvalue:    2.84478904
  0.00000  0.00000  0.00000    -6.0785256    -2.3708546     0.0000012     9    11      0.000000+i*     0.000000
  0.00000  0.00000  0.00000    -4.1241113    -2.3708546     2.6332776    10    11     -0.044148+i*    -0.289237
  0.00000  0.00000  0.00000    -4.1241113     0.4107230     3.7158432    10    12      0.060985+i*     0.408343
  0.33333  0.00000  0.00000    -4.5946561    -0.8328566     0.0001009     9    11     -0.000000+i*     0.000011
  0.33333  0.00000  0.00000    -2.8335705    -0.8328566     2.3773999    10    11      0.260451+i*    -0.044084
  0.33333  0.00000  0.00000    -2.8335705     1.9685811     3.1184966    10    12      0.341640+i*    -0.057829
  0.00000  0.33333  0.00000    -5.1496778    -1.5869842     0.0001867     9    11      0.000001+i*     0.000021
  0.00000  0.33333  0.00000    -3.1203342    -1.5869842     0.8840454    10    11     -0.098193+i*     0.002581
  0.00000  0.33333  0.00000    -3.1203342     1.1932086     3.6505033    10    12      0.405472+i*    -0.010633
  0.33333  0.33333  0.00000    -4.2052738    -0.0464668     0.0000469     9    11      0.000001+i*    -0.000005
  0.33333  0.33333  0.00000    -2.8912559    -0.0464668     0.1035395    10    11      0.011423+i*     0.001363
  0.33333  0.33333  0.00000    -2.8912559     2.6619915     0.6657513    10    12      0.073452+i*     0.008760
 -0.33333  0.33333  0.00000    -4.4620760    -0.0451223     0.0000376     9    11     -0.000001+i*    -0.000004
 -0.33333  0.33333  0.00000    -3.2688503    -0.0451223     0.0586598    10    11      0.001453+i*    -0.006354
 -0.33333  0.33333  0.00000    -3.2688503     2.6226298     0.4324699    10    12     -0.010052+i*     0.046989
 -0.33333  0.00000  0.00000    -4.5946561    -0.8328566     0.0001009     9    11     -0.000001+i*    -0.000011
 -0.33333  0.00000  0.00000    -2.8335705    -0.8328566     2.3773999    10    11      0.262150+i*     0.032487
 -0.33333  0.00000  0.00000    -2.8335705     1.9685811     3.1184966    10    12      0.343869+i*     0.042618
  0.00000 -0.33333  0.00000    -5.1496778    -1.5869842     0.0001867     9    11     -0.000000+i*    -0.000021
  0.00000 -0.33333  0.00000    -3.1203342    -1.5869842     0.8840454    10    11     -0.098211+i*     0.001777
  0.00000 -0.33333  0.00000    -3.1203342     1.1932086     3.6505033    10    12      0.405545+i*    -0.007364
  0.33333 -0.33333  0.00000    -4.4620760    -0.0451223     0.0000376     9    11     -0.000001+i*     0.000004
  0.33333 -0.33333  0.00000    -3.2688503    -0.0451223     0.0586598    10    11      0.001733+i*     0.006283
  0.33333 -0.33333  0.00000    -3.2688503     2.6226298     0.4324699    10    12     -0.012127+i*    -0.046497
 -0.33333 -0.33333  0.00000    -4.2052738    -0.0464668     0.0000469     9    11      0.000001+i*     0.000005
 -0.33333 -0.33333  0.00000    -2.8912559    -0.0464668     0.1035395    10    11      0.011352+i*    -0.001868
 -0.33333 -0.33333  0.00000    -2.8912559     2.6619915     0.6657513    10    12      0.072991+i*    -0.012009
     7BSE eigenvalue    0.96286839      IP-eigenvalue:    2.84478904
  0.00000  0.00000  0.00000    -6.0785256    -2.3708546     0.0000297     9    11      0.000003+i*     0.000000
  0.00000  0.00000  0.00000    -4.1241113    -2.3708546     0.0002461    10    11     -0.000004+i*    -0.000027
  0.00000  0.00000  0.00000    -4.1241113     0.4107230     0.0004924    10    12      0.000008+i*     0.000054
  0.33333  0.00000  0.00000    -4.5946561    -0.8328566     0.0000015     9    11      0.000000+i*     0.000000
  0.33333  0.00000  0.00000    -2.8335705    -0.8328566     5.0039744    10    11     -0.092188+i*    -0.548301
  0.33333  0.00000  0.00000    -2.8335705     1.9685811     3.8343341    10    12     -0.070639+i*    -0.420140
  0.00000  0.33333  0.00000    -5.1496778    -1.5869842     0.0001587     9    11      0.000018+i*    -0.000001
  0.00000  0.33333  0.00000    -3.1203342    -1.5869842     0.0321386    10    11      0.000081+i*     0.003570
  0.00000  0.33333  0.00000    -3.1203342     1.1932086     0.1650090    10    12     -0.000413+i*    -0.018330
  0.33333  0.33333  0.00000    -4.2052738    -0.0464668     0.0001896     9    11     -0.000021+i*     0.000001
  0.33333  0.33333  0.00000    -2.8912559    -0.0464668     0.1387642    10    11      0.001841+i*    -0.015308
  0.33333  0.33333  0.00000    -2.8912559     2.6619915     0.7154420    10    12      0.009490+i*    -0.078925
 -0.33333  0.33333  0.00000    -4.4620760    -0.0451223     0.0001370     9    11      0.000014+i*    -0.000006
 -0.33333  0.33333  0.00000    -3.2688503    -0.0451223     0.0770948    10    11      0.008348+i*     0.001920
 -0.33333  0.33333  0.00000    -3.2688503     2.6226298     0.4390958    10    12     -0.047696+i*    -0.010266
 -0.33333  0.00000  0.00000    -4.5946561    -0.8328566     0.0000015     9    11      0.000000+i*    -0.000000
 -0.33333  0.00000  0.00000    -2.8335705    -0.8328566     5.0039744    10    11     -0.069113+i*     0.551685
 -0.33333  0.00000  0.00000    -2.8335705     1.9685811     3.8343341    10    12     -0.052958+i*     0.422733
  0.00000 -0.33333  0.00000    -5.1496778    -1.5869842     0.0001587     9    11      0.000018+i*     0.000001
  0.00000 -0.33333  0.00000    -3.1203342    -1.5869842     0.0321386    10    11     -0.000069+i*    -0.003570
  0.00000 -0.33333  0.00000    -3.1203342     1.1932086     0.1650090    10    12      0.000356+i*     0.018331
  0.33333 -0.33333  0.00000    -4.4620760    -0.0451223     0.0001370     9    11      0.000014+i*     0.000006
  0.33333 -0.33333  0.00000    -3.2688503    -0.0451223     0.0770948    10    11      0.008260+i*    -0.002268
  0.33333 -0.33333  0.00000    -3.2688503     2.6226298     0.4390958    10    12     -0.047224+i*     0.012257
 -0.33333 -0.33333  0.00000    -4.2052738    -0.0464668     0.0001896     9    11     -0.000021+i*     0.000000
 -0.33333 -0.33333  0.00000    -2.8912559    -0.0464668     0.1387642    10    11      0.002481+i*     0.015217
 -0.33333 -0.33333  0.00000    -2.8912559     2.6619915     0.7154420    10    12      0.012791+i*     0.078458
     8BSE eigenvalue    1.00006048      IP-eigenvalue:    3.22372795
  0.00000  0.00000  0.00000    -6.0785256    -2.3708546     0.0000004     9    11      0.000000+i*     0.000000
  0.00000  0.00000  0.00000    -4.1241113    -2.3708546     1.9297926    10    11      0.032205+i*     0.211989
  0.00000  0.00000  0.00000    -4.1241113     0.4107230     5.1942224    10    12     -0.084849+i*    -0.570865
  0.33333  0.00000  0.00000    -4.5946561    -0.8328566     0.0000248     9    11      0.000000+i*    -0.000003
  0.33333  0.00000  0.00000    -2.8335705    -0.8328566     4.6103678    10    11      0.505123+i*    -0.085230
  0.33333  0.00000  0.00000    -2.8335705     1.9685811     1.6419711    10    12      0.179898+i*    -0.030354
  0.00000  0.33333  0.00000    -5.1496778    -1.5869842     0.0000051     9    11      0.000000+i*    -0.000000
  0.00000  0.33333  0.00000    -3.1203342    -1.5869842     0.2303330    10    11      0.025584+i*    -0.000657
  0.00000  0.33333  0.00000    -3.1203342     1.1932086     1.0508947    10    12     -0.116728+i*     0.002991
  0.33333  0.33333  0.00000    -4.2052738    -0.0464668     0.0000958     9    11     -0.000000+i*    -0.000011
  0.33333  0.33333  0.00000    -2.8912559    -0.0464668     0.0604571    10    11      0.006670+i*     0.000799
  0.33333  0.33333  0.00000    -2.8912559     2.6619915     0.1260617    10    12      0.013907+i*     0.001668
 -0.33333  0.33333  0.00000    -4.4620760    -0.0451223     0.0001739     9    11     -0.000009+i*    -0.000017
 -0.33333  0.33333  0.00000    -3.2688503    -0.0451223     0.0431772    10    11      0.001072+i*    -0.004676
 -0.33333  0.33333  0.00000    -3.2688503     2.6226298     0.1325638    10    12     -0.003087+i*     0.014402
 -0.33333  0.00000  0.00000    -4.5946561    -0.8328566     0.0000248     9    11      0.000000+i*     0.000003
 -0.33333  0.00000  0.00000    -2.8335705    -0.8328566     4.6103678    10    11      0.508318+i*     0.063451
 -0.33333  0.00000  0.00000    -2.8335705     1.9685811     1.6419711    10    12      0.181036+i*     0.022598
  0.00000 -0.33333  0.00000    -5.1496778    -1.5869842     0.0000051     9    11      0.000000+i*     0.000000
  0.00000 -0.33333  0.00000    -3.1203342    -1.5869842     0.2303330    10    11      0.025589+i*    -0.000443
  0.00000 -0.33333  0.00000    -3.1203342     1.1932086     1.0508947    10    12     -0.116748+i*     0.002027
  0.33333 -0.33333  0.00000    -4.4620760    -0.0451223     0.0001739     9    11     -0.000008+i*     0.000018
  0.33333 -0.33333  0.00000    -3.2688503    -0.0451223     0.0431772    10    11      0.001272+i*     0.004626
  0.33333 -0.33333  0.00000    -3.2688503     2.6226298     0.1325638    10    12     -0.003703+i*    -0.014256
 -0.33333 -0.33333  0.00000    -4.2052738    -0.0464668     0.0000958     9    11      0.000000+i*     0.000011
 -0.33333 -0.33333  0.00000    -2.8912559    -0.0464668     0.0604571    10    11      0.006629+i*    -0.001085
 -0.33333 -0.33333  0.00000    -2.8912559     2.6619915     0.1260617    10    12      0.013823+i*    -0.002264
     9BSE eigenvalue    1.13221021      IP-eigenvalue:    3.22372795
  0.00000  0.00000  0.00000    -6.0785256    -2.3708546     0.0000019     9    11     -0.000000+i*     0.000000
  0.00000  0.00000  0.00000    -4.1241113    -2.3708546     0.8796269    10    11     -0.014711+i*    -0.096623
  0.00000  0.00000  0.00000    -4.1241113     0.4107230     3.7458940    10    12      0.061325+i*     0.411668
  0.33333  0.00000  0.00000    -4.5946561    -0.8328566     0.0000395     9    11     -0.000000+i*    -0.000004
  0.33333  0.00000  0.00000    -2.8335705    -0.8328566     3.6683566    10    11      0.401938+i*    -0.067671
  0.33333  0.00000  0.00000    -2.8335705     1.9685811     4.2119492    10    12     -0.461499+i*     0.077700
  0.00000  0.33333  0.00000    -5.1496778    -1.5869842     0.0000537     9    11     -0.000000+i*    -0.000006
  0.00000  0.33333  0.00000    -3.1203342    -1.5869842     0.0912041    10    11      0.010130+i*    -0.000261
  0.00000  0.33333  0.00000    -3.1203342     1.1932086     0.7376786    10    12     -0.081937+i*     0.002102
  0.33333  0.33333  0.00000    -4.2052738    -0.0464668     0.0000382     9    11     -0.000000+i*    -0.000004
  0.33333  0.33333  0.00000    -2.8912559    -0.0464668     0.1066248    10    11     -0.011762+i*    -0.001414
  0.33333  0.33333  0.00000    -2.8912559     2.6619915     0.9490621    10    12     -0.104698+i*    -0.012581
 -0.33333  0.33333  0.00000    -4.4620760    -0.0451223     0.0000719     9    11      0.000004+i*     0.000007
 -0.33333  0.33333  0.00000    -3.2688503    -0.0451223     0.0527509    10    11     -0.001305+i*     0.005714
 -0.33333  0.33333  0.00000    -3.2688503     2.6226298     0.6576876    10    12      0.015275+i*    -0.071462
 -0.33333  0.00000  0.00000    -4.5946561    -0.8328566     0.0000395     9    11      0.000000+i*     0.000004
 -0.33333  0.00000  0.00000    -2.8335705    -0.8328566     3.6683566    10    11      0.404508+i*     0.050075
 -0.33333  0.00000  0.00000    -2.8335705     1.9685811     4.2119492    10    12     -0.464449+i*    -0.057496
  0.00000 -0.33333  0.00000    -5.1496778    -1.5869842     0.0000537     9    11     -0.000000+i*     0.000006
  0.00000 -0.33333  0.00000    -3.1203342    -1.5869842     0.0912041    10    11      0.010132+i*    -0.000182
  0.00000 -0.33333  0.00000    -3.1203342     1.1932086     0.7376786    10    12     -0.081951+i*     0.001474
  0.33333 -0.33333  0.00000    -4.4620760    -0.0451223     0.0000719     9    11      0.000004+i*    -0.000007
  0.33333 -0.33333  0.00000    -3.2688503    -0.0451223     0.0527509    10    11     -0.001553+i*    -0.005652
  0.33333 -0.33333  0.00000    -3.2688503     2.6226298     0.6576876    10    12      0.018377+i*     0.070728
 -0.33333 -0.33333  0.00000    -4.2052738    -0.0464668     0.0000382     9    11     -0.000000+i*     0.000004
 -0.33333 -0.33333  0.00000    -2.8912559    -0.0464668     0.1066248    10    11     -0.011690+i*     0.001926
 -0.33333 -0.33333  0.00000    -2.8912559     2.6619915     0.9490621    10    12     -0.104050+i*     0.017136
    10BSE eigenvalue    1.13926851      IP-eigenvalue:    3.56269363
  0.00000  0.00000  0.00000    -6.0785256    -2.3708546     0.0000484     9    11     -0.000005+i*     0.000000
  0.00000  0.00000  0.00000    -4.1241113    -2.3708546     0.0005059    10    11     -0.000008+i*    -0.000056
  0.00000  0.00000  0.00000    -4.1241113     0.4107230     0.0022106    10    12      0.000036+i*     0.000243
  0.33333  0.00000  0.00000    -4.5946561    -0.8328566     0.0000037     9    11     -0.000000+i*    -0.000000
  0.33333  0.00000  0.00000    -2.8335705    -0.8328566     3.9300724    10    11     -0.072192+i*    -0.430666
  0.33333  0.00000  0.00000    -2.8335705     1.9685811     4.8464920    10    12      0.089025+i*     0.531089
  0.00000  0.33333  0.00000    -5.1496778    -1.5869842     0.0001448     9    11     -0.000016+i*     0.000001
  0.00000  0.33333  0.00000    -3.1203342    -1.5869842     0.0197912    10    11     -0.000048+i*    -0.002198
  0.00000  0.33333  0.00000    -3.1203342     1.1932086     0.1567385    10    12      0.000372+i*     0.017411
  0.33333  0.33333  0.00000    -4.2052738    -0.0464668     0.0000417     9    11      0.000005+i*    -0.000000
  0.33333  0.33333  0.00000    -2.8912559    -0.0464668     0.1243680    10    11     -0.001656+i*     0.013719
  0.33333  0.33333  0.00000    -2.8912559     2.6619915     1.0721210    10    12     -0.014280+i*     0.118265
 -0.33333  0.33333  0.00000    -4.4620760    -0.0451223     0.0000080     9    11     -0.000001+i*     0.000000
 -0.33333  0.33333  0.00000    -3.2688503    -0.0451223     0.0463728    10    11     -0.005022+i*    -0.001151
 -0.33333  0.33333  0.00000    -3.2688503     2.6226298     0.6115750    10    12      0.066440+i*     0.014258
 -0.33333  0.00000  0.00000    -4.5946561    -0.8328566     0.0000037     9    11     -0.000000+i*     0.000000
 -0.33333  0.00000  0.00000    -2.8335705    -0.8328566     3.9300724    10    11     -0.054070+i*     0.433314
 -0.33333  0.00000  0.00000    -2.8335705     1.9685811     4.8464920    10    12      0.066677+i*    -0.534355
  0.00000 -0.33333  0.00000    -5.1496778    -1.5869842     0.0001448     9    11     -0.000016+i*    -0.000000
  0.00000 -0.33333  0.00000    -3.1203342    -1.5869842     0.0197912    10    11      0.000044+i*     0.002199
  0.00000 -0.33333  0.00000    -3.1203342     1.1932086     0.1567385    10    12     -0.000358+i*    -0.017412
  0.33333 -0.33333  0.00000    -4.4620760    -0.0451223     0.0000080     9    11     -0.000001+i*    -0.000000
  0.33333 -0.33333  0.00000    -3.2688503    -0.0451223     0.0463728    10    11     -0.004970+i*     0.001361
  0.33333 -0.33333  0.00000    -3.2688503     2.6226298     0.6115750    10    12      0.065784+i*    -0.017031
 -0.33333 -0.33333  0.00000    -4.2052738    -0.0464668     0.0000417     9    11      0.000005+i*     0.000000
 -0.33333 -0.33333  0.00000    -2.8912559    -0.0464668     0.1243680    10    11     -0.002229+i*    -0.013638
 -0.33333 -0.33333  0.00000    -2.8912559     2.6619915     1.0721210    10    12     -0.019227+i*    -0.117563
    11BSE eigenvalue    1.72233865      IP-eigenvalue:    3.56269363
  0.00000  0.00000  0.00000    -6.0785256    -2.3708546     0.0000031     9    11     -0.000000+i*     0.000000
  0.00000  0.00000  0.00000    -4.1241113    -2.3708546     0.0391025    10    11     -0.000653+i*    -0.004295
  0.00000  0.00000  0.00000    -4.1241113     0.4107230     0.6402415    10    12      0.010461+i*     0.070365
  0.33333  0.00000  0.00000    -4.5946561    -0.8328566     0.0003678     9    11     -0.000001+i*    -0.000041
  0.33333  0.00000  0.00000    -2.8335705    -0.8328566     0.1235945    10    11     -0.013541+i*     0.002285
  0.33333  0.00000  0.00000    -2.8335705     1.9685811     1.6163257    10    12      0.177088+i*    -0.029884
  0.00000  0.33333  0.00000    -5.1496778    -1.5869842     0.0003062     9    11      0.000003+i*     0.000034
  0.00000  0.33333  0.00000    -3.1203342    -1.5869842     0.0211956    10    11      0.002354+i*    -0.000060
  0.00000  0.33333  0.00000    -3.1203342     1.1932086     0.5271810    10    12     -0.058556+i*     0.001508
  0.33333  0.33333  0.00000    -4.2052738    -0.0464668     0.0001382     9    11      0.000000+i*     0.000015
  0.33333  0.33333  0.00000    -2.8912559    -0.0464668     3.3209790    10    11     -0.366385+i*    -0.043831
  0.33333  0.33333  0.00000    -2.8912559     2.6619915     5.0821113    10    12     -0.560681+i*    -0.067077
 -0.33333  0.33333  0.00000    -4.4620760    -0.0451223     0.0002450     9    11      0.000011+i*     0.000025
 -0.33333  0.33333  0.00000    -3.2688503    -0.0451223     0.1534664    10    11     -0.003813+i*     0.016620
 -0.33333  0.33333  0.00000    -3.2688503     2.6226298     0.7126142    10    12      0.016622+i*    -0.077415
 -0.33333  0.00000  0.00000    -4.5946561    -0.8328566     0.0003678     9    11      0.000001+i*     0.000041
 -0.33333  0.00000  0.00000    -2.8335705    -0.8328566     0.1235945    10    11     -0.013627+i*    -0.001700
 -0.33333  0.00000  0.00000    -2.8335705     1.9685811     1.6163257    10    12      0.178210+i*     0.022234
  0.00000 -0.33333  0.00000    -5.1496778    -1.5869842     0.0003062     9    11      0.000002+i*    -0.000034
  0.00000 -0.33333  0.00000    -3.1203342    -1.5869842     0.0211956    10    11      0.002355+i*    -0.000041
  0.00000 -0.33333  0.00000    -3.1203342     1.1932086     0.5271810    10    12     -0.058567+i*     0.001014
  0.33333 -0.33333  0.00000    -4.4620760    -0.0451223     0.0002450     9    11      0.000010+i*    -0.000025
  0.33333 -0.33333  0.00000    -3.2688503    -0.0451223     0.1534664    10    11     -0.004525+i*    -0.016440
  0.33333 -0.33333  0.00000    -3.2688503     2.6226298     0.7126142    10    12      0.019939+i*     0.076628
 -0.33333 -0.33333  0.00000    -4.2052738    -0.0464668     0.0001382     9    11     -0.000000+i*    -0.000015
 -0.33333 -0.33333  0.00000    -2.8912559    -0.0464668     3.3209790    10    11     -0.364159+i*     0.059561
 -0.33333 -0.33333  0.00000    -2.8912559     2.6619915     5.0821113    10    12     -0.557274+i*     0.091149
    12BSE eigenvalue    1.77975698      IP-eigenvalue:    3.70767091
  0.00000  0.00000  0.00000    -6.0785256    -2.3708546     0.0002485     9    11      0.000028+i*     0.000000
  0.00000  0.00000  0.00000    -4.1241113    -2.3708546     0.0000007    10    11     -0.000000+i*    -0.000000
  0.00000  0.00000  0.00000    -4.1241113     0.4107230     0.0000179    10    12      0.000000+i*     0.000002
  0.33333  0.00000  0.00000    -4.5946561    -0.8328566     0.0003581     9    11      0.000040+i*    -0.000001
  0.33333  0.00000  0.00000    -2.8335705    -0.8328566     0.0456667    10    11     -0.000842+i*    -0.005004
  0.33333  0.00000  0.00000    -2.8335705     1.9685811     1.0399597    10    12      0.019182+i*     0.113948
  0.00000  0.33333  0.00000    -5.1496778    -1.5869842     0.0002540     9    11      0.000028+i*    -0.000002
  0.00000  0.33333  0.00000    -3.1203342    -1.5869842     0.0115917    10    11      0.000033+i*     0.001288
  0.00000  0.33333  0.00000    -3.1203342     1.1932086     0.3957655    10    12     -0.001101+i*    -0.043960
  0.33333  0.33333  0.00000    -4.2052738    -0.0464668     0.0000296     9    11      0.000003+i*    -0.000000
  0.33333  0.33333  0.00000    -2.8912559    -0.0464668     4.5475551    10    11      0.060306+i*    -0.501672
  0.33333  0.33333  0.00000    -2.8912559     2.6619915     4.3101148    10    12      0.057159+i*    -0.475478
 -0.33333  0.33333  0.00000    -4.4620760    -0.0451223     0.0002318     9    11      0.000023+i*    -0.000011
 -0.33333  0.33333  0.00000    -3.2688503    -0.0451223     0.0085351    10    11     -0.000924+i*    -0.000212
 -0.33333  0.33333  0.00000    -3.2688503     2.6226298     0.0470434    10    12      0.005110+i*     0.001099
 -0.33333  0.00000  0.00000    -4.5946561    -0.8328566     0.0003581     9    11      0.000040+i*    -0.000001
 -0.33333  0.00000  0.00000    -2.8335705    -0.8328566     0.0456667    10    11     -0.000632+i*     0.005035
 -0.33333  0.00000  0.00000    -2.8335705     1.9685811     1.0399597    10    12      0.014389+i*    -0.114652
  0.00000 -0.33333  0.00000    -5.1496778    -1.5869842     0.0002540     9    11      0.000028+i*     0.000001
  0.00000 -0.33333  0.00000    -3.1203342    -1.5869842     0.0115917    10    11     -0.000021+i*    -0.001288
  0.00000 -0.33333  0.00000    -3.1203342     1.1932086     0.3957655    10    12      0.000742+i*     0.043968
  0.33333 -0.33333  0.00000    -4.4620760    -0.0451223     0.0002318     9    11      0.000024+i*     0.000010
  0.33333 -0.33333  0.00000    -3.2688503    -0.0451223     0.0085351    10    11     -0.000915+i*     0.000251
  0.33333 -0.33333  0.00000    -3.2688503     2.6226298     0.0470434    10    12      0.005060+i*    -0.001312
 -0.33333 -0.33333  0.00000    -4.2052738    -0.0464668     0.0000296     9    11      0.000003+i*    -0.000000
 -0.33333 -0.33333  0.00000    -2.8912559    -0.0464668     4.5475551    10    11      0.081282+i*     0.498703
 -0.33333 -0.33333  0.00000    -2.8912559     2.6619915     4.3101148    10    12      0.077039+i*     0.472665
    13BSE eigenvalue    1.92008638      IP-eigenvalue:    3.76179942
  0.00000  0.00000  0.00000    -6.0785256    -2.3708546     0.0000059     9    11      0.000001+i*     0.000000
  0.00000  0.00000  0.00000    -4.1241113    -2.3708546     0.0246532    10    11      0.000411+i*     0.002708
  0.00000  0.00000  0.00000    -4.1241113     0.4107230     0.4027520    10    12     -0.006568+i*    -0.044266
  0.33333  0.00000  0.00000    -4.5946561    -0.8328566     0.0001831     9    11     -0.000000+i*    -0.000020
  0.33333  0.00000  0.00000    -2.8335705    -0.8328566     0.1086269    10    11      0.011902+i*    -0.002005
  0.33333  0.00000  0.00000    -2.8335705     1.9685811     0.8561108    10    12     -0.093802+i*     0.015800
  0.00000  0.33333  0.00000    -5.1496778    -1.5869842     0.0002655     9    11     -0.000002+i*    -0.000029
  0.00000  0.33333  0.00000    -3.1203342    -1.5869842     0.0197441    10    11     -0.002193+i*     0.000056
  0.00000  0.33333  0.00000    -3.1203342     1.1932086     0.3450107    10    12      0.038322+i*    -0.000973
  0.33333  0.33333  0.00000    -4.2052738    -0.0464668     0.0000459     9    11     -0.000000+i*    -0.000005
  0.33333  0.33333  0.00000    -2.8912559    -0.0464668     5.4032444    10    11     -0.596087+i*    -0.071502
  0.33333  0.33333  0.00000    -2.8912559     2.6619915     3.0461831    10    12      0.336056+i*     0.040312
 -0.33333  0.33333  0.00000    -4.4620760    -0.0451223     0.0001442     9    11     -0.000007+i*    -0.000014
 -0.33333  0.33333  0.00000    -3.2688503    -0.0451223     0.3150565    10    11      0.007837+i*    -0.034118
 -0.33333  0.33333  0.00000    -3.2688503     2.6226298     0.9904048    10    12     -0.023129+i*     0.107587
 -0.33333  0.00000  0.00000    -4.5946561    -0.8328566     0.0001831     9    11      0.000000+i*     0.000020
 -0.33333  0.00000  0.00000    -2.8335705    -0.8328566     0.1086269    10    11      0.011976+i*     0.001498
 -0.33333  0.00000  0.00000    -2.8335705     1.9685811     0.8561108    10    12     -0.094388+i*    -0.011803
  0.00000 -0.33333  0.00000    -5.1496778    -1.5869842     0.0002655     9    11     -0.000001+i*     0.000029
  0.00000 -0.33333  0.00000    -3.1203342    -1.5869842     0.0197441    10    11     -0.002193+i*     0.000038
  0.00000 -0.33333  0.00000    -3.1203342     1.1932086     0.3450107    10    12      0.038329+i*    -0.000655
  0.33333 -0.33333  0.00000    -4.4620760    -0.0451223     0.0001442     9    11     -0.000006+i*     0.000015
  0.33333 -0.33333  0.00000    -3.2688503    -0.0451223     0.3150565    10    11      0.009278+i*     0.033754
  0.33333 -0.33333  0.00000    -3.2688503     2.6226298     0.9904048    10    12     -0.027676+i*    -0.106508
 -0.33333 -0.33333  0.00000    -4.2052738    -0.0464668     0.0000459     9    11      0.000000+i*     0.000005
 -0.33333 -0.33333  0.00000    -2.8912559    -0.0464668     5.4032444    10    11     -0.592514+i*     0.096745
 -0.33333 -0.33333  0.00000    -2.8912559     2.6619915     3.0461831    10    12      0.334041+i*    -0.054543
    14BSE eigenvalue    1.95882517      IP-eigenvalue:    3.76179942
  0.00000  0.00000  0.00000    -6.0785256    -2.3708546     0.0002041     9    11      0.000023+i*     0.000000
  0.00000  0.00000  0.00000    -4.1241113    -2.3708546     0.0000007    10    11     -0.000000+i*    -0.000000
  0.00000  0.00000  0.00000    -4.1241113     0.4107230     0.0000110    10    12      0.000000+i*     0.000001
  0.33333  0.00000  0.00000    -4.5946561    -0.8328566     0.0001026     9    11     -0.000011+i*     0.000000
  0.33333  0.00000  0.00000    -2.8335705    -0.8328566     0.0936196    10    11     -0.001726+i*    -0.010258
  0.33333  0.00000  0.00000    -2.8335705     1.9685811     0.8125598    10    12      0.014986+i*     0.089032
  0.00000  0.33333  0.00000    -5.1496778    -1.5869842     0.0003070     9    11      0.000034+i*    -0.000003
  0.00000  0.33333  0.00000    -3.1203342    -1.5869842     0.0173371    10    11      0.000049+i*     0.001926
  0.00000  0.33333  0.00000    -3.1203342     1.1932086     0.3301041    10    12     -0.000919+i*    -0.036667
  0.33333  0.33333  0.00000    -4.2052738    -0.0464668     0.0001271     9    11      0.000014+i*    -0.000000
  0.33333  0.33333  0.00000    -2.8912559    -0.0464668     4.4475004    10    11     -0.058987+i*     0.490634
  0.33333  0.33333  0.00000    -2.8912559     2.6619915     4.4654635    10    12      0.059227+i*    -0.492615
 -0.33333  0.33333  0.00000    -4.4620760    -0.0451223     0.0002311     9    11      0.000023+i*    -0.000011
 -0.33333  0.33333  0.00000    -3.2688503    -0.0451223     0.0110785    10    11      0.001199+i*     0.000277
 -0.33333  0.33333  0.00000    -3.2688503     2.6226298     0.0310822    10    12     -0.003376+i*    -0.000730
 -0.33333  0.00000  0.00000    -4.5946561    -0.8328566     0.0001026     9    11     -0.000011+i*     0.000000
 -0.33333  0.00000  0.00000    -2.8335705    -0.8328566     0.0936196    10    11     -0.001294+i*     0.010321
 -0.33333  0.00000  0.00000    -2.8335705     1.9685811     0.8125598    10    12      0.011241+i*    -0.089582
  0.00000 -0.33333  0.00000    -5.1496778    -1.5869842     0.0003070     9    11      0.000034+i*     0.000001
  0.00000 -0.33333  0.00000    -3.1203342    -1.5869842     0.0173371    10    11     -0.000032+i*    -0.001926
  0.00000 -0.33333  0.00000    -3.1203342     1.1932086     0.3301041    10    12      0.000619+i*     0.036673
  0.33333 -0.33333  0.00000    -4.4620760    -0.0451223     0.0002311     9    11      0.000024+i*     0.000010
  0.33333 -0.33333  0.00000    -3.2688503    -0.0451223     0.0110785    10    11      0.001187+i*    -0.000327
  0.33333 -0.33333  0.00000    -3.2688503     2.6226298     0.0310822    10    12     -0.003342+i*     0.000870
 -0.33333 -0.33333  0.00000    -4.2052738    -0.0464668     0.0001271     9    11      0.000014+i*    -0.000000
 -0.33333 -0.33333  0.00000    -2.8912559    -0.0464668     4.4475004    10    11     -0.079504+i*    -0.487729
 -0.33333 -0.33333  0.00000    -2.8912559     2.6619915     4.4654635    10    12      0.079827+i*     0.489699
    15BSE eigenvalue    2.09685956      IP-eigenvalue:    4.15880699
  0.00000  0.00000  0.00000    -6.0785256    -2.3708546     0.0004694     9    11     -0.000052+i*     0.000000
  0.00000  0.00000  0.00000    -4.1241113    -2.3708546     0.0000032    10    11      0.000000+i*     0.000000
  0.00000  0.00000  0.00000    -4.1241113     0.4107230     0.0000240    10    12     -0.000000+i*    -0.000003
  0.33333  0.00000  0.00000    -4.5946561    -0.8328566     0.0006214     9    11      0.000069+i*    -0.000001
  0.33333  0.00000  0.00000    -2.8335705    -0.8328566     0.0114711    10    11      0.000212+i*     0.001257
  0.33333  0.00000  0.00000    -2.8335705     1.9685811     0.6607827    10    12     -0.012210+i*    -0.072398
  0.00000  0.33333  0.00000    -5.1496778    -1.5869842     0.0005424     9    11      0.000060+i*    -0.000002
  0.00000  0.33333  0.00000    -3.1203342    -1.5869842     0.0043919    10    11      0.000012+i*     0.000488
  0.00000  0.33333  0.00000    -3.1203342     1.1932086     0.2669680    10    12     -0.000725+i*    -0.029654
  0.33333  0.33333  0.00000    -4.2052738    -0.0464668     0.0004621     9    11      0.000051+i*    -0.000001
  0.33333  0.33333  0.00000    -2.8912559    -0.0464668     0.0369739    10    11     -0.000467+i*     0.004082
  0.33333  0.33333  0.00000    -2.8912559     2.6619915     0.1093550    10    12      0.001388+i*    -0.012071
 -0.33333  0.33333  0.00000    -4.4620760    -0.0451223     0.0000168     9    11      0.000001+i*    -0.000002
 -0.33333  0.33333  0.00000    -3.2688503    -0.0451223     3.4454467    10    11     -0.373052+i*    -0.085958
 -0.33333  0.33333  0.00000    -3.2688503     2.6226298     5.3016520    10    12      0.575832+i*     0.124194
 -0.33333  0.00000  0.00000    -4.5946561    -0.8328566     0.0006214     9    11      0.000069+i*    -0.000002
 -0.33333  0.00000  0.00000    -2.8335705    -0.8328566     0.0114711    10    11      0.000159+i*    -0.001265
 -0.33333  0.00000  0.00000    -2.8335705     1.9685811     0.6607827    10    12     -0.009164+i*     0.072846
  0.00000 -0.33333  0.00000    -5.1496778    -1.5869842     0.0005424     9    11      0.000060+i*    -0.000001
  0.00000 -0.33333  0.00000    -3.1203342    -1.5869842     0.0043919    10    11     -0.000009+i*    -0.000488
  0.00000 -0.33333  0.00000    -3.1203342     1.1932086     0.2669680    10    12      0.000518+i*     0.029659
  0.33333 -0.33333  0.00000    -4.4620760    -0.0451223     0.0000168     9    11      0.000001+i*     0.000002
  0.33333 -0.33333  0.00000    -3.2688503    -0.0451223     3.4454467    10    11     -0.369121+i*     0.101521
  0.33333 -0.33333  0.00000    -3.2688503     2.6226298     5.3016520    10    12      0.570120+i*    -0.148223
 -0.33333 -0.33333  0.00000    -4.2052738    -0.0464668     0.0004621     9    11      0.000051+i*    -0.000001
 -0.33333 -0.33333  0.00000    -2.8912559    -0.0464668     0.0369739    10    11     -0.000638+i*    -0.004058
 -0.33333 -0.33333  0.00000    -2.8912559     2.6619915     0.1093550    10    12      0.001893+i*     0.012002
    16BSE eigenvalue    2.11657081      IP-eigenvalue:    4.15880699
  0.00000  0.00000  0.00000    -6.0785256    -2.3708546     0.0000463     9    11     -0.000005+i*     0.000000
  0.00000  0.00000  0.00000    -4.1241113    -2.3708546     0.0100188    10    11     -0.000167+i*    -0.001101
  0.00000  0.00000  0.00000    -4.1241113     0.4107230     0.3245384    10    12      0.005284+i*     0.035671
  0.33333  0.00000  0.00000    -4.5946561    -0.8328566     0.0004544     9    11      0.000001+i*     0.000050
  0.33333  0.00000  0.00000    -2.8335705    -0.8328566     0.0099948    10    11     -0.001095+i*     0.000185
  0.33333  0.00000  0.00000    -2.8335705     1.9685811     0.7140485    10    12      0.078235+i*    -0.013189
  0.00000  0.33333  0.00000    -5.1496778    -1.5869842     0.0001772     9    11     -0.000000+i*     0.000020
  0.00000  0.33333  0.00000    -3.1203342    -1.5869842     0.0067715    10    11      0.000752+i*    -0.000019
  0.00000  0.33333  0.00000    -3.1203342     1.1932086     0.3694342    10    12     -0.041036+i*     0.001018
  0.33333  0.33333  0.00000    -4.2052738    -0.0464668     0.0003869     9    11      0.000001+i*     0.000043
  0.33333  0.33333  0.00000    -2.8912559    -0.0464668     0.4767521    10    11     -0.052594+i*    -0.006322
  0.33333  0.33333  0.00000    -2.8912559     2.6619915     1.3993742    10    12      0.154375+i*     0.018556
 -0.33333  0.33333  0.00000    -4.4620760    -0.0451223     0.0000123     9    11      0.000001+i*    -0.000001
 -0.33333  0.33333  0.00000    -3.2688503    -0.0451223     3.6455314    10    11     -0.090945+i*     0.394717
 -0.33333  0.33333  0.00000    -3.2688503     2.6226298     4.9320740    10    12      0.115536+i*    -0.535691
 -0.33333  0.00000  0.00000    -4.5946561    -0.8328566     0.0004544     9    11     -0.000001+i*    -0.000050
 -0.33333  0.00000  0.00000    -2.8335705    -0.8328566     0.0099948    10    11     -0.001102+i*    -0.000138
 -0.33333  0.00000  0.00000    -2.8335705     1.9685811     0.7140485    10    12      0.078719+i*     0.009893
  0.00000 -0.33333  0.00000    -5.1496778    -1.5869842     0.0001772     9    11     -0.000001+i*    -0.000020
  0.00000 -0.33333  0.00000    -3.1203342    -1.5869842     0.0067715    10    11      0.000752+i*    -0.000013
  0.00000 -0.33333  0.00000    -3.1203342     1.1932086     0.3694342    10    12     -0.041042+i*     0.000705
  0.33333 -0.33333  0.00000    -4.4620760    -0.0451223     0.0000123     9    11      0.000001+i*     0.000001
  0.33333 -0.33333  0.00000    -3.2688503    -0.0451223     3.6455314    10    11     -0.107434+i*    -0.390552
  0.33333 -0.33333  0.00000    -3.2688503     2.6226298     4.9320740    10    12      0.137921+i*     0.530369
 -0.33333 -0.33333  0.00000    -4.2052738    -0.0464668     0.0003869     9    11     -0.000001+i*    -0.000043
 -0.33333 -0.33333  0.00000    -2.8912559    -0.0464668     0.4767521    10    11     -0.052282+i*     0.008524
 -0.33333 -0.33333  0.00000    -2.8912559     2.6619915     1.3993742    10    12      0.153460+i*    -0.025020
    17BSE eigenvalue    2.31332590      IP-eigenvalue:    4.31354279
  0.00000  0.00000  0.00000    -6.0785256    -2.3708546     0.0001909     9    11      0.000021+i*     0.000000
  0.00000  0.00000  0.00000    -4.1241113    -2.3708546     0.0000065    10    11     -0.000000+i*    -0.000001
  0.00000  0.00000  0.00000    -4.1241113     0.4107230     0.0000816    10    12      0.000001+i*     0.000009
  0.33333  0.00000  0.00000    -4.5946561    -0.8328566     0.0001862     9    11      0.000021+i*    -0.000001
  0.33333  0.00000  0.00000    -2.8335705    -0.8328566     0.0453846    10    11     -0.000840+i*    -0.004972
  0.33333  0.00000  0.00000    -2.8335705     1.9685811     0.3289773    10    12      0.006091+i*     0.036042
  0.00000  0.33333  0.00000    -5.1496778    -1.5869842     0.0004840     9    11     -0.000054+i*     0.000001
  0.00000  0.33333  0.00000    -3.1203342    -1.5869842     0.0081032    10    11     -0.000022+i*    -0.000900
  0.00000  0.33333  0.00000    -3.1203342     1.1932086     0.1389481    10    12      0.000371+i*     0.015434
  0.33333  0.33333  0.00000    -4.2052738    -0.0464668     0.0003164     9    11     -0.000035+i*     0.000001
  0.33333  0.33333  0.00000    -2.8912559    -0.0464668     0.0101580    10    11      0.000128+i*    -0.001121
  0.33333  0.33333  0.00000    -2.8912559     2.6619915     0.0509798    10    12     -0.000641+i*     0.005628
 -0.33333  0.33333  0.00000    -4.4620760    -0.0451223     0.0000798     9    11     -0.000008+i*     0.000004
 -0.33333  0.33333  0.00000    -3.2688503    -0.0451223     5.3497639    10    11     -0.579216+i*    -0.133573
 -0.33333  0.33333  0.00000    -3.2688503     2.6226298     3.4274868    10    12     -0.372257+i*    -0.080359
 -0.33333  0.00000  0.00000    -4.5946561    -0.8328566     0.0001862     9    11      0.000021+i*    -0.000000
 -0.33333  0.00000  0.00000    -2.8335705    -0.8328566     0.0453846    10    11     -0.000630+i*     0.005003
 -0.33333  0.00000  0.00000    -2.8335705     1.9685811     0.3289773    10    12      0.004574+i*    -0.036266
  0.00000 -0.33333  0.00000    -5.1496778    -1.5869842     0.0004840     9    11     -0.000054+i*     0.000001
  0.00000 -0.33333  0.00000    -3.1203342    -1.5869842     0.0081032    10    11      0.000016+i*     0.000900
  0.00000 -0.33333  0.00000    -3.1203342     1.1932086     0.1389481    10    12     -0.000277+i*    -0.015436
  0.33333 -0.33333  0.00000    -4.4620760    -0.0451223     0.0000798     9    11     -0.000008+i*    -0.000004
  0.33333 -0.33333  0.00000    -3.2688503    -0.0451223     5.3497639    10    11     -0.573105+i*     0.157745
  0.33333 -0.33333  0.00000    -3.2688503     2.6226298     3.4274868    10    12     -0.368560+i*     0.095899
 -0.33333 -0.33333  0.00000    -4.2052738    -0.0464668     0.0003164     9    11     -0.000035+i*     0.000001
 -0.33333 -0.33333  0.00000    -2.8912559    -0.0464668     0.0101580    10    11      0.000175+i*     0.001115
 -0.33333 -0.33333  0.00000    -2.8912559     2.6619915     0.0509798    10    12     -0.000877+i*    -0.005596
    18BSE eigenvalue    2.31745288      IP-eigenvalue:    4.31354279
  0.00000  0.00000  0.00000    -6.0785256    -2.3708546     0.0000180     9    11      0.000002+i*     0.000000
  0.00000  0.00000  0.00000    -4.1241113    -2.3708546     0.0104752    10    11      0.000174+i*     0.001151
  0.00000  0.00000  0.00000    -4.1241113     0.4107230     0.2383490    10    12     -0.003883+i*    -0.026197
  0.33333  0.00000  0.00000    -4.5946561    -0.8328566     0.0003249     9    11      0.000001+i*     0.000036
  0.33333  0.00000  0.00000    -2.8335705    -0.8328566     0.0501663    10    11      0.005496+i*    -0.000928
  0.33333  0.00000  0.00000    -2.8335705     1.9685811     0.4668477    10    12     -0.051149+i*     0.008631
  0.00000  0.33333  0.00000    -5.1496778    -1.5869842     0.0002907     9    11     -0.000000+i*    -0.000032
  0.00000  0.33333  0.00000    -3.1203342    -1.5869842     0.0112179    10    11     -0.001246+i*     0.000031
  0.00000  0.33333  0.00000    -3.1203342     1.1932086     0.2568050    10    12      0.028525+i*    -0.000708
  0.33333  0.33333  0.00000    -4.2052738    -0.0464668     0.0002924     9    11     -0.000001+i*    -0.000032
  0.33333  0.33333  0.00000    -2.8912559    -0.0464668     0.1093198    10    11      0.012060+i*     0.001448
  0.33333  0.33333  0.00000    -2.8912559     2.6619915     0.6061277    10    12     -0.066867+i*    -0.008031
 -0.33333  0.33333  0.00000    -4.4620760    -0.0451223     0.0000547     9    11      0.000002+i*     0.000006
 -0.33333  0.33333  0.00000    -3.2688503    -0.0451223     5.2030401    10    11     -0.129858+i*     0.563342
 -0.33333  0.33333  0.00000    -3.2688503     2.6226298     3.5684778    10    12     -0.083632+i*     0.387577
 -0.33333  0.00000  0.00000    -4.5946561    -0.8328566     0.0003249     9    11     -0.000001+i*    -0.000036
 -0.33333  0.00000  0.00000    -2.8335705    -0.8328566     0.0501663    10    11      0.005530+i*     0.000696
 -0.33333  0.00000  0.00000    -2.8335705     1.9685811     0.4668477    10    12     -0.051467+i*    -0.006468
  0.00000 -0.33333  0.00000    -5.1496778    -1.5869842     0.0002907     9    11      0.000001+i*     0.000032
  0.00000 -0.33333  0.00000    -3.1203342    -1.5869842     0.0112179    10    11     -0.001246+i*     0.000022
  0.00000 -0.33333  0.00000    -3.1203342     1.1932086     0.2568050    10    12      0.028530+i*    -0.000494
  0.33333 -0.33333  0.00000    -4.4620760    -0.0451223     0.0000547     9    11      0.000001+i*    -0.000006
  0.33333 -0.33333  0.00000    -3.2688503    -0.0451223     5.2030401    10    11     -0.153475+i*    -0.557372
  0.33333 -0.33333  0.00000    -3.2688503     2.6226298     3.5684778    10    12     -0.099886+i*    -0.383710
 -0.33333 -0.33333  0.00000    -4.2052738    -0.0464668     0.0002924     9    11      0.000001+i*     0.000032
 -0.33333 -0.33333  0.00000    -2.8912559    -0.0464668     0.1093198    10    11      0.011988+i*    -0.001955
 -0.33333 -0.33333  0.00000    -2.8912559     2.6619915     0.6061277    10    12     -0.066469+i*     0.010841
    19BSE eigenvalue    2.60592433      IP-eigenvalue:    4.41695368
  0.00000  0.00000  0.00000    -6.0785256    -2.3708546     0.7483861     9    11     -0.083154+i*     0.000000
  0.00000  0.00000  0.00000    -4.1241113    -2.3708546     0.0000000    10    11     -0.000000+i*    -0.000000
  0.00000  0.00000  0.00000    -4.1241113     0.4107230     0.0000006    10    12      0.000000+i*     0.000000
  0.33333  0.00000  0.00000    -4.5946561    -0.8328566     0.0490993     9    11     -0.005454+i*     0.000113
  0.33333  0.00000  0.00000    -2.8335705    -0.8328566     0.0000393    10    11     -0.000000+i*    -0.000004
  0.33333  0.00000  0.00000    -2.8335705     1.9685811     0.0002099    10    12     -0.000003+i*    -0.000023
  0.00000  0.33333  0.00000    -5.1496778    -1.5869842     6.3416709     9    11     -0.704476+i*     0.014720
  0.00000  0.33333  0.00000    -3.1203342    -1.5869842     0.0000133    10    11     -0.000000+i*    -0.000001
  0.00000  0.33333  0.00000    -3.1203342     1.1932086     0.0002806    10    12      0.000001+i*     0.000031
  0.33333  0.33333  0.00000    -4.2052738    -0.0464668     0.0223985     9    11     -0.002488+i*     0.000052
  0.33333  0.33333  0.00000    -2.8912559    -0.0464668     0.0000229    10    11     -0.000000+i*     0.000003
  0.33333  0.33333  0.00000    -2.8912559     2.6619915     0.0004933    10    12      0.000004+i*    -0.000055
 -0.33333  0.33333  0.00000    -4.4620760    -0.0451223     0.0160070     9    11     -0.001620+i*     0.000735
 -0.33333  0.33333  0.00000    -3.2688503    -0.0451223     0.0001165    10    11      0.000013+i*     0.000003
 -0.33333  0.33333  0.00000    -3.2688503     2.6226298     0.0006770    10    12      0.000073+i*     0.000016
 -0.33333  0.00000  0.00000    -4.5946561    -0.8328566     0.0490993     9    11     -0.005454+i*     0.000115
 -0.33333  0.00000  0.00000    -2.8335705    -0.8328566     0.0000393    10    11     -0.000000+i*     0.000004
 -0.33333  0.00000  0.00000    -2.8335705     1.9685811     0.0002099    10    12     -0.000002+i*     0.000023
  0.00000 -0.33333  0.00000    -5.1496778    -1.5869842     6.3416709     9    11     -0.704474+i*     0.014813
  0.00000 -0.33333  0.00000    -3.1203342    -1.5869842     0.0000133    10    11      0.000000+i*     0.000001
  0.00000 -0.33333  0.00000    -3.1203342     1.1932086     0.0002806    10    12     -0.000001+i*    -0.000031
  0.33333 -0.33333  0.00000    -4.4620760    -0.0451223     0.0160070     9    11     -0.001649+i*    -0.000666
  0.33333 -0.33333  0.00000    -3.2688503    -0.0451223     0.0001165    10    11      0.000012+i*    -0.000003
  0.33333 -0.33333  0.00000    -3.2688503     2.6226298     0.0006770    10    12      0.000073+i*    -0.000020
 -0.33333 -0.33333  0.00000    -4.2052738    -0.0464668     0.0223985     9    11     -0.002488+i*     0.000052
 -0.33333 -0.33333  0.00000    -2.8912559    -0.0464668     0.0000229    10    11     -0.000000+i*    -0.000003
 -0.33333 -0.33333  0.00000    -2.8912559     2.6619915     0.0004933    10    12      0.000006+i*     0.000054
    20BSE eigenvalue    2.60757364      IP-eigenvalue:    4.41695368
  0.00000  0.00000  0.00000    -6.0785256    -2.3708546     0.0000003     9    11     -0.000000+i*     0.000000
  0.00000  0.00000  0.00000    -4.1241113    -2.3708546     0.0002880    10    11     -0.000005+i*    -0.000032
  0.00000  0.00000  0.00000    -4.1241113     0.4107230     0.0001140    10    12     -0.000002+i*    -0.000013
  0.33333  0.00000  0.00000    -4.5946561    -0.8328566     0.0000937     9    11      0.000000+i*    -0.000010
  0.33333  0.00000  0.00000    -2.8335705    -0.8328566     0.0000090    10    11      0.000001+i*     0.000000
  0.33333  0.00000  0.00000    -2.8335705     1.9685811     0.0001630    10    12      0.000018+i*    -0.000002
  0.00000  0.33333  0.00000    -5.1496778    -1.5869842     6.3639149     9    11     -0.014837+i*    -0.706946
  0.00000  0.33333  0.00000    -3.1203342    -1.5869842     0.0000471    10    11      0.000005+i*    -0.000000
  0.00000  0.33333  0.00000    -3.1203342     1.1932086     0.0002539    10    12      0.000028+i*    -0.000001
  0.33333  0.33333  0.00000    -4.2052738    -0.0464668     0.0203266     9    11     -0.000047+i*    -0.002258
  0.33333  0.33333  0.00000    -2.8912559    -0.0464668     0.0000461    10    11      0.000005+i*     0.000000
  0.33333  0.33333  0.00000    -2.8912559     2.6619915     0.0003406    10    12     -0.000038+i*    -0.000002
 -0.33333  0.33333  0.00000    -4.4620760    -0.0451223     0.0131961     9    11     -0.000606+i*    -0.001335
 -0.33333  0.33333  0.00000    -3.2688503    -0.0451223     0.0001136    10    11      0.000003+i*    -0.000012
 -0.33333  0.33333  0.00000    -3.2688503     2.6226298     0.0004138    10    12      0.000009+i*    -0.000045
 -0.33333  0.00000  0.00000    -4.5946561    -0.8328566     0.0000937     9    11      0.000001+i*     0.000010
 -0.33333  0.00000  0.00000    -2.8335705    -0.8328566     0.0000090    10    11      0.000001+i*    -0.000000
 -0.33333  0.00000  0.00000    -2.8335705     1.9685811     0.0001630    10    12      0.000018+i*     0.000002
  0.00000 -0.33333  0.00000    -5.1496778    -1.5869842     6.3639149     9    11      0.014930+i*     0.706944
  0.00000 -0.33333  0.00000    -3.1203342    -1.5869842     0.0000471    10    11      0.000005+i*    -0.000000
  0.00000 -0.33333  0.00000    -3.1203342     1.1932086     0.0002539    10    12      0.000028+i*    -0.000001
  0.33333 -0.33333  0.00000    -4.4620760    -0.0451223     0.0131961     9    11     -0.000549+i*     0.001359
  0.33333 -0.33333  0.00000    -3.2688503    -0.0451223     0.0001136    10    11      0.000003+i*     0.000012
  0.33333 -0.33333  0.00000    -3.2688503     2.6226298     0.0004138    10    12      0.000011+i*     0.000045
 -0.33333 -0.33333  0.00000    -4.2052738    -0.0464668     0.0203266     9    11      0.000048+i*     0.002258
 -0.33333 -0.33333  0.00000    -2.8912559    -0.0464668     0.0000461    10    11      0.000005+i*    -0.000001
 -0.33333 -0.33333  0.00000    -2.8912559     2.6619915     0.0003406    10    12     -0.000038+i*     0.000003
    21BSE eigenvalue    2.75285100      IP-eigenvalue:    4.53483427
  0.00000  0.00000  0.00000    -6.0785256    -2.3708546     8.9575312     9    11      0.995281+i*     0.000000
  0.00000  0.00000  0.00000    -4.1241113    -2.3708546     0.0000001    10    11     -0.000000+i*    -0.000000
  0.00000  0.00000  0.00000    -4.1241113     0.4107230     0.0000023    10    12      0.000000+i*     0.000000
  0.33333  0.00000  0.00000    -4.5946561    -0.8328566     0.3145154     9    11      0.034939+i*    -0.000727
  0.33333  0.00000  0.00000    -2.8335705    -0.8328566     0.0000026    10    11     -0.000000+i*    -0.000000
  0.33333  0.00000  0.00000    -2.8335705     1.9685811     0.0000645    10    12     -0.000001+i*    -0.000007
  0.00000  0.33333  0.00000    -5.1496778    -1.5869842     0.5310614     9    11     -0.058994+i*     0.001233
  0.00000  0.33333  0.00000    -3.1203342    -1.5869842     0.0002018    10    11     -0.000001+i*    -0.000022
  0.00000  0.33333  0.00000    -3.1203342     1.1932086     0.0001312    10    12     -0.000001+i*    -0.000015
  0.33333  0.33333  0.00000    -4.2052738    -0.0464668     0.0164289     9    11      0.001825+i*    -0.000038
  0.33333  0.33333  0.00000    -2.8912559    -0.0464668     0.0000475    10    11     -0.000001+i*     0.000005
  0.33333  0.33333  0.00000    -2.8912559     2.6619915     0.0002039    10    12     -0.000002+i*     0.000023
 -0.33333  0.33333  0.00000    -4.4620760    -0.0451223     0.0100358     9    11      0.001015+i*    -0.000461
 -0.33333  0.33333  0.00000    -3.2688503    -0.0451223     0.0000329    10    11     -0.000004+i*     0.000000
 -0.33333  0.33333  0.00000    -3.2688503     2.6226298     0.0003828    10    12      0.000042+i*     0.000005
 -0.33333  0.00000  0.00000    -4.5946561    -0.8328566     0.3145154     9    11      0.034938+i*    -0.000738
 -0.33333  0.00000  0.00000    -2.8335705    -0.8328566     0.0000026    10    11     -0.000000+i*     0.000000
 -0.33333  0.00000  0.00000    -2.8335705     1.9685811     0.0000645    10    12     -0.000000+i*     0.000007
  0.00000 -0.33333  0.00000    -5.1496778    -1.5869842     0.5310614     9    11     -0.058994+i*     0.001240
  0.00000 -0.33333  0.00000    -3.1203342    -1.5869842     0.0002018    10    11      0.000000+i*     0.000022
  0.00000 -0.33333  0.00000    -3.1203342     1.1932086     0.0001312    10    12      0.000000+i*     0.000015
  0.33333 -0.33333  0.00000    -4.4620760    -0.0451223     0.0100358     9    11      0.001034+i*     0.000418
  0.33333 -0.33333  0.00000    -3.2688503    -0.0451223     0.0000329    10    11     -0.000004+i*     0.000000
  0.33333 -0.33333  0.00000    -3.2688503     2.6226298     0.0003828    10    12      0.000042+i*    -0.000007
 -0.33333 -0.33333  0.00000    -4.2052738    -0.0464668     0.0164289     9    11      0.001825+i*    -0.000038
 -0.33333 -0.33333  0.00000    -2.8912559    -0.0464668     0.0000475    10    11     -0.000001+i*    -0.000005
 -0.33333 -0.33333  0.00000    -2.8912559     2.6619915     0.0002039    10    12     -0.000003+i*    -0.000022
    22BSE eigenvalue    2.80663856      IP-eigenvalue:    4.80215164
  0.00000  0.00000  0.00000    -6.0785256    -2.3708546     0.4496511     9    11     -0.049961+i*     0.000000
  0.00000  0.00000  0.00000    -4.1241113    -2.3708546     0.0000001    10    11     -0.000000+i*    -0.000000
  0.00000  0.00000  0.00000    -4.1241113     0.4107230     0.0000004    10    12      0.000000+i*     0.000000
  0.33333  0.00000  0.00000    -4.5946561    -0.8328566     6.3539888     9    11      0.705845+i*    -0.014719
  0.33333  0.00000  0.00000    -2.8335705    -0.8328566     0.0000012    10    11     -0.000000+i*    -0.000000
  0.33333  0.00000  0.00000    -2.8335705     1.9685811     0.0000135    10    12      0.000000+i*     0.000001
  0.00000  0.33333  0.00000    -5.1496778    -1.5869842     0.0233491     9    11     -0.002594+i*     0.000055
  0.00000  0.33333  0.00000    -3.1203342    -1.5869842     0.0000170    10    11      0.000000+i*     0.000002
  0.00000  0.33333  0.00000    -3.1203342     1.1932086     0.0000242    10    12      0.000001+i*     0.000003
  0.33333  0.33333  0.00000    -4.2052738    -0.0464668     0.1368849     9    11      0.015206+i*    -0.000319
  0.33333  0.33333  0.00000    -2.8912559    -0.0464668     0.0003212    10    11     -0.000004+i*     0.000035
  0.33333  0.33333  0.00000    -2.8912559     2.6619915     0.0001753    10    12     -0.000002+i*     0.000019
 -0.33333  0.33333  0.00000    -4.4620760    -0.0451223     0.0803074     9    11      0.008126+i*    -0.003687
 -0.33333  0.33333  0.00000    -3.2688503    -0.0451223     0.0004956    10    11      0.000054+i*     0.000012
 -0.33333  0.33333  0.00000    -3.2688503     2.6226298     0.0004481    10    12     -0.000049+i*    -0.000010
 -0.33333  0.00000  0.00000    -4.5946561    -0.8328566     6.3539889     9    11      0.705842+i*    -0.014871
 -0.33333  0.00000  0.00000    -2.8335705    -0.8328566     0.0000012    10    11     -0.000000+i*     0.000000
 -0.33333  0.00000  0.00000    -2.8335705     1.9685811     0.0000135    10    12      0.000000+i*    -0.000001
  0.00000 -0.33333  0.00000    -5.1496778    -1.5869842     0.0233491     9    11     -0.002594+i*     0.000054
  0.00000 -0.33333  0.00000    -3.1203342    -1.5869842     0.0000170    10    11      0.000000+i*    -0.000002
  0.00000 -0.33333  0.00000    -3.1203342     1.1932086     0.0000242    10    12      0.000001+i*    -0.000003
  0.33333 -0.33333  0.00000    -4.4620760    -0.0451223     0.0803074     9    11      0.008273+i*     0.003343
  0.33333 -0.33333  0.00000    -3.2688503    -0.0451223     0.0004956    10    11      0.000053+i*    -0.000015
  0.33333 -0.33333  0.00000    -3.2688503     2.6226298     0.0004481    10    12     -0.000048+i*     0.000012
 -0.33333 -0.33333  0.00000    -4.2052738    -0.0464668     0.1368849     9    11      0.015206+i*    -0.000318
 -0.33333 -0.33333  0.00000    -2.8912559    -0.0464668     0.0003212    10    11     -0.000006+i*    -0.000035
 -0.33333 -0.33333  0.00000    -2.8912559     2.6619915     0.0001753    10    12     -0.000003+i*    -0.000019
    23BSE eigenvalue    2.80665061      IP-eigenvalue:    4.80215164
  0.00000  0.00000  0.00000    -6.0785256    -2.3708546     0.0000189     9    11     -0.000002+i*     0.000000
  0.00000  0.00000  0.00000    -4.1241113    -2.3708546     0.0000008    10    11      0.000000+i*     0.000000
  0.00000  0.00000  0.00000    -4.1241113     0.4107230     0.0000108    10    12     -0.000000+i*    -0.000001
  0.33333  0.00000  0.00000    -4.5946561    -0.8328566     6.3619867     9    11      0.014792+i*     0.706733
  0.33333  0.00000  0.00000    -2.8335705    -0.8328566     0.0000006    10    11      0.000000+i*    -0.000000
  0.33333  0.00000  0.00000    -2.8335705     1.9685811     0.0000045    10    12     -0.000000+i*     0.000000
  0.00000  0.33333  0.00000    -5.1496778    -1.5869842     0.0003664     9    11     -0.000001+i*    -0.000041
  0.00000  0.33333  0.00000    -3.1203342    -1.5869842     0.0000312    10    11     -0.000003+i*     0.000000
  0.00000  0.33333  0.00000    -3.1203342     1.1932086     0.0001418    10    12     -0.000016+i*     0.000001
  0.33333  0.33333  0.00000    -4.2052738    -0.0464668     0.1370729     9    11      0.000321+i*     0.015227
  0.33333  0.33333  0.00000    -2.8912559    -0.0464668     0.0003184    10    11     -0.000035+i*    -0.000004
  0.33333  0.33333  0.00000    -2.8912559     2.6619915     0.0002797    10    12     -0.000031+i*    -0.000004
 -0.33333  0.33333  0.00000    -4.4620760    -0.0451223     0.0796000     9    11     -0.003655+i*    -0.008054
 -0.33333  0.33333  0.00000    -3.2688503    -0.0451223     0.0005250    10    11      0.000013+i*    -0.000057
 -0.33333  0.33333  0.00000    -3.2688503     2.6226298     0.0001699    10    12     -0.000004+i*     0.000018
 -0.33333  0.00000  0.00000    -4.5946561    -0.8328566     6.3619866     9    11     -0.014945+i*    -0.706729
 -0.33333  0.00000  0.00000    -2.8335705    -0.8328566     0.0000006    10    11      0.000000+i*     0.000000
 -0.33333  0.00000  0.00000    -2.8335705     1.9685811     0.0000045    10    12     -0.000000+i*    -0.000000
  0.00000 -0.33333  0.00000    -5.1496778    -1.5869842     0.0003664     9    11      0.000000+i*     0.000041
  0.00000 -0.33333  0.00000    -3.1203342    -1.5869842     0.0000312    10    11     -0.000003+i*    -0.000000
  0.00000 -0.33333  0.00000    -3.1203342     1.1932086     0.0001418    10    12     -0.000016+i*    -0.000000
  0.33333 -0.33333  0.00000    -4.4620760    -0.0451223     0.0796000     9    11     -0.003313+i*     0.008200
  0.33333 -0.33333  0.00000    -3.2688503    -0.0451223     0.0005250    10    11      0.000015+i*     0.000056
  0.33333 -0.33333  0.00000    -3.2688503     2.6226298     0.0001699    10    12     -0.000005+i*    -0.000018
 -0.33333 -0.33333  0.00000    -4.2052738    -0.0464668     0.1370729     9    11     -0.000320+i*    -0.015227
 -0.33333 -0.33333  0.00000    -2.8912559    -0.0464668     0.0003184    10    11     -0.000035+i*     0.000006
 -0.33333 -0.33333  0.00000    -2.8912559     2.6619915     0.0002797    10    12     -0.000031+i*     0.000005
    24BSE eigenvalue    3.20272184      IP-eigenvalue:    5.55324738
  0.00000  0.00000  0.00000    -6.0785256    -2.3708546     0.0161012     9    11      0.001789+i*     0.000000
  0.00000  0.00000  0.00000    -4.1241113    -2.3708546     0.0000000    10    11     -0.000000+i*    -0.000000
  0.00000  0.00000  0.00000    -4.1241113     0.4107230     0.0000010    10    12      0.000000+i*     0.000000
  0.33333  0.00000  0.00000    -4.5946561    -0.8328566     0.1377728     9    11      0.015305+i*    -0.000318
  0.33333  0.00000  0.00000    -2.8335705    -0.8328566     0.0001234    10    11      0.000002+i*     0.000014
  0.33333  0.00000  0.00000    -2.8335705     1.9685811     0.0000999    10    12      0.000002+i*     0.000011
  0.00000  0.33333  0.00000    -5.1496778    -1.5869842     0.0204674     9    11      0.002274+i*    -0.000048
  0.00000  0.33333  0.00000    -3.1203342    -1.5869842     0.0000043    10    11      0.000000+i*     0.000000
  0.00000  0.33333  0.00000    -3.1203342     1.1932086     0.0001315    10    12      0.000001+i*     0.000015
  0.33333  0.33333  0.00000    -4.2052738    -0.0464668     6.3624246     9    11     -0.706781+i*     0.014794
  0.33333  0.33333  0.00000    -2.8912559    -0.0464668     0.0000813    10    11     -0.000001+i*     0.000009
  0.33333  0.33333  0.00000    -2.8912559     2.6619915     0.0000998    10    12      0.000001+i*    -0.000011
 -0.33333  0.33333  0.00000    -4.4620760    -0.0451223     0.0048466     9    11     -0.000490+i*     0.000223
 -0.33333  0.33333  0.00000    -3.2688503    -0.0451223     0.0000229    10    11      0.000002+i*     0.000001
 -0.33333  0.33333  0.00000    -3.2688503     2.6226298     0.0005681    10    12      0.000062+i*     0.000013
 -0.33333  0.00000  0.00000    -4.5946561    -0.8328566     0.1377728     9    11      0.015305+i*    -0.000323
 -0.33333  0.00000  0.00000    -2.8335705    -0.8328566     0.0001234    10    11      0.000002+i*    -0.000014
 -0.33333  0.00000  0.00000    -2.8335705     1.9685811     0.0000999    10    12      0.000002+i*    -0.000011
  0.00000 -0.33333  0.00000    -5.1496778    -1.5869842     0.0204674     9    11      0.002274+i*    -0.000048
  0.00000 -0.33333  0.00000    -3.1203342    -1.5869842     0.0000043    10    11     -0.000000+i*    -0.000000
  0.00000 -0.33333  0.00000    -3.1203342     1.1932086     0.0001315    10    12      0.000001+i*    -0.000015
  0.33333 -0.33333  0.00000    -4.4620760    -0.0451223     0.0048466     9    11     -0.000499+i*    -0.000202
  0.33333 -0.33333  0.00000    -3.2688503    -0.0451223     0.0000229    10    11      0.000002+i*    -0.000001
  0.33333 -0.33333  0.00000    -3.2688503     2.6226298     0.0005681    10    12      0.000061+i*    -0.000016
 -0.33333 -0.33333  0.00000    -4.2052738    -0.0464668     6.3624246     9    11     -0.706780+i*     0.014835
 -0.33333 -0.33333  0.00000    -2.8912559    -0.0464668     0.0000813    10    11     -0.000001+i*    -0.000009
 -0.33333 -0.33333  0.00000    -2.8912559     2.6619915     0.0000998    10    12      0.000002+i*     0.000011
    25BSE eigenvalue    3.20282056      IP-eigenvalue:    5.55324738
  0.00000  0.00000  0.00000    -6.0785256    -2.3708546     0.0000000     9    11      0.000000+i*     0.000000
  0.00000  0.00000  0.00000    -4.1241113    -2.3708546     0.0000189    10    11      0.000000+i*     0.000002
  0.00000  0.00000  0.00000    -4.1241113     0.4107230     0.0000548    10    12      0.000001+i*     0.000006
  0.33333  0.00000  0.00000    -4.5946561    -0.8328566     0.1370992     9    11     -0.000286+i*    -0.015231
  0.33333  0.00000  0.00000    -2.8335705    -0.8328566     0.0001243    10    11      0.000014+i*    -0.000002
  0.33333  0.00000  0.00000    -2.8335705     1.9685811     0.0000080    10    12     -0.000001+i*     0.000000
  0.00000  0.33333  0.00000    -5.1496778    -1.5869842     0.0203174     9    11     -0.000043+i*    -0.002257
  0.00000  0.33333  0.00000    -3.1203342    -1.5869842     0.0000051    10    11      0.000001+i*    -0.000000
  0.00000  0.33333  0.00000    -3.1203342     1.1932086     0.0000837    10    12     -0.000009+i*     0.000001
  0.33333  0.33333  0.00000    -4.2052738    -0.0464668     6.3624515     9    11      0.013369+i*     0.706813
  0.33333  0.33333  0.00000    -2.8912559    -0.0464668     0.0000784    10    11      0.000009+i*     0.000001
  0.33333  0.33333  0.00000    -2.8912559     2.6619915     0.0000649    10    12      0.000007+i*     0.000001
 -0.33333  0.33333  0.00000    -4.4620760    -0.0451223     0.0012093     9    11     -0.000055+i*    -0.000122
 -0.33333  0.33333  0.00000    -3.2688503    -0.0451223     0.0000194    10    11     -0.000000+i*     0.000002
 -0.33333  0.33333  0.00000    -3.2688503     2.6226298     0.0005176    10    12     -0.000012+i*     0.000056
 -0.33333  0.00000  0.00000    -4.5946561    -0.8328566     0.1370992     9    11      0.000291+i*     0.015230
 -0.33333  0.00000  0.00000    -2.8335705    -0.8328566     0.0001243    10    11      0.000014+i*     0.000002
 -0.33333  0.00000  0.00000    -2.8335705     1.9685811     0.0000080    10    12     -0.000001+i*    -0.000000
  0.00000 -0.33333  0.00000    -5.1496778    -1.5869842     0.0203174     9    11      0.000043+i*     0.002257
  0.00000 -0.33333  0.00000    -3.1203342    -1.5869842     0.0000051    10    11      0.000001+i*     0.000000
  0.00000 -0.33333  0.00000    -3.1203342     1.1932086     0.0000837    10    12     -0.000009+i*    -0.000001
  0.33333 -0.33333  0.00000    -4.4620760    -0.0451223     0.0012093     9    11     -0.000051+i*     0.000124
  0.33333 -0.33333  0.00000    -3.2688503    -0.0451223     0.0000194    10    11     -0.000001+i*    -0.000002
  0.33333 -0.33333  0.00000    -3.2688503     2.6226298     0.0005176    10    12     -0.000014+i*    -0.000056
 -0.33333 -0.33333  0.00000    -4.2052738    -0.0464668     6.3624515     9    11     -0.013410+i*    -0.706812
 -0.33333 -0.33333  0.00000    -2.8912559    -0.0464668     0.0000784    10    11      0.000009+i*    -0.000001
 -0.33333 -0.33333  0.00000    -2.8912559     2.6619915     0.0000649    10    12      0.000007+i*    -0.000001
    26BSE eigenvalue    3.46227368      IP-eigenvalue:    5.89148012
  0.00000  0.00000  0.00000    -6.0785256    -2.3708546     0.0103225     9    11      0.001147+i*     0.000000
  0.00000  0.00000  0.00000    -4.1241113    -2.3708546     0.0000037    10    11      0.000000+i*     0.000000
  0.00000  0.00000  0.00000    -4.1241113     0.4107230     0.0000172    10    12      0.000000+i*     0.000002
  0.33333  0.00000  0.00000    -4.5946561    -0.8328566     0.0807029     9    11      0.008966+i*    -0.000145
  0.33333  0.00000  0.00000    -2.8335705    -0.8328566     0.0001080    10    11     -0.000002+i*    -0.000012
  0.33333  0.00000  0.00000    -2.8335705     1.9685811     0.0000288    10    12     -0.000000+i*    -0.000003
  0.00000  0.33333  0.00000    -5.1496778    -1.5869842     0.0148045     9    11      0.001644+i*    -0.000041
  0.00000  0.33333  0.00000    -3.1203342    -1.5869842     0.0000065    10    11      0.000000+i*     0.000001
  0.00000  0.33333  0.00000    -3.1203342     1.1932086     0.0000783    10    12      0.000000+i*     0.000009
  0.33333  0.33333  0.00000    -4.2052738    -0.0464668     0.0066556     9    11      0.000739+i*    -0.000014
  0.33333  0.33333  0.00000    -2.8912559    -0.0464668     0.0000041    10    11      0.000000+i*    -0.000000
  0.33333  0.33333  0.00000    -2.8912559     2.6619915     0.0003426    10    12      0.000005+i*    -0.000038
 -0.33333  0.33333  0.00000    -4.4620760    -0.0451223     6.3634244     9    11     -0.642469+i*     0.295210
 -0.33333  0.33333  0.00000    -3.2688503    -0.0451223     0.0000669    10    11      0.000007+i*     0.000002
 -0.33333  0.33333  0.00000    -3.2688503     2.6226298     0.0000438    10    12      0.000005+i*    -0.000000
 -0.33333  0.00000  0.00000    -4.5946561    -0.8328566     0.0807029     9    11      0.008964+i*    -0.000231
 -0.33333  0.00000  0.00000    -2.8335705    -0.8328566     0.0001080    10    11     -0.000001+i*     0.000012
 -0.33333  0.00000  0.00000    -2.8335705     1.9685811     0.0000288    10    12     -0.000000+i*     0.000003
  0.00000 -0.33333  0.00000    -5.1496778    -1.5869842     0.0148045     9    11      0.001645+i*    -0.000028
  0.00000 -0.33333  0.00000    -3.1203342    -1.5869842     0.0000065    10    11     -0.000000+i*    -0.000001
  0.00000 -0.33333  0.00000    -3.1203342     1.1932086     0.0000783    10    12     -0.000000+i*    -0.000009
  0.33333 -0.33333  0.00000    -4.4620760    -0.0451223     6.3634244     9    11     -0.654275+i*    -0.268029
  0.33333 -0.33333  0.00000    -3.2688503    -0.0451223     0.0000669    10    11      0.000007+i*    -0.000002
  0.33333 -0.33333  0.00000    -3.2688503     2.6226298     0.0000438    10    12      0.000005+i*     0.000000
 -0.33333 -0.33333  0.00000    -4.2052738    -0.0464668     0.0066556     9    11      0.000739+i*    -0.000017
 -0.33333 -0.33333  0.00000    -2.8912559    -0.0464668     0.0000041    10    11      0.000000+i*     0.000000
 -0.33333 -0.33333  0.00000    -2.8912559     2.6619915     0.0003426    10    12      0.000006+i*     0.000038
    27BSE eigenvalue    3.46230253      IP-eigenvalue:    5.89148012
  0.00000  0.00000  0.00000    -6.0785256    -2.3708546     0.0000471     9    11     -0.000005+i*     0.000000
  0.00000  0.00000  0.00000    -4.1241113    -2.3708546     0.0000323    10    11     -0.000001+i*    -0.000004
  0.00000  0.00000  0.00000    -4.1241113     0.4107230     0.0001540    10    12     -0.000003+i*    -0.000017
  0.33333  0.00000  0.00000    -4.5946561    -0.8328566     0.0795555     9    11      0.000142+i*     0.008838
  0.33333  0.00000  0.00000    -2.8335705    -0.8328566     0.0001095    10    11      0.000012+i*    -0.000002
  0.33333  0.00000  0.00000    -2.8335705     1.9685811     0.0000720    10    12      0.000008+i*    -0.000001
  0.00000  0.33333  0.00000    -5.1496778    -1.5869842     0.0132056     9    11     -0.000038+i*    -0.001467
  0.00000  0.33333  0.00000    -3.1203342    -1.5869842     0.0000006    10    11      0.000000+i*    -0.000000
  0.00000  0.33333  0.00000    -3.1203342     1.1932086     0.0000648    10    12     -0.000007+i*     0.000000
  0.33333  0.33333  0.00000    -4.2052738    -0.0464668     0.0028817     9    11      0.000003+i*     0.000320
  0.33333  0.33333  0.00000    -2.8912559    -0.0464668     0.0000052    10    11      0.000001+i*     0.000000
  0.33333  0.33333  0.00000    -2.8912559     2.6619915     0.0003056    10    12      0.000034+i*     0.000004
 -0.33333  0.33333  0.00000    -4.4620760    -0.0451223     6.3634494     9    11      0.295212+i*     0.642471
 -0.33333  0.33333  0.00000    -3.2688503    -0.0451223     0.0000639    10    11      0.000002+i*    -0.000007
 -0.33333  0.33333  0.00000    -3.2688503     2.6226298     0.0000492    10    12      0.000000+i*     0.000005
 -0.33333  0.00000  0.00000    -4.5946561    -0.8328566     0.0795555     9    11     -0.000229+i*    -0.008837
 -0.33333  0.00000  0.00000    -2.8335705    -0.8328566     0.0001095    10    11      0.000012+i*     0.000001
 -0.33333  0.00000  0.00000    -2.8335705     1.9685811     0.0000720    10    12      0.000008+i*     0.000001
  0.00000 -0.33333  0.00000    -5.1496778    -1.5869842     0.0132056     9    11      0.000023+i*     0.001467
  0.00000 -0.33333  0.00000    -3.1203342    -1.5869842     0.0000006    10    11      0.000000+i*    -0.000000
  0.00000 -0.33333  0.00000    -3.1203342     1.1932086     0.0000648    10    12     -0.000007+i*     0.000000
  0.33333 -0.33333  0.00000    -4.4620760    -0.0451223     6.3634494     9    11      0.268029+i*    -0.654278
  0.33333 -0.33333  0.00000    -3.2688503    -0.0451223     0.0000639    10    11      0.000002+i*     0.000007
  0.33333 -0.33333  0.00000    -3.2688503     2.6226298     0.0000492    10    12     -0.000000+i*    -0.000005
 -0.33333 -0.33333  0.00000    -4.2052738    -0.0464668     0.0028817     9    11     -0.000010+i*    -0.000320
 -0.33333 -0.33333  0.00000    -2.8912559    -0.0464668     0.0000052    10    11      0.000001+i*    -0.000000
 -0.33333 -0.33333  0.00000    -2.8912559     2.6619915     0.0003056    10    12      0.000033+i*    -0.000006
