# shape 27 27
# i j real imag
     1      1  3.7079375047805421e+00 -1.1093871637996058e-22
     1      2 -6.4639270376480788e-11  5.5687734832373550e-11
     1      3  2.5587826342858602e-09 -1.4536182575909995e-09
     1      4  2.6597860592134629e-04  5.5351590828964399e-06
     1      5 -1.4727822064599633e-10  2.5203546511279502e-11
     1      6  1.5364259538250976e-09  2.5645146872783523e-09
     1      7  2.6437535787986215e-04  5.5240306636644769e-06
     1      8 -3.1802008788720118e-11 -1.0348782522744683e-11
     1      9 -1.9608707322568438e-09 -2.0497833448454672e-09
     1     10  2.6202869164375630e-04  5.4855860039396727e-06
     1     11 -6.4980048599060595e-11  1.3433641000999235e-10
     1     12  2.2872007880583942e-09  1.8219943120054715e-09
     1     13  2.3671708129082263e-04  1.0742126998493785e-04
     1     14 -1.1742698066778988e-10 -1.1925677846504378e-10
     1     15  1.7735193826311247e-09 -2.5077488655414058e-09
     1     16  2.6597692742215336e-04  5.6151050057958477e-06
     1     17 -1.3431321909328248e-10  8.4446246938160548e-11
     1     18  2.1127947180251047e-09  2.1933291086112240e-09
     1     19  2.6437461800582154e-04  5.5590381115374063e-06
     1     20 -2.1798371112513761e-11 -1.1150089220817156e-10
     1     21 -1.6872762630535809e-09 -2.7501305134566748e-09
     1     22  2.4101045219046178e-04 -9.7407688699461701e-05
     1     23  3.4462133198045396e-12  1.8116126363257372e-10
     1     24 -2.7172123288536536e-09  6.8243562000265184e-10
     1     25  2.6202839732257694e-04  5.4991081131058542e-06
     1     26 -9.6987817389130387e-11 -1.3690725864028434e-11
     1     27  1.1246843171108330e-09  2.8619852145825942e-09
     2      1 -6.4639270376577852e-11 -5.5687734833055884e-11
     2      2  1.7533087429813123e+00  1.1591487455593321e-23
     2      3  1.7700446043856408e-03 -5.6904507992399864e-06
     2      4 -1.3667724341933262e-10 -7.9110074382872156e-11
     2      5 -8.6726369031231200e-07  5.2906491013544830e-05
     2      6 -2.9293690631192757e-05  1.7869348300685894e-03
     2      7 -9.3005415792568474e-11 -1.4043702293146700e-10
     2      8 -6.8369382625630091e-06 -5.4347531142104575e-05
     2      9 -2.2657584331508730e-04 -1.8002356103002199e-03
     2     10 -1.2841787744913769e-10 -1.4975968113983454e-10
     2     11  1.5304363952466568e-05  5.5311343954083313e-05
     2     12  4.8779284455318858e-04  1.7629043519235437e-03
     2     13 -8.4277740317678009e-11 -1.3937553754177584e-10
     2     14 -5.6860031773689759e-05  2.2469736140891481e-05
     2     15  1.7082776085727699e-03 -6.4749924220696244e-04
     2     16 -1.1236908422235147e-10 -8.2105536169900141e-11
     2     17  1.4365927436318326e-05  5.0926114303888586e-05
     2     18  4.8521602054994668e-04  1.7200464540901956e-03
     2     19 -1.7151093876908580e-10 -1.3005850521245922e-10
     2     20 -7.2862709341707261e-06 -5.4289115220472603e-05
     2     21 -2.4125252661929601e-04 -1.7983276519209651e-03
     2     22 -1.6185388395618149e-10 -3.7562807730925633e-11
     2     23  6.0715191608300546e-05  7.1844703119601618e-06
     2     24 -1.8170509863700657e-03 -1.8919165243207206e-04
     2     25 -1.4325028987030195e-10 -1.4837785685792370e-10
     2     26 -6.5325930540032062e-07  5.7385896593547419e-05
     2     27 -2.0826633491186371e-05  1.8290270915719306e-03
     3      1  2.5587826342990364e-09  1.4536182575925054e-09
     3      2  1.7700446043856408e-03  5.6904507992399864e-06
     3      3  4.6075792016715313e+00 -7.8604898750924637e-20
     3      4 -6.4809737915897422e-10  2.4245827772298688e-09
     3      5 -3.5394846589009691e-05  1.8051081503980440e-03
     3      6 -1.4412157780575310e-03  7.3497147445110711e-02
     3      7  1.2765026321665556e-09 -2.0331167627589566e-10
     3      8 -2.2998147789802791e-04 -1.8768536022152561e-03
     3      9 -9.0983714086660429e-03 -7.4215168097454806e-02
     3     10  1.1071253963055517e-09 -8.3990920176416449e-10
     3     11  5.3112325735179156e-04  1.9438164959133229e-03
     3     12  1.9912125055439968e-02  7.2874020213880494e-02
     3     13 -3.4951254751949436e-10  2.0778104206755628e-10
     3     14 -2.0477089512973921e-03  8.0160472868937623e-04
     3     15  7.0840398474360355e-02 -2.6590921678405526e-02
     3     16  1.1622203341789950e-09  2.1951099377870326e-09
     3     17  4.8458854521726591e-04  1.7392073398842123e-03
     3     18  1.9730674048798177e-02  7.0813898961176569e-02
     3     19 -1.3570819060431682e-09  1.3039427451260817e-10
     3     20 -2.4550049796418140e-04 -1.8748867775441578e-03
     3     21 -9.7034321298469055e-03 -7.4138484884246750e-02
     3     22  3.2860742745500952e-10  1.5011135420493439e-10
     3     23  2.1829407493020327e-03  2.6542752616510291e-04
     3     24 -7.5234206227269299e-02 -8.0779564746405394e-03
     3     25 -1.3519755395713942e-09 -5.2834820549873615e-10
     3     26 -2.9415314950935614e-05  2.0148571218241164e-03
     3     27 -1.1030002093362454e-03  7.5537400894023290e-02
     4      1  2.6597860592134629e-04 -5.5351590828964416e-06
     4      2 -1.3667724341874442e-10  7.9110074382872156e-11
     4      3 -6.4809737916989146e-10 -2.4245827772343864e-09
     4      4  3.7620649782117401e+00 -6.9470331169034589e-23
     4      5 -1.6762976740089520e-10 -4.5878699126998803e-11
     4      6  2.6067901633447070e-09 -6.1450643179507602e-10
     4      7  2.6406783940510005e-04  2.2207995918129552e-08
     4      8 -2.9489001802531129e-12  6.6639653050983796e-11
     4      9 -2.6467071117203463e-09  1.2803009976338508e-09
     4     10  2.6189338489737246e-04  3.2608648994943705e-08
     4     11 -9.9867761688997138e-11  5.7451312135306341e-11
     4     12  2.5286818743926838e-09 -1.6311216268200188e-09
     4     13  2.3895969236385799e-04  1.0249813830514264e-04
     4     14 -3.7307679544528360e-11 -1.6500023555164115e-10
     4     15 -1.7412294742681075e-09 -2.4261528850318711e-09
     4     16  2.6544051110680513e-04  7.9786476840061168e-08
     4     17 -1.7198352608439126e-10  2.3853300993107646e-11
     4     18  2.2646957267665448e-09 -1.1653157149990710e-09
     4     19  2.6381990397910803e-04  5.7121110744812463e-08
     4     20  1.5044511497912477e-12 -3.8768266244329333e-11
     4     21 -2.4380463360928464e-09  4.9238439328813622e-10
     4     22  2.3837437500799191e-04 -1.0216222011956262e-04
     4     23 -6.8296964611838530e-11  1.6976983144001957e-10
     4     24 -1.6263512246982232e-11  2.2757245780162627e-09
     4     25  2.6147276071512068e-04  4.6052614546441645e-08
     4     26 -1.0554554801821629e-10 -8.6832061629256486e-11
     4     27  2.4144420993952040e-09 -1.1909464606821839e-10
     5      1 -1.4727822064609045e-10 -2.5203546511101565e-11
     5      2 -8.6726369031231242e-07 -5.2906491013544830e-05
     5      3 -3.5394846589009643e-05 -1.8051081503980440e-03
     5      4 -1.6762976740103636e-10  4.5878699127437021e-11
     5      5  2.0007678283774135e+00 -1.9545487159771678e-22
     5      6  1.8313588520185130e-03  1.8225292890650190e-09
     5      7 -2.3678386355136240e-10 -6.6320870789980690e-13
     5      8 -5.5503079091031684e-05  7.9084356389843601e-06
     5      9 -1.8488947852369573e-03  2.6355125005984902e-04
     5     10 -2.5164152061585543e-10  3.6586302060268274e-11
     5     11  5.6580852884370472e-05 -1.6658675620858252e-05
     5     12  1.8134327239239753e-03 -5.3392165094864180e-04
     5     13 -2.0371354539276411e-10 -5.3190153392972116e-11
     5     14  2.4160274243258527e-05  5.8322677083922005e-05
     5     15 -7.0093211264902274e-04 -1.7615763148059339e-03
     5     16 -1.7198352608337951e-10  2.3853300960552758e-11
     5     17  5.1314369502757734e-05 -1.5387772581013365e-05
     5     18  1.7400409966832160e-03 -5.2179245793146747e-04
     5     19 -2.2472631529949075e-10  8.5350954130188615e-11
     5     20 -5.4735100286483935e-05  8.2615429644770032e-06
     5     21 -1.8193959624082524e-03  2.7450675262772532e-04
     5     22 -1.6570291706395624e-10  1.2756040817896177e-10
     5     23  6.2288705754450704e-06 -6.1222982148258139e-05
     5     24 -1.6082816158324246e-04  1.8363967581322507e-03
     5     25 -2.4750758056359225e-10  6.4229048044653213e-11
     5     26  5.7891467169845938e-05 -2.8991718990994315e-07
     5     27  1.8506855054851140e-03 -9.2622947089327917e-06
     6      1  1.5364259537942280e-09 -2.5645146872945402e-09
     6      2 -2.9293690631192730e-05 -1.7869348300685894e-03
     6      3 -1.4412157780575310e-03 -7.3497147445110711e-02
     6      4  2.6067901633176020e-09  6.1450643178717035e-10
     6      5  1.8313588520185130e-03 -1.8225292891132058e-09
     6      6  4.8767945429667439e+00  8.1092556637958721e-19
     6      7 -1.7888298167932351e-10 -1.3938581273055352e-09
     6      8 -1.9074888339698573e-03  2.7179254712932842e-04
     6      9 -7.5509155619783150e-02  1.0763551946601368e-02
     6     10 -7.8899174749028845e-10 -1.1024158101092126e-09
     6     11  1.9780640317283789e-03 -5.8238956339916749e-04
     6     12  7.4235525420301582e-02 -2.1856947671982145e-02
     6     13  3.4835059173983409e-10  1.4216639976009785e-10
     6     14  8.6496422378932666e-04  2.0880082808431843e-03
     6     15 -2.8777514748729884e-02 -7.2323171557287083e-02
     6     16  2.2646957267070643e-09 -1.1653157163998753e-09
     6     17  1.7400409966832155e-03 -5.2179245793146638e-04
     6     18  7.0897862908219755e-02 -2.1260474301834517e-02
     6     19  1.4697994700459253e-10  1.2707138003164303e-09
     6     20 -1.8767047906373239e-03  2.8326639890286002e-04
     6     21 -7.4258973719748253e-02  1.1204111875173766e-02
     6     22  1.6036832925894010e-10 -6.0543779639820358e-10
     6     23  2.2225844300939967e-04 -2.1845724548840402e-03
     6     24 -6.5955602092335527e-03  7.5311329219304987e-02
     6     25 -4.5255103568102133e-10  1.4303665199735996e-09
     6     26  2.0177959631620295e-03 -1.0106118187402605e-05
     6     27  7.5694300964058589e-02 -3.7890036383923863e-04
     7      1  2.6437535787986215e-04 -5.5240306636644803e-06
     7      2 -9.3005415791792023e-11  1.4043702293210228e-10
     7      3  1.2765026321605323e-09  2.0331167630450654e-10
     7      4  2.6406783940510000e-04 -2.2207995918133691e-08
     7      5 -2.3678386355253886e-10  6.6320870787774879e-13
     7      6 -1.7888298169513479e-10  1.3938581272870888e-09
     7      7  3.5629564399862224e+00 -3.5274219625099173e-21
     7      8  6.6826064855989936e-11  5.7112611026113315e-12
     7      9  3.9751982268699152e-11 -1.2861760390765911e-09
     7     10  2.6099916442045532e-04  1.0532731255698664e-08
     7     11 -1.6643006910617225e-10  1.3633726259251645e-10
     7     12  7.4765455146336972e-11  1.5273080321855566e-09
     7     13  2.3865622396836915e-04  1.0234417087249674e-04
     7     14 -1.3874715334589050e-10 -2.3547614233348914e-10
     7     15  1.8674293205810533e-09 -1.7054299090888147e-10
     7     16  2.6381990397910814e-04  5.7121110744810206e-08
     7     17 -2.2472631530125539e-10  8.5350954162249399e-11
     7     18  1.4697994711828315e-10  1.2707138016850474e-09
     7     19  2.6227387475300938e-04  3.4734458294288315e-08
     7     20  6.8905620919285548e-11 -8.7258008992473095e-11
     7     21  1.0955257945039186e-10 -1.4506079044803973e-09
     7     22  2.3734240795607867e-04 -1.0174357038967799e-04
     7     23 -4.4384464144545946e-11  2.5746055259404639e-10
     7     24 -8.7797828864623314e-10 -5.0524900476986253e-10
     7     25  2.6009390999939320e-04  2.3937890127966724e-08
     7     26 -1.8487370164305847e-10 -4.9320677180461348e-11
     7     27 -3.7907362830702666e-10  1.2284521002252761e-09
     8      1 -3.1802008788390719e-11  1.0348782522715273e-11
     8      2 -6.8369382625630091e-06  5.4347531142104575e-05
     8      3 -2.2998147789802791e-04  1.8768536022152563e-03
     8      4 -2.9489001802531129e-12 -6.6639653050680867e-11
     8      5 -5.5503079091031684e-05 -7.9084356389843601e-06
     8      6 -1.9074888339698573e-03 -2.7179254712932847e-04
     8      7  6.6826064855119368e-11 -5.7112611032833705e-12
     8      8  1.5334086251517185e+00  5.2666358633584020e-22
     8      9  1.9752692185225715e-03 -1.1481206959372875e-07
     8     10  8.6603215190869850e-11 -4.4115659510795932e-11
     8     11 -6.1346315695666459e-05  8.9454631919544233e-06
     8     12 -1.9885911463854190e-03  2.8998150129240502e-04
     8     13  5.6932250337090915e-11 -2.3551062059690773e-11
     8     14 -1.6602635682299583e-05 -6.4697635671909080e-05
     8     15  4.7597619633096399e-04  1.9691961585714931e-03
     8     16  1.5044511475324931e-12 -3.8768266216196364e-11
     8     17 -5.4735100286483907e-05  8.2615429644770100e-06
     8     18 -1.8767047906373231e-03  2.8326639890286127e-04
     8     19  6.8905620918414979e-11 -8.7258008964135722e-11
     8     20  5.7154898316557475e-05 -4.7280365284237761e-07
     8     21  1.9197544172763670e-03 -1.5770975542998423e-05
     8     22  1.8423902019169410e-11 -5.2605960458288795e-11
     8     23 -1.5255301929337494e-05  6.1557996177455691e-05
     8     24  4.3467057222776074e-04 -1.8657663602920942e-03
     8     25  9.0387022423497381e-11 -6.1767157382199504e-11
     8     26 -5.9172476403449081e-05 -8.1291561482391917e-06
     8     27 -1.9098416479089071e-03 -2.6238076838882397e-04
     9      1 -1.9608707322335033e-09  2.0497833448454672e-09
     9      2 -2.2657584331508719e-04  1.8002356103002204e-03
     9      3 -9.0983714086660446e-03  7.4215168097454806e-02
     9      4 -2.6467071117203463e-09 -1.2803009976410036e-09
     9      5 -1.8488947852369573e-03 -2.6355125005984902e-04
     9      6 -7.5509155619783150e-02 -1.0763551946601368e-02
     9      7  3.9751982271710826e-11  1.2861760390668031e-09
     9      8  1.9752692185225715e-03  1.1481206959370466e-07
     9      9  4.3918957900099462e+00  2.0625002257611764e-19
     9     10  6.4008065433980270e-10  9.9338753557568906e-10
     9     11 -2.1027172223326953e-03  3.0649275144290080e-04
     9     12 -7.9065713195032972e-02  1.1524866766944105e-02
     9     13 -3.1437569862192106e-10 -2.0819907051486240e-10
     9     14 -5.8185039691025929e-04 -2.2679170296226845e-03
     9     15  1.8972392193395644e-02  7.8512122936216788e-02
     9     16 -2.4380463363398032e-09  4.9238439489034609e-10
     9     17 -1.8193959624082517e-03  2.7450675262772419e-04
     9     18 -7.4258973719748239e-02  1.1204111875173764e-02
     9     19  1.0955257921623431e-10 -1.4506079028921162e-09
     9     20  1.9197544172763672e-03 -1.5770975542997098e-05
     9     21  7.6087820537629636e-02 -6.2065906401759545e-04
     9     22 -4.0246835126964014e-10  6.0875953321949443e-10
     9     23 -5.3228505611156956e-04  2.1473384991476849e-03
     9     24  1.7310000954316937e-02 -7.4281418642308736e-02
     9     25  7.0120537016333907e-10 -1.6971160227331359e-09
     9     26 -2.0186682853641246e-03 -2.7744520551619659e-04
     9     27 -7.5844945874849648e-02 -1.0424325065374457e-02
    10      1  2.6202869164375635e-04 -5.4855860039396761e-06
    10      2 -1.2841787744823771e-10  1.4975968113945807e-10
    10      3  1.1071253962825877e-09  8.3990920174760030e-10
    10      4  2.6189338489737246e-04 -3.2608648994942202e-08
    10      5 -2.5164152061691422e-10 -3.6586302059859466e-11
    10      6 -7.8899174746619505e-10  1.1024158101001775e-09
    10      7  2.6099916442045532e-04 -1.0532731255698289e-08
    10      8  8.6603215191411007e-11  4.4115659511197392e-11
    10      9  6.4008065432700311e-10 -9.9338753558246533e-10
    10     10  4.1590667854399124e+00  4.1903884792778199e-21
    10     11 -1.8829754687573684e-10  9.7305774401744254e-11
    10     12 -5.3079741651457383e-10  1.2119786508242945e-09
    10     13  2.3840518332234289e-04  1.0222513276766357e-04
    10     14 -1.0344607480298188e-10 -2.6431861875803264e-10
    10     15  1.4524726178350607e-09  4.5107817673307469e-10
    10     16  2.6147276071512057e-04  4.6052614546690110e-08
    10     17 -2.4750758056401577e-10  6.4229048074855232e-11
    10     18 -4.5255103569306797e-10  1.4303665212699366e-09
    10     19  2.6009390999939309e-04  2.3937890128210292e-08
    10     20  9.0387022424391473e-11 -6.1767157408892803e-11
    10     21  7.0120537037942667e-10 -1.6971160242186433e-09
    10     22  2.3615005254981825e-04 -1.0124370676991510e-04
    10     23 -6.6804557922311997e-11  2.8279133726657415e-10
    10     24 -1.3234616841258699e-09 -1.2669882456973783e-09
    10     25  2.5825721435774831e-04  1.3341350181491191e-08
    10     26 -2.0703725538067019e-10 -7.1251850140293368e-11
    10     27 -1.0363467002940834e-09  1.5632444850281077e-09
    11      1 -6.4980048599484111e-11 -1.3433641000979530e-10
    11      2  1.5304363952466568e-05 -5.5311343954083313e-05
    11      3  5.3112325735179156e-04 -1.9438164959133229e-03
    11      4 -9.9867761688620680e-11 -5.7451312135694560e-11
    11      5  5.6580852884370472e-05  1.6658675620858252e-05
    11      6  1.9780640317283785e-03  5.8238956339916749e-04
    11      7 -1.6643006910431347e-10 -1.3633726259258999e-10
    11      8 -6.1346315695666459e-05 -8.9454631919544250e-06
    11      9 -2.1027172223326953e-03 -3.0649275144290086e-04
    11     10 -1.8829754687512509e-10 -9.7305774402161890e-11
    11     11  2.8448550704448725e+00  7.9951417955970695e-23
    11     12  2.1733458508086064e-03 -5.8572463987886477e-09
    11     13 -9.6942276410846599e-11 -1.4326085524624579e-10
    11     14  7.6154162663028781e-06  7.1303376402147194e-05
    11     15 -2.0319369635468507e-04 -2.1936958714127265e-03
    11     16 -1.0554554801414582e-10 -8.6832061657952661e-11
    11     17  5.7891467169845911e-05 -2.8991718990994109e-07
    11     18  2.0177959631620295e-03 -1.0106118187404099e-05
    11     19 -1.8487370163781156e-10 -4.9320677209504577e-11
    11     20 -5.9172476403449081e-05 -8.1291561482392036e-06
    11     21 -2.0186682853641251e-03 -2.7744520551619507e-04
    11     22 -1.7346310434624392e-10 -2.5236220855681590e-11
    11     23  2.5011785157195223e-05 -6.1243786804998063e-05
    11     24 -7.3868272620778927e-04  1.8838571632127606e-03
    11     25 -2.0703725537777614e-10 -7.1251850166877841e-11
    11     26  5.9910434341070611e-05  1.7313443094663640e-05
    11     27  1.9615333074223368e-03  5.6686831137999210e-04
    12      1  2.2872007880215011e-09 -1.8219943120013304e-09
    12      2  4.8779284455318858e-04 -1.7629043519235437e-03
    12      3  1.9912125055439971e-02 -7.2874020213880494e-02
    12      4  2.5286818743550375e-09  1.6311216268316891e-09
    12      5  1.8134327239239753e-03  5.3392165094864191e-04
    12      6  7.4235525420301582e-02  2.1856947671982149e-02
    12      7  7.4765455175700785e-11 -1.5273080321605222e-09
    12      8 -1.9885911463854195e-03 -2.8998150129240502e-04
    12      9 -7.9065713195032972e-02 -1.1524866766944104e-02
    12     10 -5.3079741651909127e-10 -1.2119786508224123e-09
    12     11  2.1733458508086064e-03  5.8572463987886477e-09
    12     12  5.6351433442824819e+00 -3.6179434879607771e-19
    12     13  3.7296776159583996e-10 -8.4046571265245649e-11
    12     14  2.5571994477180084e-04  2.3943791746900431e-03
    12     15 -7.6752015931893913e-03 -8.2864485959478845e-02
    12     16  2.4144420995051301e-09 -1.1909464724051199e-10
    12     17  1.8506855054851133e-03 -9.2622947089318278e-06
    12     18  7.5694300964058589e-02 -3.7890036383923949e-04
    12     19 -3.7907362813686718e-10  1.2284520990431947e-09
    12     20 -1.9098416479089077e-03 -2.6238076838882522e-04
    12     21 -7.5844945874849648e-02 -1.0424325065374456e-02
    12     22  5.3964912529718182e-10 -8.3058363481458643e-10
    12     23  8.3589602542324514e-04 -2.0467542626262224e-03
    12     24 -2.7869979509697163e-02  7.1076023936088459e-02
    12     25 -1.0363467002059920e-09  1.5632444839550112e-09
    12     26  1.9615333074223364e-03  5.6686831137999372e-04
    12     27  7.3834389143941789e-02  2.1337804430741760e-02
    13      1  2.3671708129082263e-04 -1.0742126998493785e-04
    13      2 -8.4277740317525084e-11  1.3937553754106997e-10
    13      3 -3.4951254754274072e-10 -2.0778104204195706e-10
    13      4  2.3895969236385799e-04 -1.0249813830514265e-04
    13      5 -2.0371354539297586e-10  5.3190153392883885e-11
    13      6  3.4835059169164730e-10 -1.4216639975906261e-10
    13      7  2.3865622396836920e-04 -1.0234417087249674e-04
    13      8  5.6932250338079125e-11  2.3551062060314283e-11
    13      9 -3.1437569862493272e-10  2.0819907051495649e-10
    13     10  2.3840518332234289e-04 -1.0222513276766357e-04
    13     11 -9.6942276411434815e-11  1.4326085524646931e-10
    13     12  3.7296776158605198e-10  8.4046571251316664e-11
    13     13  4.4172141232025668e+00 -2.3514322179002983e-22
    13     14 -1.9234894075561126e-10 -1.7365917729780865e-10
    13     15  4.6342856652043845e-10 -4.7957911990670697e-10
    13     16  2.3837437500799185e-04 -1.0216222011956270e-04
    13     17 -1.6570291705433300e-10  1.2756040820327865e-10
    13     18  1.6036832975473673e-10 -6.0543779532717747e-10
    13     19  2.3734240795607859e-04 -1.0174357038967804e-04
    13     20  1.8423902009122658e-11 -5.2605960479770488e-11
    13     21 -4.0246835162878211e-10  6.0875953190245228e-10
    13     22  1.7683572322966105e-04 -1.8579392024459750e-04
    13     23 -9.0569308974427206e-12  2.3584833238333862e-10
    13     24  1.1519548202366699e-09  6.4689870928716300e-10
    13     25  2.3615005254981825e-04 -1.0124370676991541e-04
    13     26 -1.7346310434050292e-10 -2.5236220832129370e-11
    13     27  5.3964912562244247e-10 -8.3058363390506123e-10
    14      1 -1.1742698066822224e-10  1.1925677846509085e-10
    14      2 -5.6860031773689759e-05 -2.2469736140891477e-05
    14      3 -2.0477089512973916e-03 -8.0160472868937623e-04
    14      4 -3.7307679545812144e-11  1.6500023555119411e-10
    14      5  2.4160274243258527e-05 -5.8322677083922005e-05
    14      6  8.6496422378932666e-04 -2.0880082808431843e-03
    14      7 -1.3874715334569640e-10  2.3547614233203036e-10
    14      8 -1.6602635682299583e-05  6.4697635671909080e-05
    14      9 -5.8185039691025929e-04  2.2679170296226845e-03
    14     10 -1.0344607480240836e-10  2.6431861875756208e-10
    14     11  7.6154162663028781e-06 -7.1303376402147194e-05
    14     12  2.5571994477180073e-04 -2.3943791746900431e-03
    14     13 -1.9234894075532891e-10  1.7365917729724397e-10
    14     14  3.2238065795810877e+00  2.4240754615006802e-23
    14     15 -2.4552869741165427e-03 -3.4466655662201295e-05
    14     16 -6.8296964643015523e-11  1.6976983142912578e-10
    14     17  6.2288705754450797e-06 -6.1222982148258126e-05
    14     18  2.2225844300939870e-04 -2.1845724548840411e-03
    14     19 -4.4384464176317035e-11  2.5746055258637605e-10
    14     20 -1.5255301929337521e-05  6.1557996177455718e-05
    14     21 -5.3228505611156870e-04  2.1473384991476854e-03
    14     22 -9.0569309238227964e-12  2.3584833238762083e-10
    14     23 -6.1741088445357365e-05 -3.3259754305580963e-05
    14     24  1.9370222773389542e-03  1.0086500195595467e-03
    14     25 -6.6804557951216997e-11  2.8279133726040964e-10
    14     26  2.5011785157195236e-05 -6.1243786804998063e-05
    14     27  8.3589602542324417e-04 -2.0467542626262233e-03
    15      1  1.7735193826499476e-09  2.5077488654909602e-09
    15      2  1.7082776085727699e-03  6.4749924220696244e-04
    15      3  7.0840398474360369e-02  2.6590921678405526e-02
    15      4 -1.7412294742681075e-09  2.4261528850454237e-09
    15      5 -7.0093211264902274e-04  1.7615763148059339e-03
    15      6 -2.8777514748729884e-02  7.2323171557287083e-02
    15      7  1.8674293205906528e-09  1.7054299089231725e-10
    15      8  4.7597619633096399e-04 -1.9691961585714931e-03
    15      9  1.8972392193395641e-02 -7.8512122936216788e-02
    15     10  1.4524726178631068e-09 -4.5107817672705132e-10
    15     11 -2.0319369635468510e-04  2.1936958714127265e-03
    15     12 -7.6752015931893913e-03  8.2864485959478845e-02
    15     13  4.6342856653756734e-10  4.7957911987131977e-10
    15     14 -2.4552869741165427e-03  3.4466655662201295e-05
    15     15  5.9765049471583191e+00 -2.6814913757910424e-19
    15     16 -1.6263511059442040e-11  2.2757245784228385e-09
    15     17 -1.6082816158324330e-04  1.8363967581322500e-03
    15     18 -6.5955602092335544e-03  7.5311329219304973e-02
    15     19 -8.7797828746019873e-10 -5.0524900441072056e-10
    15     20  4.3467057222776209e-04 -1.8657663602920948e-03
    15     21  1.7310000954316937e-02 -7.4281418642308750e-02
    15     22  1.1519548212711794e-09  6.4689870916067281e-10
    15     23  1.9370222773389535e-03  1.0086500195595474e-03
    15     24 -6.7508611295825457e-02 -3.3957328552686031e-02
    15     25 -1.3234616830395973e-09 -1.2669882453969641e-09
    15     26 -7.3868272620779046e-04  1.8838571632127600e-03
    15     27 -2.7869979509697163e-02  7.1076023936088445e-02
    16      1  2.6597692742215336e-04 -5.6151050057958536e-06
    16      2 -1.1236908422215442e-10  8.2105536169758965e-11
    16      3  1.1622203341778655e-09 -2.1951099377764918e-09
    16      4  2.6544051110680508e-04 -7.9786476840062121e-08
    16      5 -1.7198352608359127e-10 -2.3853300960905689e-11
    16      6  2.2646957266852297e-09  1.1653157163889580e-09
    16      7  2.6381990397910814e-04 -5.7121110744817360e-08
    16      8  1.5044511473442637e-12  3.8768266216625768e-11
    16      9 -2.4380463363081810e-09 -4.9238439491142782e-10
    16     10  2.6147276071512057e-04 -4.6052614546691613e-08
    16     11 -1.0554554801525167e-10  8.6832061657743850e-11
    16     12  2.4144420995066360e-09  1.1909464725801736e-10
    16     13  2.3837437500799185e-04  1.0216222011956270e-04
    16     14 -6.8296964643225808e-11 -1.6976983143011400e-10
    16     15 -1.6263511064900696e-11 -2.2757245784559671e-09
    16     16  3.7620649782117401e+00 -3.5814039908030745e-21
    16     17 -1.6762976740044816e-10  4.5878699158024325e-11
    16     18  2.6067901634809854e-09  6.1450643316915175e-10
    16     19  2.6406783940509984e-04 -2.2207995918132563e-08
    16     20 -2.9489001792884365e-12 -6.6639653078524128e-11
    16     21 -2.6467071115268464e-09 -1.2803009992533778e-09
    16     22  2.3895969236385788e-04 -1.0249813830514255e-04
    16     23 -3.7307679514123411e-11  1.6500023555818214e-10
    16     24 -1.7412294754814351e-09  2.4261528846614353e-09
    16     25  2.6189338489737241e-04 -3.2608648995193679e-08
    16     26 -9.9867761689726530e-11 -5.7451312106804269e-11
    16     27  2.5286818743076037e-09  1.6311216280167822e-09
    17      1 -1.3431321909356481e-10 -8.4446246938537005e-11
    17      2  1.4365927436318326e-05 -5.0926114303888586e-05
    17      3  4.8458854521726591e-04 -1.7392073398842123e-03
    17      4 -1.7198352608417950e-10 -2.3853300993539987e-11
    17      5  5.1314369502757740e-05  1.5387772581013365e-05
    17      6  1.7400409966832155e-03  5.2179245793146649e-04
    17      7 -2.2472631530024367e-10 -8.5350954161949404e-11
    17      8 -5.4735100286483907e-05 -8.2615429644770100e-06
    17      9 -1.8193959624082517e-03 -2.7450675262772419e-04
    17     10 -2.4750758056347464e-10 -6.4229048074784637e-11
    17     11  5.7891467169845911e-05  2.8991718990994109e-07
    17     12  1.8506855054851133e-03  9.2622947089318278e-06
    17     13 -1.6570291705362713e-10 -1.2756040820312573e-10
    17     14  6.2288705754450788e-06  6.1222982148258126e-05
    17     15 -1.6082816158324333e-04 -1.8363967581322500e-03
    17     16 -1.6762976739971877e-10 -4.5878699158591952e-11
    17     17  2.0007678283774135e+00  9.1331543814357093e-23
    17     18  1.8313588520185121e-03 -1.8225292901251277e-09
    17     19 -2.3678386355244472e-10  6.6320867703310281e-13
    17     20 -5.5503079091031664e-05 -7.9084356389843686e-06
    17     21 -1.8488947852369562e-03 -2.6355125005984788e-04
    17     22 -2.0371354540276382e-10  5.3190153368243461e-11
    17     23  2.4160274243258510e-05 -5.8322677083921985e-05
    17     24 -7.0093211264902165e-04  1.7615763148059332e-03
    17     25 -2.5164152061580838e-10 -3.6586302090790870e-11
    17     26  5.6580852884370466e-05  1.6658675620858245e-05
    17     27  1.8134327239239746e-03  5.3392165094864050e-04
    18      1  2.1127947180213402e-09 -2.1933291086227057e-09
    18      2  4.8521602054994658e-04 -1.7200464540901956e-03
    18      3  1.9730674048798177e-02 -7.0813898961176569e-02
    18      4  2.2646957267748270e-09  1.1653157150064120e-09
    18      5  1.7400409966832160e-03  5.2179245793146747e-04
    18      6  7.0897862908219755e-02  2.1260474301834521e-02
    18      7  1.4697994713409445e-10 -1.2707138016795888e-09
    18      8 -1.8767047906373231e-03 -2.8326639890286127e-04
    18      9 -7.4258973719748239e-02 -1.1204111875173764e-02
    18     10 -4.5255103570210301e-10 -1.4303665212816067e-09
    18     11  2.0177959631620295e-03  1.0106118187404075e-05
    18     12  7.5694300964058589e-02  3.7890036383923917e-04
    18     13  1.6036832975774839e-10  6.0543779533244795e-10
    18     14  2.2225844300939870e-04  2.1845724548840411e-03
    18     15 -6.5955602092335544e-03 -7.5311329219304973e-02
    18     16  2.6067901634809854e-09 -6.1450643315522275e-10
    18     17  1.8313588520185121e-03  1.8225292900528476e-09
    18     18  4.8767945429667439e+00 -5.5033560274708947e-19
    18     19 -1.7888298163565427e-10  1.3938581259288244e-09
    18     20 -1.9074888339698573e-03 -2.7179254712932983e-04
    18     21 -7.5509155619783136e-02 -1.0763551946601366e-02
    18     22  3.4835059132422324e-10 -1.4216640087451088e-10
    18     23  8.6496422378932753e-04 -2.0880082808431835e-03
    18     24 -2.8777514748729877e-02  7.2323171557287083e-02
    18     25 -7.8899174746092467e-10  1.1024158088126874e-09
    18     26  1.9780640317283776e-03  5.8238956339916879e-04
    18     27  7.4235525420301582e-02  2.1856947671982145e-02
    19      1  2.6437461800582154e-04 -5.5590381115374139e-06
    19      2 -1.7151093876833583e-10  1.3005850521215334e-10
    19      3 -1.3570819060642499e-09 -1.3039427452013735e-10
    19      4  2.6381990397910803e-04 -5.7121110744819994e-08
    19      5 -2.2472631530014955e-10 -8.5350954129754798e-11
    19      6  1.4697994702040380e-10 -1.2707138003288535e-09
    19      7  2.6227387475300938e-04 -3.4734458294297355e-08
    19      8  6.8905620918203221e-11  8.7258008964684233e-11
    19      9  1.0955257918536467e-10  1.4506079028981397e-09
    19     10  2.6009390999939309e-04 -2.3937890128214435e-08
    19     11 -1.8487370163863507e-10  4.9320677208801661e-11
    19     12 -3.7907362813009092e-10 -1.2284520990377359e-09
    19     13  2.3734240795607862e-04  1.0174357038967805e-04
    19     14 -4.4384464176039102e-11 -2.5746055258597606e-10
    19     15 -8.7797828748730378e-10  5.0524900437458053e-10
    19     16  2.6406783940509989e-04  2.2207995918122022e-08
    19     17 -2.3678386355277414e-10 -6.6320867640371025e-13
    19     18 -1.7888298160854922e-10 -1.3938581259378595e-09
    19     19  3.5629564399862224e+00 -7.1976252122327710e-21
    19     20  6.6826064857260486e-11 -5.7112611298031485e-12
    19     21  3.9751982485539586e-11  1.2861760374943336e-09
    19     22  2.3865622396836901e-04 -1.0234417087249661e-04
    19     23 -1.3874715331492086e-10  2.3547614234148891e-10
    19     24  1.8674293194264531e-09  1.7054299057609161e-10
    19     25  2.6099916442045526e-04 -1.0532731255948258e-08
    19     26 -1.6643006911099564e-10 -1.3633726256405849e-10
    19     27  7.4765455069539314e-11 -1.5273080310111926e-09
    20      1 -2.1798371111807901e-11  1.1150089220848625e-10
    20      2 -7.2862709341707261e-06  5.4289115220472589e-05
    20      3 -2.4550049796418134e-04  1.8748867775441578e-03
    20      4  1.5044511494618461e-12  3.8768266244260218e-11
    20      5 -5.4735100286483935e-05 -8.2615429644770015e-06
    20      6 -1.8767047906373239e-03 -2.8326639890286008e-04
    20      7  6.8905620917850299e-11  8.7258008992249575e-11
    20      8  5.7154898316557475e-05  4.7280365284237761e-07
    20      9  1.9197544172763672e-03  1.5770975542997098e-05
    20     10  9.0387022424015015e-11  6.1767157408991328e-11
    20     11 -5.9172476403449081e-05  8.1291561482392053e-06
    20     12 -1.9098416479089077e-03  2.6238076838882527e-04
    20     13  1.8423902008793256e-11  5.2605960480141065e-11
    20     14 -1.5255301929337521e-05 -6.1557996177455718e-05
    20     15  4.3467057222776209e-04  1.8657663602920944e-03
    20     16 -2.9489001799942970e-12  6.6639653079135880e-11
    20     17 -5.5503079091031664e-05  7.9084356389843686e-06
    20     18 -1.9074888339698573e-03  2.7179254712932983e-04
    20     19  6.6826064856860492e-11  5.7112611300516702e-12
    20     20  1.5334086251517185e+00 -5.6350470271918181e-22
    20     21  1.9752692185225720e-03  1.1481206959237951e-07
    20     22  5.6932250349184664e-11  2.3551062082113616e-11
    20     23 -1.6602635682299559e-05  6.4697635671909080e-05
    20     24  4.7597619633096263e-04 -1.9691961585714939e-03
    20     25  8.6603215192093341e-11  4.4115659538200981e-11
    20     26 -6.1346315695666472e-05 -8.9454631919544115e-06
    20     27 -1.9885911463854199e-03 -2.8998150129240372e-04
    21      1 -1.6872762630317463e-09  2.7501305134728623e-09
    21      2 -2.4125252661929606e-04  1.7983276519209646e-03
    21      3 -9.7034321298469072e-03  7.4138484884246736e-02
    21      4 -2.4380463361056458e-09 -4.9238439327345428e-10
    21      5 -1.8193959624082524e-03 -2.7450675262772532e-04
    21      6 -7.4258973719748253e-02 -1.1204111875173768e-02
    21      7  1.0955257939994634e-10  1.4506079044807737e-09
    21      8  1.9197544172763670e-03  1.5770975542998447e-05
    21      9  7.6087820537629636e-02  6.2065906401759599e-04
    21     10  7.0120537036888580e-10  1.6971160242201492e-09
    21     11 -2.0186682853641251e-03  2.7744520551619507e-04
    21     12 -7.5844945874849648e-02  1.0424325065374456e-02
    21     13 -4.0246835163631132e-10 -6.0875953189059382e-10
    21     14 -5.3228505611156870e-04 -2.1473384991476854e-03
    21     15  1.7310000954316930e-02  7.4281418642308736e-02
    21     16 -2.6467071115607277e-09  1.2803009992627893e-09
    21     17 -1.8488947852369562e-03  2.6355125005984788e-04
    21     18 -7.5509155619783122e-02  1.0763551946601366e-02
    21     19  3.9751982478010407e-11 -1.2861760374773929e-09
    21     20  1.9752692185225720e-03 -1.1481206959240361e-07
    21     21  4.3918957900099462e+00  6.4158299546562630e-19
    21     22 -3.1437569793375383e-10  2.0819907168442666e-10
    21     23 -5.8185039691026027e-04  2.2679170296226836e-03
    21     24  1.8972392193395648e-02 -7.8512122936216802e-02
    21     25  6.4008065453179690e-10 -9.9338753407512305e-10
    21     26 -2.1027172223326953e-03 -3.0649275144290232e-04
    21     27 -7.9065713195032972e-02 -1.1524866766944107e-02
    22      1  2.4101045219046178e-04  9.7407688699461701e-05
    22      2 -1.6185388395500503e-10  3.7562807730666816e-11
    22      3  3.2860742747063259e-10 -1.5011135421359295e-10
    22      4  2.3837437500799191e-04  1.0216222011956261e-04
    22      5 -1.6570291706435623e-10 -1.2756040817919705e-10
    22      6  1.6036832929846829e-10  6.0543779640328578e-10
    22      7  2.3734240795607878e-04  1.0174357038967799e-04
    22      8  1.8423902018298847e-11  5.2605960458453494e-11
    22      9 -4.0246835126286388e-10 -6.0875953324041145e-10
    22     10  2.3615005254981825e-04  1.0124370676991510e-04
    22     11 -1.7346310434702036e-10  2.5236220855399246e-11
    22     12  5.3964912531751061e-10  8.3058363484018560e-10
    22     13  1.7683572322966108e-04  1.8579392024459750e-04
    22     14 -9.0569309243257222e-12 -2.3584833238691493e-10
    22     15  1.1519548212598857e-09 -6.4689870917874278e-10
    22     16  2.3895969236385794e-04  1.0249813830514253e-04
    22     17 -2.0371354540297557e-10 -5.3190153368243461e-11
    22     18  3.4835059131895281e-10  1.4216640087507556e-10
    22     19  2.3865622396836901e-04  1.0234417087249659e-04
    22     20  5.6932250349114082e-11 -2.3551062081784218e-11
    22     21 -3.1437569795031802e-10 -2.0819907168762656e-10
    22     22  4.4172141232025668e+00 -8.2471136583552873e-21
    22     23 -1.9234894073342372e-10  1.7365917731609046e-10
    22     24  4.6342856577166132e-10  4.7957911915002417e-10
    22     25  2.3840518332234300e-04  1.0222513276766326e-04
    22     26 -9.6942276423999145e-11 -1.4326085522476409e-10
    22     27  3.7296776108234976e-10 -8.4046570421224376e-11
    23      1  3.4462133203398175e-12 -1.8116126363255019e-10
    23      2  6.0715191608300546e-05 -7.1844703119601618e-06
    23      3  2.1829407493020331e-03 -2.6542752616510291e-04
    23      4 -6.8296964611270903e-11 -1.6976983144041956e-10
    23      5  6.2288705754450704e-06  6.1222982148258139e-05
    23      6  2.2225844300939967e-04  2.1845724548840402e-03
    23      7 -4.4384464144348896e-11 -2.5746055259322288e-10
    23      8 -1.5255301929337494e-05 -6.1557996177455691e-05
    23      9 -5.3228505611156956e-04 -2.1473384991476845e-03
    23     10 -6.6804557922014949e-11 -2.8279133726786823e-10
    23     11  2.5011785157195223e-05  6.1243786804998063e-05
    23     12  8.3589602542324503e-04  2.0467542626262224e-03
    23     13 -9.0569308970721437e-12 -2.3584833238357390e-10
    23     14 -6.1741088445357365e-05  3.3259754305580956e-05
    23     15  1.9370222773389535e-03 -1.0086500195595474e-03
    23     16 -3.7307679513305788e-11 -1.6500023555785274e-10
    23     17  2.4160274243258506e-05  5.8322677083921985e-05
    23     18  8.6496422378932742e-04  2.0880082808431835e-03
    23     19 -1.3874715331439736e-10 -2.3547614234167714e-10
    23     20 -1.6602635682299559e-05 -6.4697635671909080e-05
    23     21 -5.8185039691026027e-04 -2.2679170296226836e-03
    23     22 -1.9234894073344724e-10 -1.7365917731651397e-10
    23     23  3.2238065795810877e+00  3.6719620285144653e-22
    23     24 -2.4552869741165423e-03  3.4466655662202359e-05
    23     25 -1.0344607477253281e-10 -2.6431861876671473e-10
    23     26  7.6154162663028646e-06  7.1303376402147194e-05
    23     27  2.5571994477180187e-04  2.3943791746900427e-03
    24      1 -2.7172123288393484e-09 -6.8243561998909931e-10
    24      2 -1.8170509863700657e-03  1.8919165243207208e-04
    24      3 -7.5234206227269299e-02  8.0779564746405394e-03
    24      4 -1.6263512232300329e-11 -2.2757245780170154e-09
    24      5 -1.6082816158324249e-04 -1.8363967581322507e-03
    24      6 -6.5955602092335544e-03 -7.5311329219304987e-02
    24      7 -8.7797828864811539e-10  5.0524900472619329e-10
    24      8  4.3467057222776074e-04  1.8657663602920942e-03
    24      9  1.7310000954316937e-02  7.4281418642308736e-02
    24     10 -1.3234616841277522e-09  1.2669882456906021e-09
    24     11 -7.3868272620778927e-04 -1.8838571632127606e-03
    24     12 -2.7869979509697163e-02 -7.1076023936088431e-02
    24     13  1.1519548202472109e-09 -6.4689870929619808e-10
    24     14  1.9370222773389542e-03 -1.0086500195595467e-03
    24     15 -6.7508611295825457e-02  3.3957328552686031e-02
    24     16 -1.7412294754720236e-09 -2.4261528846727292e-09
    24     17 -7.0093211264902144e-04 -1.7615763148059332e-03
    24     18 -2.8777514748729877e-02 -7.2323171557287083e-02
    24     19  1.8674293194283354e-09 -1.7054299057006829e-10
    24     20  4.7597619633096263e-04  1.9691961585714939e-03
    24     21  1.8972392193395648e-02  7.8512122936216802e-02
    24     22  4.6342856577843759e-10 -4.7957911916244729e-10
    24     23 -2.4552869741165423e-03 -3.4466655662202359e-05
    24     24  5.9765049471583191e+00 -6.7844774573306829e-19
    24     25  1.4524726167687403e-09  4.5107817704854742e-10
    24     26 -2.0319369635468356e-04 -2.1936958714127261e-03
    24     27 -7.6752015931893913e-03 -8.2864485959478845e-02
    25      1  2.6202839732257694e-04 -5.4991081131058610e-06
    25      2 -1.4325028986964021e-10  1.4837785685705314e-10
    25      3 -1.3519755395811820e-09  5.2834820548217196e-10
    25      4  2.6147276071512068e-04 -4.6052614546441645e-08
    25      5 -2.4750758056422753e-10 -6.4229048045088491e-11
    25      6 -4.5255103569382091e-10 -1.4303665199803759e-09
    25      7  2.6009390999939325e-04 -2.3937890127974251e-08
    25      8  9.0387022423897375e-11  6.1767157382484791e-11
    25      9  7.0120537016108035e-10  1.6971160227222186e-09
    25     10  2.5825721435774837e-04 -1.3341350181492626e-08
    25     11 -2.0703725537765850e-10  7.1251850167683696e-11
    25     12 -1.0363467002225563e-09 -1.5632444839301648e-09
    25     13  2.3615005254981825e-04  1.0124370676991541e-04
    25     14 -6.6804557951108171e-11 -2.8279133726045669e-10
    25     15 -1.3234616830542791e-09  1.2669882453660943e-09
    25     16  2.6189338489737246e-04  3.2608648995187650e-08
    25     17 -2.5164152061583190e-10  3.6586302090355592e-11
    25     18 -7.8899174743984294e-10 -1.1024158088115581e-09
    25     19  2.6099916442045526e-04  1.0532731255938093e-08
    25     20  8.6603215193105073e-11 -4.4115659538111278e-11
    25     21  6.4008065450393891e-10  9.9338753407662893e-10
    25     22  2.3840518332234300e-04 -1.0222513276766327e-04
    25     23 -1.0344607477315044e-10  2.6431861876626769e-10
    25     24  1.4524726167461529e-09 -4.5107817705080614e-10
    25     25  4.1590667854399124e+00 -5.8448325210990476e-21
    25     26 -1.8829754687959554e-10 -9.7305774374768615e-11
    25     27 -5.3079741661019446e-10 -1.2119786497517627e-09
    26      1 -9.6987817389553904e-11  1.3690725863960790e-11
    26      2 -6.5325930540032040e-07 -5.7385896593547406e-05
    26      3 -2.9415314950935614e-05 -2.0148571218241164e-03
    26      4 -1.0554554801826335e-10  8.6832061629638825e-11
    26      5  5.7891467169845938e-05  2.8991718990994315e-07
    26      6  2.0177959631620295e-03  1.0106118187402677e-05
    26      7 -1.8487370164181144e-10  4.9320677180596638e-11
    26      8 -5.9172476403449081e-05  8.1291561482391917e-06
    26      9 -2.0186682853641246e-03  2.7744520551619642e-04
    26     10 -2.0703725538097604e-10  7.1251850140752169e-11
    26     11  5.9910434341070611e-05 -1.7313443094663640e-05
    26     12  1.9615333074223364e-03 -5.6686831137999372e-04
    26     13 -1.7346310433967941e-10  2.5236220832888169e-11
    26     14  2.5011785157195236e-05  6.1243786804998063e-05
    26     15 -7.3868272620779046e-04 -1.8838571632127600e-03
    26     16 -9.9867761689303014e-11  5.7451312106898387e-11
    26     17  5.6580852884370466e-05 -1.6658675620858245e-05
    26     18  1.9780640317283776e-03 -5.8238956339916879e-04
    26     19 -1.6643006910991330e-10  1.3633726256497907e-10
    26     20 -6.1346315695666459e-05  8.9454631919544132e-06
    26     21 -2.1027172223326953e-03  3.0649275144290232e-04
    26     22 -9.6942276423787387e-11  1.4326085522558760e-10
    26     23  7.6154162663028663e-06 -7.1303376402147181e-05
    26     24 -2.0319369635468353e-04  2.1936958714127265e-03
    26     25 -1.8829754687870146e-10  9.7305774375250951e-11
    26     26  2.8448550704448725e+00  2.4541309264989689e-22
    26     27  2.1733458508086060e-03  5.8572463972707646e-09
    27      1  1.1246843171093271e-09 -2.8619852145829709e-09
    27      2 -2.0826633491186371e-05 -1.8290270915719306e-03
    27      3 -1.1030002093362448e-03 -7.5537400894023290e-02
    27      4  2.4144420994177919e-09  1.1909464607085361e-10
    27      5  1.8506855054851140e-03  9.2622947089327917e-06
    27      6  7.5694300964058589e-02  3.7890036383923944e-04
    27      7 -3.7907362829498002e-10 -1.2284521002109706e-09
    27      8 -1.9098416479089071e-03  2.6238076838882391e-04
    27      9 -7.5844945874849648e-02  1.0424325065374457e-02
    27     10 -1.0363467002970952e-09 -1.5632444850243432e-09
    27     11  1.9615333074223368e-03 -5.6686831137999221e-04
    27     12  7.3834389143941789e-02 -2.1337804430741757e-02
    27     13  5.3964912561943081e-10  8.3058363390110844e-10
    27     14  8.3589602542324427e-04  2.0467542626262233e-03
    27     15 -2.7869979509697163e-02 -7.1076023936088445e-02
    27     16  2.5286818743294384e-09 -1.6311216280224292e-09
    27     17  1.8134327239239746e-03 -5.3392165094864050e-04
    27     18  7.4235525420301582e-02 -2.1856947671982145e-02
    27     19  7.4765455067280568e-11  1.5273080310108160e-09
    27     20 -1.9885911463854199e-03  2.8998150129240367e-04
    27     21 -7.9065713195032972e-02  1.1524866766944105e-02
    27     22  3.7296776109213768e-10  8.4046570424988966e-11
    27     23  2.5571994477180187e-04 -2.3943791746900427e-03
    27     24 -7.6752015931893913e-03  8.2864485959478845e-02
    27     25 -5.3079741663353492e-10  1.2119786497555272e-09
    27     26  2.1733458508086060e-03 -5.8572463972466713e-09
    27     27  5.6351433442824819e+00  7.3216714578763686e-19
