# AMAT exchange matrix
# mode pw_only
# implementation full_grid_only
# response_basis TODO
# shape 27 27
# q_ext 0.000000000000 0.000000000000 0.000000000000
# vasp_storage 0
# i j real imag
     1      1  0.0000000000000000e+00  0.0000000000000000e+00
     1      2  1.3512985955881800e-10  7.1529843867874635e-10
     1      3 -2.9161769209304583e-10  1.3895371969017225e-09
     1      4 -1.8682324518568116e-03 -3.8877039366236014e-05
     1      5 -1.3132234419111536e-09  7.7271482150418208e-09
     1      6 -1.9981720210650164e-09  4.2275515035744873e-09
     1      7 -8.2582146489643370e-03 -1.7255176608961992e-04
     1      8 -1.2170116959094274e-06  4.8477577990426933e-05
     1      9 -7.1634196102359907e-07  2.8650370162161036e-05
     1     10 -6.1249608370928888e-04 -1.2822681262386306e-05
     1     11 -5.9191835590386672e-07 -4.9212620081427861e-06
     1     12 -2.2138680809738079e-06 -1.8397239932900547e-05
     1     13 -5.4170455886136696e-04 -2.4592524763009566e-04
     1     14 -6.7673157599465395e-06  7.2507697828074460e-07
     1     15  1.9122502479786225e-05 -1.7655691758507245e-06
     1     16 -1.8682206074634876e-03 -3.9442073895905467e-05
     1     17 -9.9276046627902564e-10 -7.7743284569104756e-09
     1     18 -1.9555334176341655e-09 -4.6850124618960600e-09
     1     19 -8.2581917261574378e-03 -1.7364550581661393e-04
     1     20  8.1543126960191960e-07 -4.8486029992869756e-05
     1     21  4.8529516007366937e-07 -2.8655197741250209e-05
     1     22 -5.5153382147279007e-04  2.2301005655034546e-04
     1     23 -6.7309911263370224e-06 -1.0080373300289391e-06
     1     24  1.9031717037520266e-05  2.5657120048804016e-06
     1     25 -6.1249542186535733e-04 -1.2854164254618037e-05
     1     26 -7.9762365367770570e-07  4.8921324394281724e-06
     1     27 -2.9831581429525132e-06  1.8288080183769921e-05
     2      1  1.2548750434913909e-10 -7.1383881943524172e-10
     2      2  0.0000000000000000e+00  0.0000000000000000e+00
     2      3 -7.9519504701057897e-02  2.5561851449337720e-04
     2      4 -6.9781333475577129e-09  8.9690816613426392e-10
     2      5  2.7680587978772756e-05 -1.6885534218314833e-03
     2      6  5.8096470016036969e-05 -3.5438650205561130e-03
     2      7  4.7087600308846237e-05 -6.1247787075986703e-06
     2      8  9.5616696925253830e-04  7.6006547735265788e-03
     2      9  6.0796121971616059e-04  4.8305082882461655e-03
     2     10  4.7603256803775759e-06 -6.1904070120074116e-07
     2     11 -1.4393689590707709e-04 -5.2020227661089824e-04
     2     12 -6.9285189025381714e-04 -2.5040008213964592e-03
     2     13 -5.7219552762615701e-06 -2.5467005160979965e-06
     2     14  4.9199651456956054e-04 -1.9439460256998804e-04
     2     15 -2.4141208430988803e-03  9.1569933346734257e-04
     2     16  6.9899436184711667e-09 -9.2320040651589152e-10
     2     17 -4.5850104031178477e-04 -1.6253478633405278e-03
     2     18 -9.6228351325142289e-04 -3.4112116346658367e-03
     2     19 -4.7088403499512300e-05  6.1184722614948883e-06
     2     20  1.0190022894013180e-03  7.5924859398652849e-03
     2     21  6.4734282235101766e-04  4.8253889679926798e-03
     2     22  4.8806323875334039e-06 -3.9250689177899384e-06
     2     23 -5.2534651402012182e-04 -6.2135943368633401e-05
     2     24  2.5680067096170325e-03  2.6800333223028956e-04
     2     25 -4.7603573422656531e-06  6.1867615207825006e-07
     2     26  6.1436330513707036e-06 -5.3971334591964659e-04
     2     27  2.9582414489955957e-05 -2.5979203407317246e-03
     3      1 -2.9033033632742198e-10 -1.3897278397809605e-09
     3      2 -7.9519504701072968e-02 -2.5561850982438713e-04
     3      3  0.0000000000000000e+00  0.0000000000000000e+00
     3      4 -4.6521930862061417e-09  3.2401477276602249e-10
     3      5  7.0129595719062003e-05 -3.5764415241341971e-03
     3      6  2.5345856141370583e-03 -1.2925536169048452e-01
     3      7  2.7340900430295286e-05 -3.4674917438015478e-06
     3      8  6.1573894944623713e-04  5.0249601532644005e-03
     3      9  2.1197491322987108e-02  1.7290735434259413e-01
     3     10  1.7329612875928453e-05 -2.1974276583676852e-06
     3     11 -7.4927896571630112e-04 -2.7422354649588561e-03
     3     12 -2.5520386857099932e-02 -9.3399030961292248e-02
     3     13 -1.5318076051893500e-05 -8.0751190753649465e-06
     3     14  2.8593744747416627e-03 -1.1202058492980913e-03
     3     15 -9.0357559513179017e-02  3.3927315132721833e-02
     3     16  4.5930787742180067e-09 -8.4760923535676490e-10
     3     17 -9.6011221389419440e-04 -3.4458724105663548e-03
     3     18 -3.4699243359240170e-02 -1.2453648122763313e-01
     3     19 -2.7341490441538301e-05  3.4627638524495948e-06
     3     20  6.5728419904932005e-04  5.0196948599408190e-03
     3     21  2.2607168356968802e-02  1.7272869701919258e-01
     3     22  1.2819311570014680e-05 -1.1641156573231074e-05
     3     23 -3.0484244226814229e-03 -3.7147282957613649e-04
     3     24  9.5964484359608401e-02  1.0313535057709501e-02
     3     25 -1.7329888785385471e-05  2.1951959139679089e-06
     3     26  4.1495491104879557e-05 -2.8424553540455865e-03
     3     27  1.4136603931336361e-03 -9.6812554433580153e-02
     4      1 -1.8682324518567162e-03  3.8877039366240635e-05
     4      2 -6.9781333472943385e-09 -8.9690816572744698e-10
     4      3 -4.6521930861984241e-09 -3.2401477275115231e-10
     4      4  0.0000000000000000e+00  0.0000000000000000e+00
     4      5 -3.0751675722949593e-10 -2.4038146889377340e-09
     4      6 -2.8930281446292135e-10 -1.9905682019652235e-10
     4      7 -6.0764058430095203e-04 -1.4326696125123283e-07
     4      8  8.1306951667206046e-07 -7.0192399119799495e-06
     4      9  2.0089915489457394e-06 -1.9192577784282392e-05
     4     10 -8.2092740712867047e-03 -1.0307571546097010e-06
     4     11 -6.8223777384898227e-06 -4.8238366600819371e-05
     4     12 -3.9386813116499586e-06 -2.7843925719387746e-05
     4     13 -5.6658107735942406e-05 -2.4302579710309811e-05
     4     14  5.0510486212365368e-07 -1.2729352205669143e-07
     4     15 -9.2580920237273073e-06  2.1960683025591150e-06
     4     16 -7.1393061651538650e-05 -2.1555425436094023e-08
     4     17 -1.5518696349709573e-10 -1.0648117717481486e-09
     4     18 -1.5671399834198235e-09 -8.7498861644325959e-09
     4     19 -6.1470683134848888e-04 -1.3365968259111526e-07
     4     20 -1.9714099930492657e-08 -4.9415567394812241e-06
     4     21 -7.2909318117817555e-08 -1.8614535102005727e-05
     4     22 -7.2899300077220452e-03  3.1242899100404086e-03
     4     23  4.5326609101067665e-05  1.1438106256436082e-05
     4     24 -2.6527019376485065e-05 -6.2995924647506461e-06
     4     25 -2.1700661571401708e-05 -6.8285850527335002e-10
     4     26  4.8711229657251009e-08 -2.9510469935542703e-07
     4     27  4.2606529098103988e-07 -6.2319595383305277e-06
     5      1 -1.3132234417546643e-09 -7.7271482163797970e-09
     5      2  2.7680587978788175e-05  1.6885534218315111e-03
     5      3  7.0129595719060743e-05  3.5764415241341914e-03
     5      4 -3.0734142999698726e-10  2.4140612071128841e-09
     5      5  0.0000000000000000e+00  0.0000000000000000e+00
     5      6 -8.0060793475658351e-02 -2.8783915810985119e-08
     5      7  1.7163721283490030e-07  6.8354524221154798e-06
     5      8  5.3540104704680798e-04 -7.6282221642959817e-05
     5      9  2.6589558805857538e-03 -3.7963266369385039e-04
     5     10 -7.0011056555899555e-06 -4.7710385313882758e-05
     5     11 -7.3489801592834308e-03  2.1637060276503929e-03
     5     12 -4.7029597488808398e-03  1.3846766409101965e-03
     5     13  1.3423278230165566e-07 -5.0582821775288731e-07
     5     14 -2.4244671644698954e-05 -5.8526176192884455e-05
     5     15  5.5055504909144292e-04  1.3836466880970850e-03
     5     16 -1.5518696336459978e-10 -1.0648117722154049e-09
     5     17 -6.5855655003914225e-05  1.9748405754672420e-05
     5     18 -1.5487013955255056e-03  4.6441591075478249e-04
     5     19  7.0632471995208410e-07  4.8166606170323979e-06
     5     20  5.3413813985703836e-04 -8.0621251684006819e-05
     5     21  2.6020094121791681e-03 -3.9258720870270791e-04
     5     22  2.4093531984066016e-05  3.9235302570425542e-05
     5     23 -7.4262511218053007e-04  7.2991995573878574e-03
     5     24  4.0673457068809033e-04 -4.6442695979662463e-03
     5     25 -4.2292389073739771e-08 -2.9831751257097624e-07
     5     26 -2.6678851017205278e-05  1.0049403846001022e-07
     5     27 -8.9593790671237974e-04  3.6901379394882926e-06
     6      1 -1.9981720209867130e-09 -4.2275515035312183e-09
     6      2  5.8096470016035960e-05  3.5438650205561056e-03
     6      3  2.5345856141370518e-03  1.2925536169048432e-01
     6      4 -2.8942886362905294e-10  1.9773140672238241e-10
     6      5 -8.0060793475666053e-02  2.8788559073804110e-08
     6      6  0.0000000000000000e+00  0.0000000000000000e+00
     6      7  6.3999152913578678e-07  1.9350918651527999e-05
     6      8  2.7363675245899604e-03 -3.9055049029903524e-04
     6      9  9.7987247545225614e-02 -1.3977122066182054e-02
     6     10 -3.8696170938253339e-06 -2.6364773766014068e-05
     6     11 -5.1099780146597537e-03  1.5044958918517988e-03
     6     12 -1.6772899900750302e-01  4.9383955260063374e-02
     6     13  1.9914528603779292e-06 -7.5047274151444593e-06
     6     14 -6.7563518752135994e-04 -1.6309697386107441e-03
     6     15  2.1450401556238199e-02  5.3908793134668676e-02
     6     16 -1.5671399834146003e-09 -8.7498861643533983e-09
     6     17 -1.5487013955255058e-03  4.6441591075478239e-04
     6     18 -5.9817307390089267e-02  1.7937695716724954e-02
     6     19  2.6328315600968749e-06  1.7957145809088986e-05
     6     20  2.6779260694673040e-03 -4.0420009159690629e-04
     6     21  9.5901640500836521e-02 -1.4469533035430507e-02
     6     22  1.2270255448800821e-05  1.9980976354944984e-05
     6     23 -5.5871192930302628e-04  5.4915512608602005e-03
     6     24  1.4622608136656451e-02 -1.6696807733529262e-01
     6     25 -1.7350419691601642e-06 -6.8730704678889399e-06
     6     26 -9.7448524155790950e-04  4.0862888510823516e-06
     6     27 -3.5851094829073310e-02  1.6905696027050252e-04
     7      1 -8.2582146489642329e-03  1.7255176608983581e-04
     7      2  4.7087600308845844e-05  6.1247787075945741e-06
     7      3  2.7340900430295276e-05  3.4674917438016498e-06
     7      4 -6.0764058430094281e-04  1.4326696113404265e-07
     7      5  1.7163721283537012e-07 -6.8354524221164040e-06
     7      6  6.3999152913569340e-07 -1.9350918651527962e-05
     7      7  0.0000000000000000e+00  0.0000000000000000e+00
     7      8  4.8395593087948905e-10 -5.5387088440632799e-09
     7      9  4.1813434288067942e-10 -1.0995862170622085e-09
     7     10 -1.8535547825320000e-03 -7.5116504720066730e-08
     7     11  1.4927445508732796e-09  1.0014097770177273e-08
     7     12  5.4736686883496735e-10  5.9834205027014418e-09
     7     13 -1.6723982646214830e-03 -7.1718050653221980e-04
     7     14  7.7750583916557880e-09 -1.7340267470673381e-09
     7     15 -4.6388423421658192e-09  1.1343383693035301e-09
     7     16 -6.1470683134851349e-04 -1.3365968258957329e-07
     7     17  7.0632471995219252e-07  4.8166606170329942e-06
     7     18  2.6328315600969952e-06  1.7957145809088938e-05
     7     19 -2.9750655984798417e-04 -3.9409365957316425e-08
     7     20 -2.4742870222649390e-08 -6.0968116491902352e-06
     7     21 -3.0346135899947071e-07 -7.5870346103758883e-05
     7     22 -1.0861099532316928e-04  4.6559028911551809e-05
     7     23  2.0438935940012603e-06  5.1562424731081785e-07
     7     24 -3.2608826223366210e-05 -7.7419100747789690e-06
     7     25 -2.9255278653481098e-05  2.3213454784170519e-08
     7     26 -1.4546071679953323e-07  1.4209910232608605e-06
     7     27 -3.5547897884564784e-06  4.7017950095049449e-05
     8      1 -1.2170116959092589e-06 -4.8477577990424148e-05
     8      2  9.5616696925238109e-04 -7.6006547735267480e-03
     8      3  6.1573894944624201e-04 -5.0249601532643944e-03
     8      4  8.1306951667063903e-07  7.0192399119798199e-06
     8      5  5.3540104704676635e-04  7.6282221642992587e-05
     8      6  2.7363675245899626e-03  3.9055049029903529e-04
     8      7  4.8531828668926592e-10  5.5277702762810289e-09
     8      8  0.0000000000000000e+00  0.0000000000000000e+00
     8      9 -8.1792981222927538e-02  4.6996693229872427e-06
     8     10  1.0432204193793425e-11 -6.7065815708887481e-09
     8     11  1.6884955409392744e-03 -2.4621277276472053e-04
     8     12  3.6800010402920479e-03 -5.3662588095198215e-04
     8     13 -4.2443442925790628e-09  1.0276661447273474e-08
     8     14  4.1932752236777923e-04  1.6340504706560243e-03
     8     15 -8.5730390434918247e-04 -3.5468263901673601e-03
     8     16 -1.9714099931107038e-08 -4.9415567394813342e-06
     8     17  5.3413813985703218e-04 -8.0621251684005274e-05
     8     18  2.6779260694673032e-03 -4.0420009159690645e-04
     8     19 -2.4742870221757937e-08 -6.0968116491904545e-06
     8     20 -2.7231704705687565e-04  2.2525299343445184e-06
     8     21 -2.3315073350066756e-03  1.9152921848772253e-05
     8     22 -8.3340940664090394e-07 -1.9218106806657511e-06
     8     23  2.6987005380656489e-05 -1.0889731645269715e-04
     8     24 -4.0950700895462484e-04  1.7577544551878768e-03
     8     25 -6.9884071501163241e-08 -1.4074781847996767e-06
     8     26  2.9115907430864328e-05  3.9485652298437852e-06
     8     27  1.0498254781601730e-03  1.4319203316987366e-04
     9      1 -7.1634196102364724e-07 -2.8650370162161036e-05
     9      2  6.0796121971616558e-04 -4.8305082882461586e-03
     9      3  2.1197491322987122e-02 -1.7290735434259419e-01
     9      4  2.0089915489457695e-06  1.9192577784282395e-05
     9      5  2.6589558805857555e-03  3.7963266369385061e-04
     9      6  9.7987247545225642e-02  1.3977122066182034e-02
     9      7  4.1807002907431615e-10  1.1009866696062151e-09
     9      8 -8.1792981222944816e-02 -4.6996646574393552e-06
     9      9  0.0000000000000000e+00  0.0000000000000000e+00
     9     10  5.2288173680976699e-10 -3.3005158637590345e-09
     9     11  3.8756052260386607e-03 -5.6490606543762743e-04
     9     12  1.3012151369746786e-01 -1.8966920058264891e-02
     9     13 -3.4569947895074294e-09  7.9671730163684402e-09
     9     14  1.0387092888482958e-03  4.0486416510965573e-03
     9     15 -3.0437435238586667e-02 -1.2595710823696249e-01
     9     16 -7.2909318117712152e-08 -1.8614535102005761e-05
     9     17  2.6020094121791681e-03 -3.9258720870270796e-04
     9     18  9.5901640500836521e-02 -1.4469533035430504e-02
     9     19 -3.0346135899894068e-07 -7.5870346103758653e-05
     9     20 -2.3315073350066756e-03  1.9152921848772446e-05
     9     21 -8.4270560091737404e-02  6.8740618254827207e-04
     9     22 -1.1284539861091731e-05 -2.6025354579479286e-05
     9     23  4.9851562481708603e-04 -2.0111037393657533e-03
     9     24 -1.5216008844077832e-02  6.5295588851916470e-02
     9     25 -3.5449661683704613e-06 -4.4512155630402517e-05
     9     26  1.1081137393096864e-03  1.5114305735339635e-04
     9     27  3.9988296980717986e-02  5.4903554414591086e-03
    10      1 -6.1249608370938136e-04  1.2822681262410207e-05
    10      2  4.7603256803778783e-06  6.1904070120021113e-07
    10      3  1.7329612875928436e-05  2.1974276583677153e-06
    10      4 -8.2092740712866995e-03  1.0307571547191813e-06
    10      5 -7.0011056555879320e-06  4.7710385313879777e-05
    10      6 -3.8696170938254728e-06  2.6364773766014224e-05
    10      7 -1.8535547825319475e-03  7.5116504696937092e-08
    10      8  1.0432204325248233e-11  6.7065815711196348e-09
    10      9  5.2288173687903551e-10  3.3005158637941628e-09
    10     10  0.0000000000000000e+00  0.0000000000000000e+00
    10     11  2.1311729282213865e-09  1.9336099463554888e-08
    10     12 -3.1716694761640375e-10  1.3013997955517749e-09
    10     13 -7.1818150652741553e-05 -3.0794609885500010e-05
    10     14  9.2385505114014763e-10 -2.1314350356634726e-10
    10     15 -7.8455880129968344e-09  2.0561468554404455e-09
    10     16 -2.1700661571403636e-05 -6.8285850835730289e-10
    10     17 -4.2292389073516908e-08 -2.9831751257114327e-07
    10     18 -1.7350419691601612e-06 -6.8730704678889340e-06
    10     19 -2.9255278653481867e-05  2.3213454786676231e-08
    10     20 -6.9884071501139154e-08 -1.4074781847996257e-06
    10     21 -3.5449661683703770e-06 -4.4512155630402429e-05
    10     22 -2.6545351360973690e-04  1.1380648757447804e-04
    10     23  5.6676540154206490e-06  1.4296445168261063e-06
    10     24 -6.9028445506503694e-05 -1.6386054842727495e-05
    10     25 -4.7522517662614621e-05 -2.4513264439141036e-09
    10     26 -1.2113418378860597e-07  8.5526753745320113e-07
    10     27 -2.6130241850298738e-06  1.8447116160679611e-05
    11      1 -5.9191835590478226e-07  4.9212620081422457e-06
    11      2 -1.4393689590700635e-04  5.2020227661088122e-04
    11      3 -7.4927896571630210e-04  2.7422354649588557e-03
    11      4 -6.8223777384908340e-06  4.8238366600818964e-05
    11      5 -7.3489801592834672e-03 -2.1637060276503972e-03
    11      6 -5.1099780146597502e-03 -1.5044958918517964e-03
    11      7  1.4927445522716780e-09 -1.0014097769481923e-08
    11      8  1.6884955409393269e-03  2.4621277276472595e-04
    11      9  3.8756052260386642e-03  5.6490606543762808e-04
    11     10  2.1289278554664418e-09 -1.9324675641084389e-08
    11     11  0.0000000000000000e+00  0.0000000000000000e+00
    11     12 -8.5090133813991012e-02  3.1474498373047777e-07
    11     13  5.3941894108083991e-10 -8.7922922543280533e-10
    11     14 -8.6313205123989065e-06 -8.0814538802707734e-05
    11     15  1.6565070814953721e-04  1.7883616692012767e-03
    11     16  4.8711229657332324e-08 -2.9510469935558627e-07
    11     17 -2.6678851017204509e-05  1.0049403845779363e-07
    11     18 -9.7448524155790929e-04  4.0862888510825684e-06
    11     19 -1.4546071679970189e-07  1.4209910232607927e-06
    11     20  2.9115907430871267e-05  3.9485652298418582e-06
    11     21  1.1081137393096866e-03  1.5114305735339608e-04
    11     22  1.5337568714613460e-06  5.6656200648247030e-06
    11     23 -1.0146579944543543e-04  2.4844907470726130e-04
    11     24  8.5513715840637402e-04 -2.1808539300086712e-03
    11     25 -1.2113418378859694e-07  8.5526753745327038e-07
    11     26 -5.2726324009513511e-05 -1.5237253487767933e-05
    11     27 -1.5667955212468349e-03 -4.5279084834272675e-04
    12      1 -2.2138680809737177e-06  1.8397239932900561e-05
    12      2 -6.9285189025381888e-04  2.5040008213964592e-03
    12      3 -2.5520386857099907e-02  9.3399030961292165e-02
    12      4 -3.9386813116498383e-06  2.7843925719387746e-05
    12      5 -4.7029597488808354e-03 -1.3846766409101945e-03
    12      6 -1.6772899900750302e-01 -4.9383955260063284e-02
    12      7  5.4736686881143871e-10 -5.9834205027097475e-09
    12      8  3.6800010402920497e-03  5.3662588095198247e-04
    12      9  1.3012151369746799e-01  1.8966920058264926e-02
    12     10 -3.1693641706196574e-10 -1.3028922378901684e-09
    12     11 -8.5090133814022209e-02 -3.1474014523561452e-07
    12     12  0.0000000000000000e+00  0.0000000000000000e+00
    12     13  3.1897201139601730e-09 -5.6248690089870075e-09
    12     14 -2.0801531804385187e-04 -1.9477022726527504e-03
    12     15  5.9291308872728658e-03  6.4013219895264928e-02
    12     16  4.2606529098107265e-07 -6.2319595383305023e-06
    12     17 -8.9593790671237974e-04  3.6901379394880821e-06
    12     18 -3.5851094829073310e-02  1.6905696027050209e-04
    12     19 -3.5547897884568337e-06  4.7017950095049307e-05
    12     20  1.0498254781601730e-03  1.4319203316987391e-04
    12     21  3.9988296980717992e-02  5.4903554414591077e-03
    12     22  1.6748236110589796e-05  6.1866405342210541e-05
    12     23 -9.6304130287718870e-04  2.3580773537246829e-03
    12     24  2.9529783232184827e-02 -7.5308973577633595e-02
    12     25 -2.6130241850298284e-06  1.8447116160679679e-05
    12     26 -1.5667955212468347e-03 -4.5279084834272697e-04
    12     27 -5.6444349568244533e-02 -1.6312161212648457e-02
    13      1 -5.4170455886132533e-04  2.4592524763010915e-04
    13      2 -5.7219552762600175e-06  2.5467005160982858e-06
    13      3 -1.5318076051893493e-05  8.0751190753649584e-06
    13      4 -5.6658107735938550e-05  2.4302579710301236e-05
    13      5  1.3423278230194177e-07  5.0582821775327991e-07
    13      6  1.9914528603778220e-06  7.5047274151444474e-06
    13      7 -1.6723982646215847e-03  7.1718050653218728e-04
    13      8 -4.2443442912031703e-09 -1.0276661447115273e-08
    13      9 -3.4569947895221110e-09 -7.9671730163204423e-09
    13     10 -7.1818150652707631e-05  3.0794609885500782e-05
    13     11  5.3941894207532721e-10  8.7922922518663928e-10
    13     12  3.1897201140290180e-09  5.6248690089568675e-09
    13     13  0.0000000000000000e+00  0.0000000000000000e+00
    13     14 -2.9786717687826087e-08  2.2306551460539600e-08
    13     15  1.1226174044365611e-09 -1.4860704677011274e-09
    13     16 -7.2899300077220452e-03  3.1242899100404047e-03
    13     17  2.4093531984067605e-05  3.9235302570425345e-05
    13     18  1.2270255448800809e-05  1.9980976354944876e-05
    13     19 -1.0861099532316774e-04  4.6559028911554600e-05
    13     20 -8.3340940664228927e-07 -1.9218106806662331e-06
    13     21 -1.1284539861091785e-05 -2.6025354579479208e-05
    13     22 -1.0586881889828838e-05  1.1310004504274368e-05
    13     23  3.9880086938114474e-07 -2.9202539077712759e-07
    13     24 -1.0192048639421038e-05  4.1450210315344971e-06
    13     25 -2.6545351360972763e-04  1.1380648757446793e-04
    13     26  1.5337568714608160e-06  5.6656200648248588e-06
    13     27  1.6748236110590172e-05  6.1866405342210487e-05
    14      1 -6.7673157599468605e-06 -7.2507697827988931e-07
    14      2  4.9199651456953886e-04  1.9439460257001599e-04
    14      3  2.8593744747416622e-03  1.1202058492980902e-03
    14      4  5.0510486212379376e-07  1.2729352205602285e-07
    14      5 -2.4244671644714035e-05  5.8526176192890622e-05
    14      6 -6.7563518752135939e-04  1.6309697386107441e-03
    14      7  7.7750583929414070e-09  1.7340267471504061e-09
    14      8  4.1932752236784358e-04 -1.6340504706560891e-03
    14      9  1.0387092888482954e-03 -4.0486416510965521e-03
    14     10  9.2385505179273947e-10  2.1314350267363040e-10
    14     11 -8.6313205124071939e-06  8.0814538802716991e-05
    14     12 -2.0801531804385133e-04  1.9477022726527508e-03
    14     13 -2.9776604631926815e-08 -2.2299606533485783e-08
    14     14  0.0000000000000000e+00  0.0000000000000000e+00
    14     15  9.0839351498120863e-02  1.2751981114707046e-03
    14     16  4.5326609101069847e-05  1.1438106256437117e-05
    14     17 -7.4262511218053625e-04  7.2991995573878886e-03
    14     18 -5.5871192930302693e-04  5.4915512608602005e-03
    14     19  2.0438935940024016e-06  5.1562424731121542e-07
    14     20  2.6987005380658031e-05 -1.0889731645269869e-04
    14     21  4.9851562481708603e-04 -2.0111037393657537e-03
    14     22  3.9880086938108301e-07 -2.9202539077729922e-07
    14     23  2.3380808427423891e-05  1.2519170695906093e-05
    14     24 -6.6306854191634551e-04 -3.4447086074549695e-04
    14     25  5.6676540154210522e-06  1.4296445168271183e-06
    14     26 -1.0146579944543851e-04  2.4844907470725669e-04
    14     27 -9.6304130287718902e-04  2.3580773537246837e-03
    15      1  1.9122502479786201e-05  1.7655691758506794e-06
    15      2 -2.4141208430988794e-03 -9.1569933346734083e-04
    15      3 -9.0357559513178975e-02 -3.3927315132721785e-02
    15      4 -9.2580920237273005e-06 -2.1960683025591074e-06
    15      5  5.5055504909144238e-04 -1.3836466880970846e-03
    15      6  2.1450401556238199e-02 -5.3908793134668662e-02
    15      7 -4.6388423421247968e-09 -1.1343383693639517e-09
    15      8 -8.5730390434918138e-04  3.5468263901673571e-03
    15      9 -3.0437435238586722e-02  1.2595710823696246e-01
    15     10 -7.8455880129760590e-09 -2.0561468554801617e-09
    15     11  1.6565070814953639e-04 -1.7883616692012767e-03
    15     12  5.9291308872728649e-03 -6.4013219895264928e-02
    15     13  1.1240186110032742e-09  1.4870179109764916e-09
    15     14  9.0839351498106485e-02 -1.2751981166778050e-03
    15     15  0.0000000000000000e+00  0.0000000000000000e+00
    15     16 -2.6527019376484990e-05 -6.2995924647507723e-06
    15     17  4.0673457068808968e-04 -4.6442695979662463e-03
    15     18  1.4622608136656457e-02 -1.6696807733529265e-01
    15     19 -3.2608826223366034e-05 -7.7419100747792401e-06
    15     20 -4.0950700895462516e-04  1.7577544551878764e-03
    15     21 -1.5216008844077828e-02  6.5295588851916470e-02
    15     22 -1.0192048639421045e-05  4.1450210315344658e-06
    15     23 -6.6306854191634540e-04 -3.4447086074549695e-04
    15     24  2.2747955698772172e-02  1.1433843470379934e-02
    15     25 -6.9028445506503898e-05 -1.6386054842727241e-05
    15     26  8.5513715840637424e-04 -2.1808539300086712e-03
    15     27  2.9529783232184827e-02 -7.5308973577633567e-02
    16      1 -1.8682206074635090e-03  3.9442073895964061e-05
    16      2  6.9899436184293618e-09  9.2320040577740825e-10
    16      3  4.5930787742218655e-09  8.4760923543017449e-10
    16      4 -7.1393061651557149e-05  2.1555425468475527e-08
    16      5 -1.5518696286990312e-10  1.0648117710996595e-09
    16      6 -1.5671399834306939e-09  8.7498861643643634e-09
    16      7 -6.1470683134846416e-04  1.3365968259882517e-07
    16      8 -1.9714099932203287e-08  4.9415567394817696e-06
    16      9 -7.2909318117621798e-08  1.8614535102005781e-05
    16     10 -2.1700661571413661e-05  6.8285850296038542e-10
    16     11  4.8711229657698050e-08  2.9510469935591423e-07
    16     12  4.2606529098102632e-07  6.2319595383305328e-06
    16     13 -7.2899300077221901e-03 -3.1242899100403692e-03
    16     14  4.5326609101068058e-05 -1.1438106256439431e-05
    16     15 -2.6527019376485075e-05  6.2995924647506461e-06
    16     16  0.0000000000000000e+00  0.0000000000000000e+00
    16     17 -3.0734143654229317e-10  2.4140612194580249e-09
    16     18 -2.8942886379733012e-10  1.9773140603402698e-10
    16     19 -6.0764058430093359e-04  1.4326696113172966e-07
    16     20  8.1306951667185569e-07  7.0192399119803925e-06
    16     21  2.0089915489458537e-06  1.9192577784282456e-05
    16     22 -5.6658107735938550e-05  2.4302579710298153e-05
    16     23  5.0510486212387804e-07  1.2729352205639931e-07
    16     24 -9.2580920237272937e-06 -2.1960683025590261e-06
    16     25 -8.2092740712867047e-03  1.0307571547176393e-06
    16     26 -6.8223777384891721e-06  4.8238366600819818e-05
    16     27 -3.9386813116498205e-06  2.7843925719387624e-05
    17      1 -9.9276046507133884e-10  7.7743284583813715e-09
    17      2 -4.5850104031176320e-04  1.6253478633405155e-03
    17      3 -9.6011221389419570e-04  3.4458724105663557e-03
    17      4 -1.5518696269927892e-10  1.0648117707380647e-09
    17      5 -6.5855655003908831e-05 -1.9748405754694490e-05
    17      6 -1.5487013955255058e-03 -4.6441591075478206e-04
    17      7  7.0632471995154200e-07 -4.8166606170320980e-06
    17      8  5.3413813985700898e-04  8.0621251683997563e-05
    17      9  2.6020094121791712e-03  3.9258720870270764e-04
    17     10 -4.2292389073606509e-08  2.9831751257168775e-07
    17     11 -2.6678851017202195e-05 -1.0049403846290142e-07
    17     12 -8.9593790671237974e-04 -3.6901379394880279e-06
    17     13  2.4093531984066016e-05 -3.9235302570425427e-05
    17     14 -7.4262511218060878e-04 -7.2991995573879476e-03
    17     15  4.0673457068809461e-04  4.6442695979662446e-03
    17     16 -3.0751676507862083e-10 -2.4038146813347427e-09
    17     17  0.0000000000000000e+00  0.0000000000000000e+00
    17     18 -8.0060793475666026e-02  2.8788559040410684e-08
    17     19  1.7163721283510510e-07 -6.8354524221156907e-06
    17     20  5.3540104704676635e-04  7.6282221642998753e-05
    17     21  2.6589558805857555e-03  3.7963266369385018e-04
    17     22  1.3423278230177313e-07  5.0582821775238905e-07
    17     23 -2.4244671644720973e-05  5.8526176192888311e-05
    17     24  5.5055504909144184e-04 -1.3836466880970846e-03
    17     25 -7.0011056555877389e-06  4.7710385313883490e-05
    17     26 -7.3489801592834551e-03 -2.1637060276504250e-03
    17     27 -4.7029597488808354e-03 -1.3846766409101943e-03
    18      1 -1.9555334177245156e-09  4.6850124618787190e-09
    18      2 -9.6228351325142463e-04  3.4112116346658393e-03
    18      3 -3.4699243359240170e-02  1.2453648122763313e-01
    18      4 -1.5671399834215647e-09  8.7498861643873276e-09
    18      5 -1.5487013955255060e-03 -4.6441591075478217e-04
    18      6 -5.9817307390089280e-02 -1.7937695716724961e-02
    18      7  2.6328315600969922e-06 -1.7957145809088938e-05
    18      8  2.6779260694673062e-03  4.0420009159690580e-04
    18      9  9.5901640500836549e-02  1.4469533035430483e-02
    18     10 -1.7350419691601227e-06  6.8730704678889162e-06
    18     11 -9.7448524155790950e-04 -4.0862888510826641e-06
    18     12 -3.5851094829073303e-02 -1.6905696027050615e-04
    18     13  1.2270255448800839e-05 -1.9980976354944876e-05
    18     14 -5.5871192930303333e-04 -5.4915512608601997e-03
    18     15  1.4622608136656614e-02  1.6696807733529268e-01
    18     16 -2.8930281445350990e-10 -1.9905682006476166e-10
    18     17 -8.0060793475658351e-02 -2.8783915785735255e-08
    18     18  0.0000000000000000e+00  0.0000000000000000e+00
    18     19  6.3999152913581082e-07 -1.9350918651527904e-05
    18     20  2.7363675245899630e-03  3.9055049029903562e-04
    18     21  9.7987247545225642e-02  1.3977122066182034e-02
    18     22  1.9914528603778326e-06  7.5047274151445169e-06
    18     23 -6.7563518752135896e-04  1.6309697386107437e-03
    18     24  2.1450401556238199e-02 -5.3908793134668655e-02
    18     25 -3.8696170938253339e-06  2.6364773766014197e-05
    18     26 -5.1099780146597520e-03 -1.5044958918517964e-03
    18     27 -1.6772899900750302e-01 -4.9383955260063297e-02
    19      1 -8.2581917261577518e-03  1.7364550581660005e-04
    19      2 -4.7088403499513370e-05 -6.1184722614925751e-06
    19      3 -2.7341490441538192e-05 -3.4627638524496007e-06
    19      4 -6.1470683134847034e-04  1.3365968259651218e-07
    19      5  7.0632471995171066e-07 -4.8166606170323513e-06
    19      6  2.6328315600968478e-06 -1.7957145809088949e-05
    19      7 -2.9750655984798726e-04  3.9409365946522591e-08
    19      8 -2.4742870223637219e-08  6.0968116491891569e-06
    19      9 -3.0346135899892861e-07  7.5870346103758653e-05
    19     10 -2.9255278653459509e-05 -2.3213454796891826e-08
    19     11 -1.4546071679985849e-07 -1.4209910232613679e-06
    19     12 -3.5547897884569180e-06 -4.7017950095049219e-05
    19     13 -1.0861099532313768e-04 -4.6559028911585344e-05
    19     14  2.0438935940011518e-06 -5.1562424731242001e-07
    19     15 -3.2608826223366040e-05  7.7419100747792452e-06
    19     16 -6.0764058430097360e-04 -1.4326696124352295e-07
    19     17  1.7163721283446662e-07  6.8354524221160431e-06
    19     18  6.3999152913592231e-07  1.9350918651527874e-05
    19     19  0.0000000000000000e+00  0.0000000000000000e+00
    19     20  4.8531827903684095e-10  5.5277702777203380e-09
    19     21  4.1807002955128984e-10  1.1009866695823100e-09
    19     22 -1.6723982646215908e-03  7.1718050653218435e-04
    19     23  7.7750583916274157e-09  1.7340267462845266e-09
    19     24 -4.6388423421231970e-09 -1.1343383693748690e-09
    19     25 -1.8535547825319508e-03  7.5116504692311154e-08
    19     26  1.4927445523265528e-09 -1.0014097771143655e-08
    19     27  5.4736686878546307e-10 -5.9834205027219823e-09
    20      1  8.1543126960165458e-07  4.8486029992871972e-05
    20      2  1.0190022894013457e-03 -7.5924859398649883e-03
    20      3  6.5728419904932537e-04 -5.0196948599408302e-03
    20      4 -1.9714099931829841e-08  4.9415567394817129e-06
    20      5  5.3413813985701516e-04  8.0621251684003743e-05
    20      6  2.6779260694673062e-03  4.0420009159690553e-04
    20      7 -2.4742870220914666e-08  6.0968116491897024e-06
    20      8 -2.7231704705691419e-04 -2.2525299343568541e-06
    20      9 -2.3315073350066752e-03 -1.9152921848774228e-05
    20     10 -6.9884071501139154e-08  1.4074781848000306e-06
    20     11  2.9115907430879747e-05 -3.9485652298493747e-06
    20     12  1.0498254781601730e-03 -1.4319203316987347e-04
    20     13 -8.3340940664033770e-07  1.9218106806650646e-06
    20     14  2.6987005380676147e-05  1.0889731645270640e-04
    20     15 -4.0950700895462467e-04 -1.7577544551878768e-03
    20     16  8.1306951667219302e-07 -7.0192399119794226e-06
    20     17  5.3540104704679866e-04 -7.6282221642961362e-05
    20     18  2.7363675245899613e-03 -3.9055049029903540e-04
    20     19  4.8395592361427570e-10 -5.5387088459975739e-09
    20     20  0.0000000000000000e+00  0.0000000000000000e+00
    20     21 -8.1792981222944858e-02 -4.6996646574831003e-06
    20     22 -4.2443442922008221e-09 -1.0276661446746348e-08
    20     23  4.1932752236785442e-04 -1.6340504706560922e-03
    20     24 -8.5730390434918084e-04  3.5468263901673562e-03
    20     25  1.0432202239653122e-11  6.7065815711138818e-09
    20     26  1.6884955409393239e-03  2.4621277276472595e-04
    20     27  3.6800010402920510e-03  5.3662588095198290e-04
    21      1  4.8529516007366937e-07  2.8655197741250084e-05
    21      2  6.4734282235102188e-04 -4.8253889679926902e-03
    21      3  2.2607168356968896e-02 -1.7272869701919261e-01
    21      4 -7.2909318117724196e-08  1.8614535102005713e-05
    21      5  2.6020094121791712e-03  3.9258720870270769e-04
    21      6  9.5901640500836563e-02  1.4469533035430483e-02
    21      7 -3.0346135899967548e-07  7.5870346103758802e-05
    21      8 -2.3315073350066756e-03 -1.9152921848774303e-05
    21      9 -8.4270560091737404e-02 -6.8740618254830806e-04
    21     10 -3.5449661683702445e-06  4.4512155630402347e-05
    21     11  1.1081137393096864e-03 -1.5114305735339535e-04
    21     12  3.9988296980717992e-02 -5.4903554414591042e-03
    21     13 -1.1284539861091846e-05  2.6025354579479404e-05
    21     14  4.9851562481708516e-04  2.0111037393657546e-03
    21     15 -1.5216008844077823e-02 -6.5295588851916525e-02
    21     16  2.0089915489458114e-06 -1.9192577784282423e-05
    21     17  2.6589558805857538e-03 -3.7963266369385028e-04
    21     18  9.7987247545225600e-02 -1.3977122066182054e-02
    21     19  4.1813434333506555e-10 -1.0995862168265450e-09
    21     20 -8.1792981222927566e-02  4.6996693230252499e-06
    21     21  0.0000000000000000e+00  0.0000000000000000e+00
    21     22 -3.4569947895838505e-09 -7.9671730163539464e-09
    21     23  1.0387092888482947e-03 -4.0486416510965521e-03
    21     24 -3.0437435238586729e-02  1.2595710823696246e-01
    21     25  5.2288173698745572e-10  3.3005158637920452e-09
    21     26  3.8756052260386633e-03  5.6490606543762819e-04
    21     27  1.3012151369746799e-01  1.8966920058264922e-02
    22      1 -5.5153382147285328e-04 -2.2301005655038969e-04
    22      2  4.8806323875347863e-06  3.9250689177902637e-06
    22      3  1.2819311570014685e-05  1.1641156573231005e-05
    22      4 -7.2899300077221806e-03 -3.1242899100403787e-03
    22      5  2.4093531984067906e-05 -3.9235302570424654e-05
    22      6  1.2270255448800700e-05 -1.9980976354945055e-05
    22      7 -1.0861099532315927e-04 -4.6559028911586889e-05
    22      8 -8.3340940664003658e-07  1.9218106806650464e-06
    22      9 -1.1284539861091792e-05  2.6025354579479428e-05
    22     10 -2.6545351360973999e-04 -1.1380648757446099e-04
    22     11  1.5337568714585029e-06 -5.6656200648260811e-06
    22     12  1.6748236110589687e-05 -6.1866405342210650e-05
    22     13 -1.0586881889825368e-05 -1.1310004504271285e-05
    22     14  3.9880086938108666e-07  2.9202539077718784e-07
    22     15 -1.0192048639421033e-05 -4.1450210315344489e-06
    22     16 -5.6658107735942406e-05 -2.4302579710309042e-05
    22     17  1.3423278230113465e-07 -5.0582821775264633e-07
    22     18  1.9914528603778927e-06 -7.5047274151444805e-06
    22     19 -1.6723982646214891e-03 -7.1718050653221362e-04
    22     20 -4.2443442931442696e-09  1.0276661446291968e-08
    22     21 -3.4569947894624423e-09  7.9671730164354501e-09
    22     22  0.0000000000000000e+00  0.0000000000000000e+00
    22     23 -2.9776604623439174e-08 -2.2299606547044567e-08
    22     24  1.1240186114194496e-09  1.4870179113680090e-09
    22     25 -7.1818150652749264e-05 -3.0794609885502320e-05
    22     26  5.3941894117893691e-10 -8.7922922515859599e-10
    22     27  3.1897201140179123e-09 -5.6248690090310532e-09
    23      1 -6.7309911263367174e-06  1.0080373300300233e-06
    23      2 -5.2534651402017581e-04  6.2135943368594478e-05
    23      3 -3.0484244226814177e-03  3.7147282957613817e-04
    23      4  4.5326609101068512e-05 -1.1438106256436876e-05
    23      5 -7.4262511218060412e-04 -7.2991995573879406e-03
    23      6 -5.5871192930303279e-04 -5.4915512608601997e-03
    23      7  2.0438935940016270e-06 -5.1562424731178156e-07
    23      8  2.6987005380687714e-05  1.0889731645271874e-04
    23      9  4.9851562481708516e-04  2.0111037393657537e-03
    23     10  5.6676540154213020e-06 -1.4296445168253836e-06
    23     11 -1.0146579944546116e-04 -2.4844907470727518e-04
    23     12 -9.6304130287718816e-04 -2.3580773537246837e-03
    23     13  3.9880086938120562e-07  2.9202539077721039e-07
    23     14  2.3380808427425626e-05 -1.2519170695901707e-05
    23     15 -6.6306854191634551e-04  3.4447086074549711e-04
    23     16  5.0510486212426068e-07 -1.2729352205691430e-07
    23     17 -2.4244671644710470e-05 -5.8526176192884455e-05
    23     18 -6.7563518752135961e-04 -1.6309697386107441e-03
    23     19  7.7750583925237023e-09 -1.7340267467951700e-09
    23     20  4.1932752236781317e-04  1.6340504706560276e-03
    23     21  1.0387092888482950e-03  4.0486416510965555e-03
    23     22 -2.9786717681778235e-08  2.2306551461829383e-08
    23     23  0.0000000000000000e+00  0.0000000000000000e+00
    23     24  9.0839351498106458e-02 -1.2751981166777596e-03
    23     25  9.2385505147583737e-10 -2.1314350338568512e-10
    23     26 -8.6313205123981357e-06 -8.0814538802713901e-05
    23     27 -2.0801531804385192e-04 -1.9477022726527501e-03
    24      1  1.9031717037520272e-05 -2.5657120048804105e-06
    24      2  2.5680067096170273e-03 -2.6800333223029173e-04
    24      3  9.5964484359608332e-02 -1.0313535057709509e-02
    24      4 -2.6527019376485041e-05  6.2995924647506037e-06
    24      5  4.0673457068809586e-04  4.6442695979662446e-03
    24      6  1.4622608136656617e-02  1.6696807733529268e-01
    24      7 -3.2608826223366128e-05  7.7419100747790537e-06
    24      8 -4.0950700895462408e-04 -1.7577544551878768e-03
    24      9 -1.5216008844077819e-02 -6.5295588851916539e-02
    24     10 -6.9028445506503410e-05  1.6386054842727722e-05
    24     11  8.5513715840637348e-04  2.1808539300086725e-03
    24     12  2.9529783232184838e-02  7.5308973577633595e-02
    24     13 -1.0192048639421038e-05 -4.1450210315344641e-06
    24     14 -6.6306854191634573e-04  3.4447086074549705e-04
    24     15  2.2747955698772169e-02 -1.1433843470379934e-02
    24     16 -9.2580920237273022e-06  2.1960683025590757e-06
    24     17  5.5055504909144238e-04  1.3836466880970853e-03
    24     18  2.1450401556238202e-02  5.3908793134668676e-02
    24     19 -4.6388423421079504e-09  1.1343383692918598e-09
    24     20 -8.5730390434918182e-04 -3.5468263901673610e-03
    24     21 -3.0437435238586663e-02 -1.2595710823696249e-01
    24     22  1.1226174046722244e-09 -1.4860704684340932e-09
    24     23  9.0839351498120849e-02  1.2751981114706662e-03
    24     24  0.0000000000000000e+00  0.0000000000000000e+00
    24     25 -7.8455880129505305e-09  2.0561468554847737e-09
    24     26  1.6565070814953688e-04  1.7883616692012771e-03
    24     27  5.9291308872728658e-03  6.4013219895264914e-02
    25      1 -6.1249542186536047e-04  1.2854164254598762e-05
    25      2 -4.7603573422654049e-06 -6.1867615207851508e-07
    25      3 -1.7329888785385444e-05 -2.1951959139679419e-06
    25      4 -2.1700661571414430e-05  6.8285850064742082e-10
    25      5 -4.2292389073501099e-08  2.9831751257113506e-07
    25      6 -1.7350419691601650e-06  6.8730704678889357e-06
    25      7 -2.9255278653467220e-05 -2.3213454794386114e-08
    25      8 -6.9884071501018690e-08  1.4074781847995548e-06
    25      9 -3.5449661683703889e-06  4.4512155630402429e-05
    25     10 -4.7522517662633893e-05  2.4513264192424806e-09
    25     11 -1.2113418378853371e-07 -8.5526753745311378e-07
    25     12 -2.6130241850298678e-06 -1.8447116160679733e-05
    25     13 -2.6545351360972145e-04 -1.1380648757445945e-04
    25     14  5.6676540154217137e-06 -1.4296445168261785e-06
    25     15 -6.9028445506503613e-05  1.6386054842727495e-05
    25     16 -8.2092740712866926e-03 -1.0307571546004491e-06
    25     17 -7.0011056555882928e-06 -4.7710385313885903e-05
    25     18 -3.8696170938253102e-06 -2.6364773766014064e-05
    25     19 -1.8535547825320063e-03 -7.5116504716982775e-08
    25     20  1.0432204807268802e-11 -6.7065815704983006e-09
    25     21  5.2288173676534481e-10 -3.3005158637853396e-09
    25     22 -7.1818150652710707e-05  3.0794609885491045e-05
    25     23  9.2385505132968604e-10  2.1314350301247889e-10
    25     24 -7.8455880129924338e-09 -2.0561468554773386e-09
    25     25  0.0000000000000000e+00  0.0000000000000000e+00
    25     26  2.1289278549783039e-09 -1.9324675652058088e-08
    25     27 -3.1693641763568937e-10 -1.3028922390854260e-09
    26      1 -7.9762365367819962e-07 -4.8921324394273643e-06
    26      2  6.1436330513899787e-06  5.3971334591959108e-04
    26      3  4.1495491104880573e-05  2.8424553540455878e-03
    26      4  4.8711229657422857e-08  2.9510469935557007e-07
    26      5 -2.6678851017206050e-05 -1.0049403846531077e-07
    26      6 -9.7448524155790972e-04 -4.0862888510825142e-06
    26      7 -1.4546071679982236e-07 -1.4209910232610562e-06
    26      8  2.9115907430866639e-05 -3.9485652298484117e-06
    26      9  1.1081137393096868e-03 -1.5114305735339570e-04
    26     10 -1.2113418378886498e-07 -8.5526753745320336e-07
    26     11 -5.2726324009508889e-05  1.5237253487757043e-05
    26     12 -1.5667955212468345e-03  4.5279084834272615e-04
    26     13  1.5337568714592739e-06 -5.6656200648268460e-06
    26     14 -1.0146579944545735e-04 -2.4844907470725208e-04
    26     15  8.5513715840637315e-04  2.1808539300086725e-03
    26     16 -6.8223777384902563e-06 -4.8238366600819073e-05
    26     17 -7.3489801592834369e-03  2.1637060276503998e-03
    26     18 -5.1099780146597528e-03  1.5044958918517981e-03
    26     19  1.4927445509103784e-09  1.0014097770060518e-08
    26     20  1.6884955409392714e-03 -2.4621277276472129e-04
    26     21  3.8756052260386603e-03 -5.6490606543762732e-04
    26     22  5.3941894147275147e-10  8.7922922456805821e-10
    26     23 -8.6313205124056523e-06  8.0814538802713901e-05
    26     24  1.6565070814953626e-04 -1.7883616692012767e-03
    26     25  2.1311729196226141e-09  1.9336099473970759e-08
    26     26  0.0000000000000000e+00  0.0000000000000000e+00
    26     27 -8.5090133814022195e-02 -3.1474014526076801e-07
    27      1 -2.9831581429524772e-06 -1.8288080183769975e-05
    27      2  2.9582414489956825e-05  2.5979203407317263e-03
    27      3  1.4136603931336489e-03  9.6812554433580125e-02
    27      4  4.2606529098102971e-07  6.2319595383305531e-06
    27      5 -8.9593790671237974e-04 -3.6901379394883049e-06
    27      6 -3.5851094829073303e-02 -1.6905696027050778e-04
    27      7 -3.5547897884564365e-06 -4.7017950095049408e-05
    27      8  1.0498254781601735e-03 -1.4319203316987325e-04
    27      9  3.9988296980717992e-02 -5.4903554414591060e-03
    27     10 -2.6130241850298344e-06 -1.8447116160679689e-05
    27     11 -1.5667955212468347e-03  4.5279084834272588e-04
    27     12 -5.6444349568244484e-02  1.6312161212648425e-02
    27     13  1.6748236110589870e-05 -6.1866405342210609e-05
    27     14 -9.6304130287718751e-04 -2.3580773537246846e-03
    27     15  2.9529783232184838e-02  7.5308973577633595e-02
    27     16 -3.9386813116497841e-06 -2.7843925719387672e-05
    27     17 -4.7029597488808380e-03  1.3846766409101963e-03
    27     18 -1.6772899900750302e-01  4.9383955260063381e-02
    27     19  5.4736686878207494e-10  5.9834205028047558e-09
    27     20  3.6800010402920488e-03 -5.3662588095198182e-04
    27     21  1.3012151369746786e-01 -1.8966920058264891e-02
    27     22  3.1897201140452998e-09  5.6248690090186778e-09
    27     23 -2.0801531804385168e-04  1.9477022726527501e-03
    27     24  5.9291308872728675e-03 -6.4013219895264900e-02
    27     25 -3.1716694737848164e-10  1.3013997969175685e-09
    27     26 -8.5090133813991012e-02  3.1474498375765508e-07
    27     27  0.0000000000000000e+00  0.0000000000000000e+00
