                27                27
     1BSE eigenvalue    0.43400254      IP-eigenvalue:    1.53335004
  0.00000  0.00000  0.00000    -6.0785256    -2.3708546     0.0000006     9    11     -0.000000+i*     0.000000
  0.00000  0.00000  0.00000    -4.1241113    -2.3708546     1.0662412    10    11     -0.017834+i*    -0.117121
  0.00000  0.00000  0.00000    -4.1241113     0.4107230     3.2352806    10    12     -0.052972+i*    -0.355551
  0.33333  0.00000  0.00000    -4.5946561    -0.8328566     0.0001144     9    11     -0.000000+i*     0.000013
  0.33333  0.00000  0.00000    -2.8335705    -0.8328566     0.1631781    10    11     -0.017877+i*     0.003025
  0.33333  0.00000  0.00000    -2.8335705     1.9685811     0.8478706    10    12     -0.092888+i*     0.015716
  0.00000  0.33333  0.00000    -5.1496778    -1.5869842     0.0003427     9    11      0.000001+i*     0.000038
  0.00000  0.33333  0.00000    -3.1203342    -1.5869842     3.5165020    10    11      0.390591+i*    -0.010141
  0.00000  0.33333  0.00000    -3.1203342     1.1932086     4.6325147    10    12      0.514551+i*    -0.013329
  0.33333  0.33333  0.00000    -4.2052738    -0.0464668     0.0001448     9    11      0.000001+i*     0.000016
  0.33333  0.33333  0.00000    -2.8912559    -0.0464668     0.0295846    10    11     -0.003264+i*    -0.000389
  0.33333  0.33333  0.00000    -2.8912559     2.6619915     0.2359490    10    12     -0.026032+i*    -0.003106
 -0.33333  0.33333  0.00000    -4.4620760    -0.0451223     0.0000491     9    11      0.000002+i*     0.000005
 -0.33333  0.33333  0.00000    -3.2688503    -0.0451223     0.0283103    10    11     -0.000703+i*     0.003066
 -0.33333  0.33333  0.00000    -3.2688503     2.6226298     0.2630681    10    12      0.006130+i*    -0.028580
 -0.33333  0.00000  0.00000    -4.5946561    -0.8328566     0.0001144     9    11     -0.000001+i*    -0.000013
 -0.33333  0.00000  0.00000    -2.8335705    -0.8328566     0.1631781    10    11     -0.017992+i*    -0.002242
 -0.33333  0.00000  0.00000    -2.8335705     1.9685811     0.8478706    10    12     -0.093485+i*    -0.011646
  0.00000 -0.33333  0.00000    -5.1496778    -1.5869842     0.0003427     9    11     -0.000001+i*    -0.000038
  0.00000 -0.33333  0.00000    -3.1203342    -1.5869842     3.5165020    10    11      0.390661+i*    -0.006920
  0.00000 -0.33333  0.00000    -3.1203342     1.1932086     4.6325147    10    12      0.514643+i*    -0.009145
  0.33333 -0.33333  0.00000    -4.4620760    -0.0451223     0.0000491     9    11      0.000002+i*    -0.000005
  0.33333 -0.33333  0.00000    -3.2688503    -0.0451223     0.0283103    10    11     -0.000836+i*    -0.003032
  0.33333 -0.33333  0.00000    -3.2688503     2.6226298     0.2630681    10    12      0.007372+i*     0.028285
 -0.33333 -0.33333  0.00000    -4.2052738    -0.0464668     0.0001448     9    11      0.000000+i*    -0.000016
 -0.33333 -0.33333  0.00000    -2.8912559    -0.0464668     0.0295846    10    11     -0.003244+i*     0.000531
 -0.33333 -0.33333  0.00000    -2.8912559     2.6619915     0.2359490    10    12     -0.025871+i*     0.004240
     2BSE eigenvalue    0.49803945      IP-eigenvalue:    1.53335004
  0.00000  0.00000  0.00000    -6.0785256    -2.3708546     0.0001715     9    11      0.000019+i*     0.000000
  0.00000  0.00000  0.00000    -4.1241113    -2.3708546     0.0000046    10    11      0.000000+i*     0.000001
  0.00000  0.00000  0.00000    -4.1241113     0.4107230     0.0000027    10    12      0.000000+i*     0.000000
  0.33333  0.00000  0.00000    -4.5946561    -0.8328566     0.0001772     9    11     -0.000020+i*    -0.000000
  0.33333  0.00000  0.00000    -2.8335705    -0.8328566     0.0098367    10    11     -0.000183+i*    -0.001078
  0.33333  0.00000  0.00000    -2.8335705     1.9685811     0.0491054    10    12     -0.000913+i*    -0.005379
  0.00000  0.33333  0.00000    -5.1496778    -1.5869842     0.0000272     9    11     -0.000003+i*     0.000000
  0.00000  0.33333  0.00000    -3.1203342    -1.5869842     5.2358962    10    11      0.014593+i*     0.581583
  0.00000  0.33333  0.00000    -3.1203342     1.1932086     3.6032160    10    12      0.010020+i*     0.400232
  0.33333  0.33333  0.00000    -4.2052738    -0.0464668     0.0000493     9    11     -0.000005+i*    -0.000000
  0.33333  0.33333  0.00000    -2.8912559    -0.0464668     0.0338084    10    11      0.000449+i*    -0.003730
  0.33333  0.33333  0.00000    -2.8912559     2.6619915     0.2802247    10    12      0.003720+i*    -0.030913
 -0.33333  0.33333  0.00000    -4.4620760    -0.0451223     0.0000552     9    11     -0.000006+i*     0.000003
 -0.33333  0.33333  0.00000    -3.2688503    -0.0451223     0.0171837    10    11     -0.001861+i*    -0.000428
 -0.33333  0.33333  0.00000    -3.2688503     2.6226298     0.1405472    10    12      0.015267+i*     0.003287
 -0.33333  0.00000  0.00000    -4.5946561    -0.8328566     0.0001772     9    11     -0.000020+i*     0.000001
 -0.33333  0.00000  0.00000    -2.8335705    -0.8328566     0.0098367    10    11     -0.000138+i*     0.001084
 -0.33333  0.00000  0.00000    -2.8335705     1.9685811     0.0491054    10    12     -0.000686+i*     0.005413
  0.00000 -0.33333  0.00000    -5.1496778    -1.5869842     0.0000272     9    11     -0.000003+i*     0.000000
  0.00000 -0.33333  0.00000    -3.1203342    -1.5869842     5.2358962    10    11     -0.009799+i*    -0.581684
  0.00000 -0.33333  0.00000    -3.1203342     1.1932086     3.6032160    10    12     -0.006766+i*    -0.400300
  0.33333 -0.33333  0.00000    -4.4620760    -0.0451223     0.0000552     9    11     -0.000006+i*    -0.000002
  0.33333 -0.33333  0.00000    -3.2688503    -0.0451223     0.0171837    10    11     -0.001841+i*     0.000506
  0.33333 -0.33333  0.00000    -3.2688503     2.6226298     0.1405472    10    12      0.015115+i*    -0.003924
 -0.33333 -0.33333  0.00000    -4.2052738    -0.0464668     0.0000493     9    11     -0.000005+i*     0.000001
 -0.33333 -0.33333  0.00000    -2.8912559    -0.0464668     0.0338084    10    11      0.000605+i*     0.003707
 -0.33333 -0.33333  0.00000    -2.8912559     2.6619915     0.2802247    10    12      0.005012+i*     0.030730
     3BSE eigenvalue    0.60623595      IP-eigenvalue:    1.75325663
  0.00000  0.00000  0.00000    -6.0785256    -2.3708546     0.0000005     9    11      0.000000+i*     0.000000
  0.00000  0.00000  0.00000    -4.1241113    -2.3708546     1.2104187    10    11      0.020232+i*     0.132960
  0.00000  0.00000  0.00000    -4.1241113     0.4107230     3.2246648    10    12      0.052762+i*     0.354390
  0.33333  0.00000  0.00000    -4.5946561    -0.8328566     0.0000241     9    11     -0.000000+i*    -0.000003
  0.33333  0.00000  0.00000    -2.8335705    -0.8328566     0.1903007    10    11      0.020849+i*    -0.003525
  0.33333  0.00000  0.00000    -2.8335705     1.9685811     0.8164239    10    12      0.089445+i*    -0.015120
  0.00000  0.33333  0.00000    -5.1496778    -1.5869842     0.0001736     9    11     -0.000000+i*    -0.000019
  0.00000  0.33333  0.00000    -3.1203342    -1.5869842     5.2333126    10    11      0.581285+i*    -0.015029
  0.00000  0.33333  0.00000    -3.1203342     1.1932086     2.5294896    10    12     -0.280961+i*     0.007248
  0.33333  0.33333  0.00000    -4.2052738    -0.0464668     0.0001055     9    11     -0.000001+i*    -0.000012
  0.33333  0.33333  0.00000    -2.8912559    -0.0464668     0.0166240    10    11      0.001834+i*     0.000219
  0.33333  0.33333  0.00000    -2.8912559     2.6619915     0.1989364    10    12      0.021948+i*     0.002623
 -0.33333  0.33333  0.00000    -4.4620760    -0.0451223     0.0000220     9    11     -0.000001+i*    -0.000002
 -0.33333  0.33333  0.00000    -3.2688503    -0.0451223     0.0150020    10    11      0.000373+i*    -0.001625
 -0.33333  0.33333  0.00000    -3.2688503     2.6226298     0.1987301    10    12     -0.004634+i*     0.021589
 -0.33333  0.00000  0.00000    -4.5946561    -0.8328566     0.0000241     9    11      0.000000+i*     0.000003
 -0.33333  0.00000  0.00000    -2.8335705    -0.8328566     0.1903007    10    11      0.020982+i*     0.002616
 -0.33333  0.00000  0.00000    -2.8335705     1.9685811     0.8164239    10    12      0.090017+i*     0.011220
  0.00000 -0.33333  0.00000    -5.1496778    -1.5869842     0.0001736     9    11      0.000000+i*     0.000019
  0.00000 -0.33333  0.00000    -3.1203342    -1.5869842     5.2333126    10    11      0.581389+i*    -0.010241
  0.00000 -0.33333  0.00000    -3.1203342     1.1932086     2.5294896    10    12     -0.281011+i*     0.004966
  0.33333 -0.33333  0.00000    -4.4620760    -0.0451223     0.0000220     9    11     -0.000000+i*     0.000002
  0.33333 -0.33333  0.00000    -3.2688503    -0.0451223     0.0150020    10    11      0.000443+i*     0.001607
  0.33333 -0.33333  0.00000    -3.2688503     2.6226298     0.1987301    10    12     -0.005568+i*    -0.021368
 -0.33333 -0.33333  0.00000    -4.2052738    -0.0464668     0.0001055     9    11     -0.000000+i*     0.000012
 -0.33333 -0.33333  0.00000    -2.8912559    -0.0464668     0.0166240    10    11      0.001823+i*    -0.000298
 -0.33333 -0.33333  0.00000    -2.8912559     2.6619915     0.1989364    10    12      0.021813+i*    -0.003574
     4BSE eigenvalue    0.68622922      IP-eigenvalue:    2.00071389
  0.00000  0.00000  0.00000    -6.0785256    -2.3708546     0.0002668     9    11     -0.000030+i*     0.000000
  0.00000  0.00000  0.00000    -4.1241113    -2.3708546     0.0000020    10    11      0.000000+i*     0.000000
  0.00000  0.00000  0.00000    -4.1241113     0.4107230     0.0000188    10    12      0.000000+i*     0.000002
  0.33333  0.00000  0.00000    -4.5946561    -0.8328566     0.0002588     9    11     -0.000029+i*     0.000000
  0.33333  0.00000  0.00000    -2.8335705    -0.8328566     0.0346901    10    11     -0.000644+i*    -0.003800
  0.33333  0.00000  0.00000    -2.8335705     1.9685811     0.1192280    10    12     -0.002211+i*    -0.013062
  0.00000  0.33333  0.00000    -5.1496778    -1.5869842     0.0000008     9    11     -0.000000+i*    -0.000000
  0.00000  0.33333  0.00000    -3.1203342    -1.5869842     3.6171555    10    11     -0.010073+i*    -0.401780
  0.00000  0.33333  0.00000    -3.1203342     1.1932086     5.2107803    10    12      0.014478+i*     0.578795
  0.33333  0.33333  0.00000    -4.2052738    -0.0464668     0.0000888     9    11     -0.000010+i*    -0.000001
  0.33333  0.33333  0.00000    -2.8912559    -0.0464668     0.0435113    10    11      0.000578+i*    -0.004800
  0.33333  0.33333  0.00000    -2.8912559     2.6619915     0.4500956    10    12      0.005974+i*    -0.049653
 -0.33333  0.33333  0.00000    -4.4620760    -0.0451223     0.0000956     9    11     -0.000010+i*     0.000004
 -0.33333  0.33333  0.00000    -3.2688503    -0.0451223     0.0159285    10    11     -0.001725+i*    -0.000397
 -0.33333  0.33333  0.00000    -3.2688503     2.6226298     0.2092917    10    12      0.022734+i*     0.004895
 -0.33333  0.00000  0.00000    -4.5946561    -0.8328566     0.0002588     9    11     -0.000029+i*     0.000001
 -0.33333  0.00000  0.00000    -2.8335705    -0.8328566     0.0346901    10    11     -0.000484+i*     0.003824
 -0.33333  0.00000  0.00000    -2.8335705     1.9685811     0.1192280    10    12     -0.001662+i*     0.013143
  0.00000 -0.33333  0.00000    -5.1496778    -1.5869842     0.0000008     9    11     -0.000000+i*     0.000000
  0.00000 -0.33333  0.00000    -3.1203342    -1.5869842     3.6171555    10    11      0.006766+i*     0.401849
  0.00000 -0.33333  0.00000    -3.1203342     1.1932086     5.2107803    10    12     -0.009779+i*    -0.578893
  0.33333 -0.33333  0.00000    -4.4620760    -0.0451223     0.0000956     9    11     -0.000010+i*    -0.000004
  0.33333 -0.33333  0.00000    -3.2688503    -0.0451223     0.0159285    10    11     -0.001707+i*     0.000469
  0.33333 -0.33333  0.00000    -3.2688503     2.6226298     0.2092917    10    12      0.022509+i*    -0.005843
 -0.33333 -0.33333  0.00000    -4.2052738    -0.0464668     0.0000888     9    11     -0.000010+i*     0.000001
 -0.33333 -0.33333  0.00000    -2.8912559    -0.0464668     0.0435113    10    11      0.000779+i*     0.004771
 -0.33333 -0.33333  0.00000    -2.8912559     2.6619915     0.4500956    10    12      0.008049+i*     0.049359
     5BSE eigenvalue    0.76139151      IP-eigenvalue:    2.00071389
  0.00000  0.00000  0.00000    -6.0785256    -2.3708546     0.0000000     9    11     -0.000000+i*     0.000000
  0.00000  0.00000  0.00000    -4.1241113    -2.3708546     8.1365947    10    11      0.314952+i*     0.847432
  0.00000  0.00000  0.00000    -4.1241113     0.4107230     2.1792219    10    12      0.083623+i*     0.227237
  0.33333  0.00000  0.00000    -4.5946561    -0.8328566     0.0000491     9    11      0.000001+i*     0.000005
  0.33333  0.00000  0.00000    -2.8335705    -0.8328566     0.0840977    10    11      0.008706+i*    -0.003395
  0.33333  0.00000  0.00000    -2.8335705     1.9685811     0.0908496    10    12      0.009406+i*    -0.003663
  0.00000  0.33333  0.00000    -5.1496778    -1.5869842     0.0001077     9    11     -0.000003+i*    -0.000012
  0.00000  0.33333  0.00000    -3.1203342    -1.5869842     0.5849326    10    11     -0.063271+i*     0.014859
  0.00000  0.33333  0.00000    -3.1203342     1.1932086     2.1598240    10    12      0.233627+i*    -0.054854
  0.33333  0.33333  0.00000    -4.2052738    -0.0464668     0.0000149     9    11      0.000001+i*     0.000002
  0.33333  0.33333  0.00000    -2.8912559    -0.0464668     0.0059779    10    11      0.000662+i*    -0.000056
  0.33333  0.33333  0.00000    -2.8912559     2.6619915     0.0111431    10    12      0.001234+i*    -0.000104
 -0.33333  0.33333  0.00000    -4.4620760    -0.0451223     0.0000683     9    11      0.000005+i*     0.000006
 -0.33333  0.33333  0.00000    -3.2688503    -0.0451223     0.0004596    10    11      0.000001+i*    -0.000051
 -0.33333  0.33333  0.00000    -3.2688503     2.6226298     0.0306160    10    12      0.000021+i*    -0.003402
 -0.33333  0.00000  0.00000    -4.5946561    -0.8328566     0.0000491     9    11     -0.000001+i*    -0.000005
 -0.33333  0.00000  0.00000    -2.8335705    -0.8328566     0.0840977    10    11      0.009313+i*    -0.000758
 -0.33333  0.00000  0.00000    -2.8335705     1.9685811     0.0908496    10    12      0.010061+i*    -0.000824
  0.00000 -0.33333  0.00000    -5.1496778    -1.5869842     0.0001077     9    11      0.000003+i*     0.000012
  0.00000 -0.33333  0.00000    -3.1203342    -1.5869842     0.5849326    10    11     -0.063391+i*     0.014339
  0.00000 -0.33333  0.00000    -3.1203342     1.1932086     2.1598240    10    12      0.234065+i*    -0.052955
  0.33333 -0.33333  0.00000    -4.4620760    -0.0451223     0.0000683     9    11      0.000002+i*    -0.000007
  0.33333 -0.33333  0.00000    -3.2688503    -0.0451223     0.0004596    10    11      0.000023+i*     0.000045
  0.33333 -0.33333  0.00000    -3.2688503     2.6226298     0.0306160    10    12      0.001508+i*     0.003049
 -0.33333 -0.33333  0.00000    -4.2052738    -0.0464668     0.0000149     9    11     -0.000000+i*    -0.000002
 -0.33333 -0.33333  0.00000    -2.8912559    -0.0464668     0.0059779    10    11      0.000620+i*    -0.000239
 -0.33333 -0.33333  0.00000    -2.8912559     2.6619915     0.0111431    10    12      0.001155+i*    -0.000446
     6BSE eigenvalue    0.94310854      IP-eigenvalue:    2.84478904
  0.00000  0.00000  0.00000    -6.0785256    -2.3708546     0.0000006     9    11      0.000000+i*     0.000000
  0.00000  0.00000  0.00000    -4.1241113    -2.3708546     3.0810441    10    11     -0.051820+i*    -0.338393
  0.00000  0.00000  0.00000    -4.1241113     0.4107230     5.5734704    10    12      0.091773+i*     0.612437
  0.33333  0.00000  0.00000    -4.5946561    -0.8328566     0.0000714     9    11     -0.000000+i*     0.000008
  0.33333  0.00000  0.00000    -2.8335705    -0.8328566     2.5396254    10    11      0.278206+i*    -0.047194
  0.33333  0.00000  0.00000    -2.8335705     1.9685811     2.5229072    10    12      0.276374+i*    -0.046886
  0.00000  0.33333  0.00000    -5.1496778    -1.5869842     0.0001200     9    11      0.000001+i*     0.000013
  0.00000  0.33333  0.00000    -3.1203342    -1.5869842     0.5981117    10    11     -0.066433+i*     0.001779
  0.00000  0.33333  0.00000    -3.1203342     1.1932086     2.6257998    10    12      0.291652+i*    -0.007789
  0.33333  0.33333  0.00000    -4.2052738    -0.0464668     0.0000708     9    11      0.000000+i*    -0.000008
  0.33333  0.33333  0.00000    -2.8912559    -0.0464668     0.0650166    10    11      0.007173+i*     0.000854
  0.33333  0.33333  0.00000    -2.8912559     2.6619915     0.3271129    10    12      0.036091+i*     0.004298
 -0.33333  0.33333  0.00000    -4.4620760    -0.0451223     0.0000149     9    11      0.000000+i*    -0.000002
 -0.33333  0.33333  0.00000    -3.2688503    -0.0451223     0.0372183    10    11      0.000919+i*    -0.004032
 -0.33333  0.33333  0.00000    -3.2688503     2.6226298     0.2046017    10    12     -0.004742+i*     0.022233
 -0.33333  0.00000  0.00000    -4.5946561    -0.8328566     0.0000714     9    11     -0.000000+i*    -0.000008
 -0.33333  0.00000  0.00000    -2.8335705    -0.8328566     2.5396254    10    11      0.280060+i*     0.034532
 -0.33333  0.00000  0.00000    -2.8335705     1.9685811     2.5229072    10    12      0.278216+i*     0.034308
  0.00000 -0.33333  0.00000    -5.1496778    -1.5869842     0.0001200     9    11      0.000000+i*    -0.000013
  0.00000 -0.33333  0.00000    -3.1203342    -1.5869842     0.5981117    10    11     -0.066445+i*     0.001235
  0.00000 -0.33333  0.00000    -3.1203342     1.1932086     2.6257998    10    12      0.291705+i*    -0.005443
  0.33333 -0.33333  0.00000    -4.4620760    -0.0451223     0.0000149     9    11      0.000000+i*     0.000002
  0.33333 -0.33333  0.00000    -3.2688503    -0.0451223     0.0372183    10    11      0.001101+i*     0.003986
  0.33333 -0.33333  0.00000    -3.2688503     2.6226298     0.2046017    10    12     -0.005745+i*    -0.021996
 -0.33333 -0.33333  0.00000    -4.2052738    -0.0464668     0.0000708     9    11      0.000001+i*     0.000008
 -0.33333 -0.33333  0.00000    -2.8912559    -0.0464668     0.0650166    10    11      0.007127+i*    -0.001179
 -0.33333 -0.33333  0.00000    -2.8912559     2.6619915     0.3271129    10    12      0.035859+i*    -0.005930
     7BSE eigenvalue    0.96312944      IP-eigenvalue:    2.84478904
  0.00000  0.00000  0.00000    -6.0785256    -2.3708546     0.0000243     9    11      0.000003+i*     0.000000
  0.00000  0.00000  0.00000    -4.1241113    -2.3708546     0.0004616    10    11     -0.000008+i*    -0.000051
  0.00000  0.00000  0.00000    -4.1241113     0.4107230     0.0009411    10    12      0.000015+i*     0.000103
  0.33333  0.00000  0.00000    -4.5946561    -0.8328566     0.0000045     9    11     -0.000001+i*     0.000000
  0.33333  0.00000  0.00000    -2.8335705    -0.8328566     5.0115227    10    11     -0.092318+i*    -0.549130
  0.33333  0.00000  0.00000    -2.8335705     1.9685811     3.8259319    10    12     -0.070477+i*    -0.419221
  0.00000  0.33333  0.00000    -5.1496778    -1.5869842     0.0001530     9    11      0.000017+i*    -0.000001
  0.00000  0.33333  0.00000    -3.1203342    -1.5869842     0.0282479    10    11      0.000067+i*     0.003138
  0.00000  0.33333  0.00000    -3.1203342     1.1932086     0.1455441    10    12     -0.000345+i*    -0.016168
  0.33333  0.33333  0.00000    -4.2052738    -0.0464668     0.0001938     9    11     -0.000022+i*     0.000001
  0.33333  0.33333  0.00000    -2.8912559    -0.0464668     0.1379819    10    11      0.001830+i*    -0.015222
  0.33333  0.33333  0.00000    -2.8912559     2.6619915     0.7084963    10    12      0.009397+i*    -0.078159
 -0.33333  0.33333  0.00000    -4.4620760    -0.0451223     0.0001335     9    11      0.000014+i*    -0.000006
 -0.33333  0.33333  0.00000    -3.2688503    -0.0451223     0.0777345    10    11      0.008418+i*     0.001935
 -0.33333  0.33333  0.00000    -3.2688503     2.6226298     0.4448087    10    12     -0.048317+i*    -0.010399
 -0.33333  0.00000  0.00000    -4.5946561    -0.8328566     0.0000045     9    11     -0.000001+i*    -0.000000
 -0.33333  0.00000  0.00000    -2.8335705    -0.8328566     5.0115227    10    11     -0.069196+i*     0.552520
 -0.33333  0.00000  0.00000    -2.8335705     1.9685811     3.8259319    10    12     -0.052825+i*     0.421809
  0.00000 -0.33333  0.00000    -5.1496778    -1.5869842     0.0001530     9    11      0.000017+i*     0.000001
  0.00000 -0.33333  0.00000    -3.1203342    -1.5869842     0.0282479    10    11     -0.000065+i*    -0.003138
  0.00000 -0.33333  0.00000    -3.1203342     1.1932086     0.1455441    10    12      0.000334+i*     0.016168
  0.33333 -0.33333  0.00000    -4.4620760    -0.0451223     0.0001335     9    11      0.000014+i*     0.000006
  0.33333 -0.33333  0.00000    -3.2688503    -0.0451223     0.0777345    10    11      0.008329+i*    -0.002287
  0.33333 -0.33333  0.00000    -3.2688503     2.6226298     0.4448087    10    12     -0.047838+i*     0.012417
 -0.33333 -0.33333  0.00000    -4.2052738    -0.0464668     0.0001938     9    11     -0.000022+i*     0.000000
 -0.33333 -0.33333  0.00000    -2.8912559    -0.0464668     0.1379819    10    11      0.002467+i*     0.015131
 -0.33333 -0.33333  0.00000    -2.8912559     2.6619915     0.7084963    10    12      0.012669+i*     0.077696
     8BSE eigenvalue    1.00186921      IP-eigenvalue:    3.22372795
  0.00000  0.00000  0.00000    -6.0785256    -2.3708546     0.0000003     9    11      0.000000+i*     0.000000
  0.00000  0.00000  0.00000    -4.1241113    -2.3708546     1.5798027    10    11      0.026381+i*     0.173540
  0.00000  0.00000  0.00000    -4.1241113     0.4107230     4.3426786    10    12     -0.070985+i*    -0.477270
  0.33333  0.00000  0.00000    -4.5946561    -0.8328566     0.0000245     9    11      0.000000+i*    -0.000003
  0.33333  0.00000  0.00000    -2.8335705    -0.8328566     5.0816622    10    11      0.556750+i*    -0.093996
  0.33333  0.00000  0.00000    -2.8335705     1.9685811     1.7157755    10    12      0.187982+i*    -0.031737
  0.00000  0.33333  0.00000    -5.1496778    -1.5869842     0.0000055     9    11      0.000001+i*    -0.000000
  0.00000  0.33333  0.00000    -3.1203342    -1.5869842     0.2152150    10    11      0.023905+i*    -0.000616
  0.00000  0.33333  0.00000    -3.1203342     1.1932086     0.9958915    10    12     -0.110618+i*     0.002846
  0.33333  0.33333  0.00000    -4.2052738    -0.0464668     0.0001089     9    11     -0.000000+i*    -0.000012
  0.33333  0.33333  0.00000    -2.8912559    -0.0464668     0.0569480    10    11      0.006283+i*     0.000752
  0.33333  0.33333  0.00000    -2.8912559     2.6619915     0.0653594    10    12      0.007210+i*     0.000865
 -0.33333  0.33333  0.00000    -4.4620760    -0.0451223     0.0001719     9    11     -0.000008+i*    -0.000017
 -0.33333  0.33333  0.00000    -3.2688503    -0.0451223     0.0416741    10    11      0.001034+i*    -0.004513
 -0.33333  0.33333  0.00000    -3.2688503     2.6226298     0.0902081    10    12     -0.002098+i*     0.009801
 -0.33333  0.00000  0.00000    -4.5946561    -0.8328566     0.0000245     9    11      0.000000+i*     0.000003
 -0.33333  0.00000  0.00000    -2.8335705    -0.8328566     5.0816622    10    11      0.560288+i*     0.069881
 -0.33333  0.00000  0.00000    -2.8335705     1.9685811     1.7157755    10    12      0.189176+i*     0.023594
  0.00000 -0.33333  0.00000    -5.1496778    -1.5869842     0.0000055     9    11      0.000001+i*     0.000000
  0.00000 -0.33333  0.00000    -3.1203342    -1.5869842     0.2152150    10    11      0.023909+i*    -0.000416
  0.00000 -0.33333  0.00000    -3.1203342     1.1932086     0.9958915    10    12     -0.110638+i*     0.001930
  0.33333 -0.33333  0.00000    -4.4620760    -0.0451223     0.0001719     9    11     -0.000008+i*     0.000017
  0.33333 -0.33333  0.00000    -3.2688503    -0.0451223     0.0416741    10    11      0.001228+i*     0.004465
  0.33333 -0.33333  0.00000    -3.2688503     2.6226298     0.0902081    10    12     -0.002519+i*    -0.009701
 -0.33333 -0.33333  0.00000    -4.2052738    -0.0464668     0.0001089     9    11      0.000000+i*     0.000012
 -0.33333 -0.33333  0.00000    -2.8912559    -0.0464668     0.0569480    10    11      0.006244+i*    -0.001022
 -0.33333 -0.33333  0.00000    -2.8912559     2.6619915     0.0653594    10    12      0.007166+i*    -0.001176
     9BSE eigenvalue    1.13970348      IP-eigenvalue:    3.22372795
  0.00000  0.00000  0.00000    -6.0785256    -2.3708546     0.0000311     9    11     -0.000003+i*     0.000000
  0.00000  0.00000  0.00000    -4.1241113    -2.3708546     0.0000506    10    11      0.000001+i*     0.000006
  0.00000  0.00000  0.00000    -4.1241113     0.4107230     0.0002136    10    12     -0.000003+i*    -0.000023
  0.33333  0.00000  0.00000    -4.5946561    -0.8328566     0.0000142     9    11      0.000002+i*    -0.000000
  0.33333  0.00000  0.00000    -2.8335705    -0.8328566     3.9205188    10    11     -0.072288+i*    -0.429573
  0.33333  0.00000  0.00000    -2.8335705     1.9685811     4.8549504    10    12      0.089516+i*     0.531960
  0.00000  0.33333  0.00000    -5.1496778    -1.5869842     0.0001264     9    11     -0.000014+i*     0.000001
  0.00000  0.33333  0.00000    -3.1203342    -1.5869842     0.0176579    10    11     -0.000048+i*    -0.001961
  0.00000  0.33333  0.00000    -3.1203342     1.1932086     0.1404988    10    12      0.000379+i*     0.015606
  0.33333  0.33333  0.00000    -4.2052738    -0.0464668     0.0000553     9    11      0.000006+i*    -0.000000
  0.33333  0.33333  0.00000    -2.8912559    -0.0464668     0.1233628    10    11     -0.001634+i*     0.013609
  0.33333  0.33333  0.00000    -2.8912559     2.6619915     1.0642734    10    12     -0.014106+i*     0.117408
 -0.33333  0.33333  0.00000    -4.4620760    -0.0451223     0.0000026     9    11      0.000000+i*    -0.000000
 -0.33333  0.33333  0.00000    -3.2688503    -0.0451223     0.0478204    10    11     -0.005178+i*    -0.001191
 -0.33333  0.33333  0.00000    -3.2688503     2.6226298     0.6235014    10    12      0.067726+i*     0.014583
 -0.33333  0.00000  0.00000    -4.5946561    -0.8328566     0.0000142     9    11      0.000002+i*    -0.000000
 -0.33333  0.00000  0.00000    -2.8335705    -0.8328566     3.9205188    10    11     -0.054196+i*     0.432229
 -0.33333  0.00000  0.00000    -2.8335705     1.9685811     4.8549504    10    12      0.067113+i*    -0.535248
  0.00000 -0.33333  0.00000    -5.1496778    -1.5869842     0.0001264     9    11     -0.000014+i*    -0.000000
  0.00000 -0.33333  0.00000    -3.1203342    -1.5869842     0.0176579    10    11      0.000034+i*     0.001962
  0.00000 -0.33333  0.00000    -3.1203342     1.1932086     0.1404988    10    12     -0.000276+i*    -0.015609
  0.33333 -0.33333  0.00000    -4.4620760    -0.0451223     0.0000026     9    11      0.000000+i*     0.000000
  0.33333 -0.33333  0.00000    -3.2688503    -0.0451223     0.0478204    10    11     -0.005124+i*     0.001408
  0.33333 -0.33333  0.00000    -3.2688503     2.6226298     0.6235014    10    12      0.067054+i*    -0.017412
 -0.33333 -0.33333  0.00000    -4.2052738    -0.0464668     0.0000553     9    11      0.000006+i*     0.000000
 -0.33333 -0.33333  0.00000    -2.8912559    -0.0464668     0.1233628    10    11     -0.002204+i*    -0.013529
 -0.33333 -0.33333  0.00000    -2.8912559     2.6619915     1.0642734    10    12     -0.019021+i*    -0.116713
    10BSE eigenvalue    1.19330050      IP-eigenvalue:    3.56269363
  0.00000  0.00000  0.00000    -6.0785256    -2.3708546     0.0000013     9    11     -0.000000+i*     0.000000
  0.00000  0.00000  0.00000    -4.1241113    -2.3708546     0.4528063    10    11     -0.007586+i*    -0.049737
  0.00000  0.00000  0.00000    -4.1241113     0.4107230     2.3126711    10    12      0.037930+i*     0.254149
  0.33333  0.00000  0.00000    -4.5946561    -0.8328566     0.0000159     9    11     -0.000000+i*    -0.000002
  0.33333  0.00000  0.00000    -2.8335705    -0.8328566     2.8550688    10    11      0.312773+i*    -0.052988
  0.33333  0.00000  0.00000    -2.8335705     1.9685811     5.3922998    10    12     -0.590727+i*     0.100078
  0.00000  0.33333  0.00000    -5.1496778    -1.5869842     0.0000279     9    11     -0.000001+i*    -0.000003
  0.00000  0.33333  0.00000    -3.1203342    -1.5869842     0.0186124    10    11      0.002067+i*    -0.000053
  0.00000  0.33333  0.00000    -3.1203342     1.1932086     0.1960293    10    12     -0.021774+i*     0.000559
  0.33333  0.33333  0.00000    -4.2052738    -0.0464668     0.0000022     9    11     -0.000000+i*     0.000000
  0.33333  0.33333  0.00000    -2.8912559    -0.0464668     0.0578944    10    11     -0.006387+i*    -0.000762
  0.33333  0.33333  0.00000    -2.8912559     2.6619915     0.5318017    10    12     -0.058674+i*    -0.006992
 -0.33333  0.33333  0.00000    -4.4620760    -0.0451223     0.0000821     9    11      0.000004+i*     0.000008
 -0.33333  0.33333  0.00000    -3.2688503    -0.0451223     0.0323342    10    11     -0.000801+i*     0.003502
 -0.33333  0.33333  0.00000    -3.2688503     2.6226298     0.4110474    10    12      0.009563+i*    -0.044659
 -0.33333  0.00000  0.00000    -4.5946561    -0.8328566     0.0000159     9    11      0.000000+i*     0.000002
 -0.33333  0.00000  0.00000    -2.8335705    -0.8328566     2.8550688    10    11      0.314808+i*     0.039125
 -0.33333  0.00000  0.00000    -2.8335705     1.9685811     5.3922998    10    12     -0.594570+i*    -0.073895
  0.00000 -0.33333  0.00000    -5.1496778    -1.5869842     0.0000279     9    11     -0.000000+i*     0.000003
  0.00000 -0.33333  0.00000    -3.1203342    -1.5869842     0.0186124    10    11      0.002068+i*    -0.000038
  0.00000 -0.33333  0.00000    -3.1203342     1.1932086     0.1960293    10    12     -0.021777+i*     0.000403
  0.33333 -0.33333  0.00000    -4.4620760    -0.0451223     0.0000821     9    11      0.000004+i*    -0.000008
  0.33333 -0.33333  0.00000    -3.2688503    -0.0451223     0.0323342    10    11     -0.000955+i*    -0.003463
  0.33333 -0.33333  0.00000    -3.2688503     2.6226298     0.4110474    10    12      0.011526+i*     0.044194
 -0.33333 -0.33333  0.00000    -4.2052738    -0.0464668     0.0000022     9    11     -0.000000+i*    -0.000000
 -0.33333 -0.33333  0.00000    -2.8912559    -0.0464668     0.0578944    10    11     -0.006348+i*     0.001043
 -0.33333 -0.33333  0.00000    -2.8912559     2.6619915     0.5318017    10    12     -0.058308+i*     0.009576
    11BSE eigenvalue    1.77661847      IP-eigenvalue:    3.56269363
  0.00000  0.00000  0.00000    -6.0785256    -2.3708546     0.0000010     9    11      0.000000+i*     0.000000
  0.00000  0.00000  0.00000    -4.1241113    -2.3708546     0.0071049    10    11     -0.000116+i*    -0.000781
  0.00000  0.00000  0.00000    -4.1241113     0.4107230     0.2068508    10    12      0.003318+i*     0.022743
  0.33333  0.00000  0.00000    -4.5946561    -0.8328566     0.0004251     9    11     -0.000001+i*    -0.000047
  0.33333  0.00000  0.00000    -2.8335705    -0.8328566     0.0026049    10    11      0.000286+i*    -0.000046
  0.33333  0.00000  0.00000    -2.8335705     1.9685811     0.5254533    10    12      0.057590+i*    -0.009597
  0.00000  0.33333  0.00000    -5.1496778    -1.5869842     0.0002985     9    11      0.000003+i*     0.000033
  0.00000  0.33333  0.00000    -3.1203342    -1.5869842     0.0039448    10    11     -0.000438+i*     0.000010
  0.00000  0.33333  0.00000    -3.1203342     1.1932086     0.0771422    10    12     -0.008569+i*     0.000216
  0.33333  0.33333  0.00000    -4.2052738    -0.0464668     0.0001218     9    11      0.000000+i*     0.000014
  0.33333  0.33333  0.00000    -2.8912559    -0.0464668     4.5306276    10    11     -0.499694+i*    -0.060994
  0.33333  0.33333  0.00000    -2.8912559     2.6619915     4.4334063    10    12     -0.488971+i*    -0.059686
 -0.33333  0.33333  0.00000    -4.4620760    -0.0451223     0.0002335     9    11      0.000011+i*     0.000024
 -0.33333  0.33333  0.00000    -3.2688503    -0.0451223     0.0235102    10    11      0.000590+i*    -0.002545
 -0.33333  0.33333  0.00000    -3.2688503     2.6226298     0.1194817    10    12     -0.002817+i*     0.012973
 -0.33333  0.00000  0.00000    -4.5946561    -0.8328566     0.0004251     9    11      0.000001+i*     0.000047
 -0.33333  0.00000  0.00000    -2.8335705    -0.8328566     0.0026049    10    11      0.000287+i*     0.000035
 -0.33333  0.00000  0.00000    -2.8335705     1.9685811     0.5254533    10    12      0.057910+i*     0.007425
  0.00000 -0.33333  0.00000    -5.1496778    -1.5869842     0.0002985     9    11      0.000001+i*    -0.000033
  0.00000 -0.33333  0.00000    -3.1203342    -1.5869842     0.0039448    10    11     -0.000438+i*     0.000007
  0.00000 -0.33333  0.00000    -3.1203342     1.1932086     0.0771422    10    12     -0.008571+i*     0.000106
  0.33333 -0.33333  0.00000    -4.4620760    -0.0451223     0.0002335     9    11      0.000010+i*    -0.000024
  0.33333 -0.33333  0.00000    -3.2688503    -0.0451223     0.0235102    10    11      0.000685+i*     0.002521
  0.33333 -0.33333  0.00000    -3.2688503     2.6226298     0.1194817    10    12     -0.003303+i*    -0.012858
 -0.33333 -0.33333  0.00000    -4.2052738    -0.0464668     0.0001218     9    11     -0.000000+i*    -0.000014
 -0.33333 -0.33333  0.00000    -2.8912559    -0.0464668     4.5306276    10    11     -0.497048+i*     0.079735
 -0.33333 -0.33333  0.00000    -2.8912559     2.6619915     4.4334063    10    12     -0.486382+i*     0.078026
    12BSE eigenvalue    1.78167747      IP-eigenvalue:    3.70767091
  0.00000  0.00000  0.00000    -6.0785256    -2.3708546     0.0001977     9    11      0.000022+i*     0.000000
  0.00000  0.00000  0.00000    -4.1241113    -2.3708546     0.0000020    10    11      0.000000+i*     0.000000
  0.00000  0.00000  0.00000    -4.1241113     0.4107230     0.0000704    10    12     -0.000001+i*    -0.000008
  0.33333  0.00000  0.00000    -4.5946561    -0.8328566     0.0000618     9    11      0.000007+i*    -0.000000
  0.33333  0.00000  0.00000    -2.8335705    -0.8328566     0.0438956    10    11      0.000809+i*     0.004810
  0.33333  0.00000  0.00000    -2.8335705     1.9685811     1.0307619    10    12     -0.019026+i*    -0.112938
  0.00000  0.33333  0.00000    -5.1496778    -1.5869842     0.0002556     9    11      0.000028+i*     0.000001
  0.00000  0.33333  0.00000    -3.1203342    -1.5869842     0.0105099    10    11     -0.000029+i*    -0.001167
  0.00000  0.33333  0.00000    -3.1203342     1.1932086     0.3748276    10    12      0.001043+i*     0.041634
  0.33333  0.33333  0.00000    -4.2052738    -0.0464668     0.0002563     9    11      0.000028+i*    -0.000001
  0.33333  0.33333  0.00000    -2.8912559    -0.0464668     4.5952481    10    11     -0.060776+i*     0.506953
  0.33333  0.33333  0.00000    -2.8912559     2.6619915     4.2635325    10    12     -0.056390+i*     0.470358
 -0.33333  0.33333  0.00000    -4.4620760    -0.0451223     0.0000099     9    11     -0.000001+i*     0.000000
 -0.33333  0.33333  0.00000    -3.2688503    -0.0451223     0.0093798    10    11     -0.001016+i*    -0.000232
 -0.33333  0.33333  0.00000    -3.2688503     2.6226298     0.0299085    10    12      0.003250+i*     0.000693
 -0.33333  0.00000  0.00000    -4.5946561    -0.8328566     0.0000618     9    11      0.000007+i*    -0.000000
 -0.33333  0.00000  0.00000    -2.8335705    -0.8328566     0.0438956    10    11      0.000607+i*    -0.004839
 -0.33333  0.00000  0.00000    -2.8335705     1.9685811     1.0307619    10    12     -0.014280+i*     0.113635
  0.00000 -0.33333  0.00000    -5.1496778    -1.5869842     0.0002556     9    11      0.000028+i*    -0.000002
  0.00000 -0.33333  0.00000    -3.1203342    -1.5869842     0.0105099    10    11      0.000020+i*     0.001168
  0.00000 -0.33333  0.00000    -3.1203342     1.1932086     0.3748276    10    12     -0.000701+i*    -0.041642
  0.33333 -0.33333  0.00000    -4.4620760    -0.0451223     0.0000099     9    11     -0.000001+i*    -0.000000
  0.33333 -0.33333  0.00000    -3.2688503    -0.0451223     0.0093798    10    11     -0.001005+i*     0.000275
  0.33333 -0.33333  0.00000    -3.2688503     2.6226298     0.0299085    10    12      0.003218+i*    -0.000828
 -0.33333 -0.33333  0.00000    -4.2052738    -0.0464668     0.0002563     9    11      0.000028+i*    -0.000001
 -0.33333 -0.33333  0.00000    -2.8912559    -0.0464668     4.5952481    10    11     -0.081948+i*    -0.503964
 -0.33333 -0.33333  0.00000    -2.8912559     2.6619915     4.2635325    10    12     -0.076034+i*    -0.467584
    13BSE eigenvalue    1.95944947      IP-eigenvalue:    3.76179942
  0.00000  0.00000  0.00000    -6.0785256    -2.3708546     0.0000019     9    11     -0.000000+i*     0.000000
  0.00000  0.00000  0.00000    -4.1241113    -2.3708546     0.0107931    10    11      0.000178+i*     0.001186
  0.00000  0.00000  0.00000    -4.1241113     0.4107230     0.1757266    10    12     -0.002834+i*    -0.019318
  0.33333  0.00000  0.00000    -4.5946561    -0.8328566     0.0000205     9    11     -0.000000+i*    -0.000002
  0.33333  0.00000  0.00000    -2.8335705    -0.8328566     0.0640057    10    11      0.007013+i*    -0.001182
  0.33333  0.00000  0.00000    -2.8335705     1.9685811     0.3904166    10    12     -0.042771+i*     0.007241
  0.00000  0.33333  0.00000    -5.1496778    -1.5869842     0.0003884     9    11     -0.000003+i*    -0.000043
  0.00000  0.33333  0.00000    -3.1203342    -1.5869842     0.0067955    10    11     -0.000755+i*     0.000020
  0.00000  0.33333  0.00000    -3.1203342     1.1932086     0.0671654    10    12      0.007460+i*    -0.000220
  0.33333  0.33333  0.00000    -4.2052738    -0.0464668     0.0000250     9    11     -0.000000+i*    -0.000003
  0.33333  0.33333  0.00000    -2.8912559    -0.0464668     4.4675660    10    11     -0.492835+i*    -0.059350
  0.33333  0.33333  0.00000    -2.8912559     2.6619915     4.5092359    10    12      0.497432+i*     0.059904
 -0.33333  0.33333  0.00000    -4.4620760    -0.0451223     0.0002284     9    11     -0.000010+i*    -0.000023
 -0.33333  0.33333  0.00000    -3.2688503    -0.0451223     0.0576664    10    11     -0.001434+i*     0.006245
 -0.33333  0.33333  0.00000    -3.2688503     2.6226298     0.1665589    10    12      0.003889+i*    -0.018093
 -0.33333  0.00000  0.00000    -4.5946561    -0.8328566     0.0000205     9    11      0.000000+i*     0.000002
 -0.33333  0.00000  0.00000    -2.8335705    -0.8328566     0.0640057    10    11      0.007054+i*     0.000906
 -0.33333  0.00000  0.00000    -2.8335705     1.9685811     0.3904166    10    12     -0.043022+i*    -0.005558
  0.00000 -0.33333  0.00000    -5.1496778    -1.5869842     0.0003884     9    11     -0.000002+i*     0.000043
  0.00000 -0.33333  0.00000    -3.1203342    -1.5869842     0.0067955    10    11     -0.000755+i*     0.000010
  0.00000 -0.33333  0.00000    -3.1203342     1.1932086     0.0671654    10    12      0.007462+i*    -0.000073
  0.33333 -0.33333  0.00000    -4.4620760    -0.0451223     0.0002284     9    11     -0.000010+i*     0.000024
  0.33333 -0.33333  0.00000    -3.2688503    -0.0451223     0.0576664    10    11     -0.001678+i*    -0.006184
  0.33333 -0.33333  0.00000    -3.2688503     2.6226298     0.1665589    10    12      0.004596+i*     0.017927
 -0.33333 -0.33333  0.00000    -4.2052738    -0.0464668     0.0000250     9    11      0.000000+i*     0.000003
 -0.33333 -0.33333  0.00000    -2.8912559    -0.0464668     4.4675660    10    11     -0.490128+i*     0.078636
 -0.33333 -0.33333  0.00000    -2.8912559     2.6619915     4.5092359    10    12      0.494700+i*    -0.079370
    14BSE eigenvalue    1.96066495      IP-eigenvalue:    3.76179942
  0.00000  0.00000  0.00000    -6.0785256    -2.3708546     0.0003274     9    11     -0.000036+i*     0.000000
  0.00000  0.00000  0.00000    -4.1241113    -2.3708546     0.0000126    10    11     -0.000000+i*    -0.000001
  0.00000  0.00000  0.00000    -4.1241113     0.4107230     0.0002025    10    12      0.000003+i*     0.000022
  0.33333  0.00000  0.00000    -4.5946561    -0.8328566     0.0006099     9    11     -0.000068+i*     0.000002
  0.33333  0.00000  0.00000    -2.8335705    -0.8328566     0.0939525    10    11     -0.001740+i*    -0.010293
  0.33333  0.00000  0.00000    -2.8335705     1.9685811     0.8350155    10    12      0.015446+i*     0.091485
  0.00000  0.33333  0.00000    -5.1496778    -1.5869842     0.0003366     9    11     -0.000037+i*    -0.000001
  0.00000  0.33333  0.00000    -3.1203342    -1.5869842     0.0167067    10    11      0.000048+i*     0.001856
  0.00000  0.33333  0.00000    -3.1203342     1.1932086     0.3146087    10    12     -0.000883+i*    -0.034945
  0.33333  0.33333  0.00000    -4.2052738    -0.0464668     0.0002008     9    11     -0.000022+i*     0.000001
  0.33333  0.33333  0.00000    -2.8912559    -0.0464668     4.3973113    10    11     -0.057763+i*     0.485164
  0.33333  0.33333  0.00000    -2.8912559     2.6619915     4.5073919    10    12      0.059212+i*    -0.497309
 -0.33333  0.33333  0.00000    -4.4620760    -0.0451223     0.0000099     9    11     -0.000001+i*     0.000001
 -0.33333  0.33333  0.00000    -3.2688503    -0.0451223     0.0690937    10    11      0.007484+i*     0.001713
 -0.33333  0.33333  0.00000    -3.2688503     2.6226298     0.1922523    10    12     -0.020888+i*    -0.004473
 -0.33333  0.00000  0.00000    -4.5946561    -0.8328566     0.0006099     9    11     -0.000068+i*     0.000001
 -0.33333  0.00000  0.00000    -2.8335705    -0.8328566     0.0939525    10    11     -0.001307+i*     0.010357
 -0.33333  0.00000  0.00000    -2.8335705     1.9685811     0.8350155    10    12      0.011601+i*    -0.092051
  0.00000 -0.33333  0.00000    -5.1496778    -1.5869842     0.0003366     9    11     -0.000037+i*     0.000003
  0.00000 -0.33333  0.00000    -3.1203342    -1.5869842     0.0167067    10    11     -0.000030+i*    -0.001856
  0.00000 -0.33333  0.00000    -3.1203342     1.1932086     0.3146087    10    12      0.000581+i*     0.034952
  0.33333 -0.33333  0.00000    -4.4620760    -0.0451223     0.0000099     9    11     -0.000001+i*    -0.000000
  0.33333 -0.33333  0.00000    -3.2688503    -0.0451223     0.0690937    10    11      0.007405+i*    -0.002025
  0.33333 -0.33333  0.00000    -3.2688503     2.6226298     0.1922523    10    12     -0.020682+i*     0.005344
 -0.33333 -0.33333  0.00000    -4.2052738    -0.0464668     0.0002008     9    11     -0.000022+i*     0.000000
 -0.33333 -0.33333  0.00000    -2.8912559    -0.0464668     4.3973113    10    11     -0.078030+i*    -0.482319
 -0.33333 -0.33333  0.00000    -2.8912559     2.6619915     4.5073919    10    12      0.079986+i*     0.494393
    15BSE eigenvalue    2.10436795      IP-eigenvalue:    4.15880699
  0.00000  0.00000  0.00000    -6.0785256    -2.3708546     0.0014387     9    11      0.000160+i*     0.000000
  0.00000  0.00000  0.00000    -4.1241113    -2.3708546     0.0000004    10    11      0.000000+i*     0.000000
  0.00000  0.00000  0.00000    -4.1241113     0.4107230     0.0000777    10    12     -0.000001+i*    -0.000009
  0.33333  0.00000  0.00000    -4.5946561    -0.8328566     0.0002422     9    11      0.000027+i*    -0.000001
  0.33333  0.00000  0.00000    -2.8335705    -0.8328566     0.0085077    10    11     -0.000157+i*    -0.000932
  0.33333  0.00000  0.00000    -2.8335705     1.9685811     0.6324497    10    12      0.011663+i*     0.069298
  0.00000  0.33333  0.00000    -5.1496778    -1.5869842     0.0006304     9    11      0.000070+i*    -0.000001
  0.00000  0.33333  0.00000    -3.1203342    -1.5869842     0.0038645    10    11     -0.000011+i*    -0.000429
  0.00000  0.33333  0.00000    -3.1203342     1.1932086     0.2558347    10    12      0.000708+i*     0.028417
  0.33333  0.33333  0.00000    -4.2052738    -0.0464668     0.0000588     9    11      0.000007+i*    -0.000000
  0.33333  0.33333  0.00000    -2.8912559    -0.0464668     0.0982974    10    11      0.001307+i*    -0.010844
  0.33333  0.33333  0.00000    -2.8912559     2.6619915     0.2809026    10    12     -0.003734+i*     0.030987
 -0.33333  0.33333  0.00000    -4.4620760    -0.0451223     0.0003711     9    11      0.000038+i*    -0.000016
 -0.33333  0.33333  0.00000    -3.2688503    -0.0451223     3.5590327    10    11      0.385372+i*     0.088701
 -0.33333  0.33333  0.00000    -3.2688503     2.6226298     5.2229479    10    12     -0.567312+i*    -0.122216
 -0.33333  0.00000  0.00000    -4.5946561    -0.8328566     0.0002422     9    11      0.000027+i*    -0.000000
 -0.33333  0.00000  0.00000    -2.8335705    -0.8328566     0.0085077    10    11     -0.000118+i*     0.000938
 -0.33333  0.00000  0.00000    -2.8335705     1.9685811     0.6324497    10    12      0.008749+i*    -0.069725
  0.00000 -0.33333  0.00000    -5.1496778    -1.5869842     0.0006304     9    11      0.000070+i*    -0.000002
  0.00000 -0.33333  0.00000    -3.1203342    -1.5869842     0.0038645    10    11      0.000007+i*     0.000429
  0.00000 -0.33333  0.00000    -3.1203342     1.1932086     0.2558347    10    12     -0.000484+i*    -0.028422
  0.33333 -0.33333  0.00000    -4.4620760    -0.0451223     0.0003711     9    11      0.000039+i*     0.000014
  0.33333 -0.33333  0.00000    -3.2688503    -0.0451223     3.5590327    10    11      0.381317+i*    -0.104770
  0.33333 -0.33333  0.00000    -3.2688503     2.6226298     5.2229479    10    12     -0.561693+i*     0.145879
 -0.33333 -0.33333  0.00000    -4.2052738    -0.0464668     0.0000588     9    11      0.000007+i*    -0.000000
 -0.33333 -0.33333  0.00000    -2.8912559    -0.0464668     0.0982974    10    11      0.001760+i*     0.010779
 -0.33333 -0.33333  0.00000    -2.8912559     2.6619915     0.2809026    10    12     -0.005029+i*    -0.030804
    16BSE eigenvalue    2.15731728      IP-eigenvalue:    4.15880699
  0.00000  0.00000  0.00000    -6.0785256    -2.3708546     0.0000476     9    11      0.000005+i*     0.000000
  0.00000  0.00000  0.00000    -4.1241113    -2.3708546     0.0016155    10    11      0.000027+i*     0.000177
  0.00000  0.00000  0.00000    -4.1241113     0.4107230     0.1520134    10    12     -0.002475+i*    -0.016708
  0.33333  0.00000  0.00000    -4.5946561    -0.8328566     0.0004856     9    11     -0.000001+i*    -0.000054
  0.33333  0.00000  0.00000    -2.8335705    -0.8328566     0.0107137    10    11     -0.001174+i*     0.000198
  0.33333  0.00000  0.00000    -2.8335705     1.9685811     0.4185302    10    12     -0.045858+i*     0.007722
  0.00000  0.33333  0.00000    -5.1496778    -1.5869842     0.0003974     9    11     -0.000001+i*    -0.000044
  0.00000  0.33333  0.00000    -3.1203342    -1.5869842     0.0014506    10    11      0.000161+i*    -0.000004
  0.00000  0.33333  0.00000    -3.1203342     1.1932086     0.1527167    10    12      0.016963+i*    -0.000423
  0.33333  0.33333  0.00000    -4.2052738    -0.0464668     0.0004111     9    11     -0.000001+i*    -0.000046
  0.33333  0.33333  0.00000    -2.8912559    -0.0464668     0.0460243    10    11     -0.005077+i*    -0.000612
  0.33333  0.33333  0.00000    -2.8912559     2.6619915     0.1337739    10    12      0.014757+i*     0.001779
 -0.33333  0.33333  0.00000    -4.4620760    -0.0451223     0.0000982     9    11     -0.000005+i*    -0.000009
 -0.33333  0.33333  0.00000    -3.2688503    -0.0451223     4.5847035    10    11      0.114226+i*    -0.496440
 -0.33333  0.33333  0.00000    -3.2688503     2.6226298     4.3875184    10    12     -0.102637+i*     0.476575
 -0.33333  0.00000  0.00000    -4.5946561    -0.8328566     0.0004856     9    11      0.000001+i*     0.000054
 -0.33333  0.00000  0.00000    -2.8335705    -0.8328566     0.0107137    10    11     -0.001181+i*    -0.000148
 -0.33333  0.00000  0.00000    -2.8335705     1.9685811     0.4185302    10    12     -0.046142+i*    -0.005788
  0.00000 -0.33333  0.00000    -5.1496778    -1.5869842     0.0003974     9    11      0.000001+i*     0.000044
  0.00000 -0.33333  0.00000    -3.1203342    -1.5869842     0.0014506    10    11      0.000161+i*    -0.000003
  0.00000 -0.33333  0.00000    -3.1203342     1.1932086     0.1527167    10    12      0.016966+i*    -0.000290
  0.33333 -0.33333  0.00000    -4.4620760    -0.0451223     0.0000982     9    11     -0.000005+i*     0.000010
  0.33333 -0.33333  0.00000    -3.2688503    -0.0451223     4.5847035    10    11      0.134994+i*     0.491199
  0.33333 -0.33333  0.00000    -3.2688503     2.6226298     4.3875184    10    12     -0.122580+i*    -0.471839
 -0.33333 -0.33333  0.00000    -4.2052738    -0.0464668     0.0004111     9    11      0.000001+i*     0.000046
 -0.33333 -0.33333  0.00000    -2.8912559    -0.0464668     0.0460243    10    11     -0.005047+i*     0.000825
 -0.33333 -0.33333  0.00000    -2.8912559     2.6619915     0.1337739    10    12      0.014669+i*    -0.002398
    17BSE eigenvalue    2.31617451      IP-eigenvalue:    4.31354279
  0.00000  0.00000  0.00000    -6.0785256    -2.3708546     0.0011491     9    11     -0.000128+i*     0.000000
  0.00000  0.00000  0.00000    -4.1241113    -2.3708546     0.0000013    10    11      0.000000+i*     0.000000
  0.00000  0.00000  0.00000    -4.1241113     0.4107230     0.0000385    10    12      0.000001+i*     0.000004
  0.33333  0.00000  0.00000    -4.5946561    -0.8328566     0.0009662     9    11     -0.000107+i*     0.000002
  0.33333  0.00000  0.00000    -2.8335705    -0.8328566     0.0452273    10    11      0.000834+i*     0.004956
  0.33333  0.00000  0.00000    -2.8335705     1.9685811     0.3396470    10    12     -0.006262+i*    -0.037215
  0.00000  0.33333  0.00000    -5.1496778    -1.5869842     0.0008003     9    11     -0.000089+i*     0.000001
  0.00000  0.33333  0.00000    -3.1203342    -1.5869842     0.0079282    10    11      0.000022+i*     0.000881
  0.00000  0.33333  0.00000    -3.1203342     1.1932086     0.1369480    10    12     -0.000379+i*    -0.015212
  0.33333  0.33333  0.00000    -4.2052738    -0.0464668     0.0000835     9    11     -0.000009+i*     0.000000
  0.33333  0.33333  0.00000    -2.8912559    -0.0464668     0.0198070    10    11     -0.000263+i*     0.002185
  0.33333  0.33333  0.00000    -2.8912559     2.6619915     0.1050985    10    12      0.001396+i*    -0.011594
 -0.33333  0.33333  0.00000    -4.4620760    -0.0451223     0.0002151     9    11     -0.000022+i*     0.000009
 -0.33333  0.33333  0.00000    -3.2688503    -0.0451223     5.2744237    10    11      0.571118+i*     0.131436
 -0.33333  0.33333  0.00000    -3.2688503     2.6226298     3.5401683    10    12      0.384533+i*     0.082828
 -0.33333  0.00000  0.00000    -4.5946561    -0.8328566     0.0009662     9    11     -0.000107+i*     0.000002
 -0.33333  0.00000  0.00000    -2.8335705    -0.8328566     0.0452273    10    11      0.000626+i*    -0.004986
 -0.33333  0.00000  0.00000    -2.8335705     1.9685811     0.3396470    10    12     -0.004697+i*     0.037445
  0.00000 -0.33333  0.00000    -5.1496778    -1.5869842     0.0008003     9    11     -0.000089+i*     0.000002
  0.00000 -0.33333  0.00000    -3.1203342    -1.5869842     0.0079282    10    11     -0.000015+i*    -0.000881
  0.00000 -0.33333  0.00000    -3.1203342     1.1932086     0.1369480    10    12      0.000258+i*     0.015214
  0.33333 -0.33333  0.00000    -4.4620760    -0.0451223     0.0002151     9    11     -0.000022+i*    -0.000008
  0.33333 -0.33333  0.00000    -3.2688503    -0.0451223     5.2744237    10    11      0.565109+i*    -0.155250
  0.33333 -0.33333  0.00000    -3.2688503     2.6226298     3.5401683    10    12      0.380724+i*    -0.098867
 -0.33333 -0.33333  0.00000    -4.2052738    -0.0464668     0.0000835     9    11     -0.000009+i*     0.000000
 -0.33333 -0.33333  0.00000    -2.8912559    -0.0464668     0.0198070    10    11     -0.000354+i*    -0.002172
 -0.33333 -0.33333  0.00000    -2.8912559     2.6619915     0.1050985    10    12      0.001881+i*     0.011525
    18BSE eigenvalue    2.34979679      IP-eigenvalue:    4.31354279
  0.00000  0.00000  0.00000    -6.0785256    -2.3708546     0.0000342     9    11     -0.000004+i*     0.000000
  0.00000  0.00000  0.00000    -4.1241113    -2.3708546     0.0055540    10    11     -0.000092+i*    -0.000610
  0.00000  0.00000  0.00000    -4.1241113     0.4107230     0.1335459    10    12      0.002176+i*     0.014678
  0.33333  0.00000  0.00000    -4.5946561    -0.8328566     0.0002504     9    11     -0.000001+i*    -0.000028
  0.33333  0.00000  0.00000    -2.8335705    -0.8328566     0.0382406    10    11     -0.004190+i*     0.000706
  0.33333  0.00000  0.00000    -2.8335705     1.9685811     0.3417268    10    12      0.037442+i*    -0.006307
  0.00000  0.33333  0.00000    -5.1496778    -1.5869842     0.0007020     9    11      0.000002+i*     0.000078
  0.00000  0.33333  0.00000    -3.1203342    -1.5869842     0.0064034    10    11      0.000711+i*    -0.000018
  0.00000  0.33333  0.00000    -3.1203342     1.1932086     0.1334653    10    12     -0.014825+i*     0.000372
  0.33333  0.33333  0.00000    -4.2052738    -0.0464668     0.0004526     9    11      0.000001+i*     0.000050
  0.33333  0.33333  0.00000    -2.8912559    -0.0464668     0.0118163    10    11      0.001304+i*     0.000157
  0.33333  0.33333  0.00000    -2.8912559     2.6619915     0.0659051    10    12     -0.007270+i*    -0.000876
 -0.33333  0.33333  0.00000    -4.4620760    -0.0451223     0.0000235     9    11      0.000002+i*     0.000002
 -0.33333  0.33333  0.00000    -3.2688503    -0.0451223     4.4126434    10    11      0.109894+i*    -0.477819
 -0.33333  0.33333  0.00000    -3.2688503     2.6226298     4.5693619    10    12      0.106844+i*    -0.496337
 -0.33333  0.00000  0.00000    -4.5946561    -0.8328566     0.0002504     9    11      0.000001+i*     0.000028
 -0.33333  0.00000  0.00000    -2.8335705    -0.8328566     0.0382406    10    11     -0.004216+i*    -0.000528
 -0.33333  0.00000  0.00000    -2.8335705     1.9685811     0.3417268    10    12      0.037675+i*     0.004722
  0.00000 -0.33333  0.00000    -5.1496778    -1.5869842     0.0007020     9    11     -0.000001+i*    -0.000078
  0.00000 -0.33333  0.00000    -3.1203342    -1.5869842     0.0064034    10    11      0.000711+i*    -0.000012
  0.00000 -0.33333  0.00000    -3.1203342     1.1932086     0.1334653    10    12     -0.014827+i*     0.000254
  0.33333 -0.33333  0.00000    -4.4620760    -0.0451223     0.0000235     9    11      0.000002+i*    -0.000002
  0.33333 -0.33333  0.00000    -3.2688503    -0.0451223     4.4126434    10    11      0.129946+i*     0.472760
  0.33333 -0.33333  0.00000    -3.2688503     2.6226298     4.5693619    10    12      0.127679+i*     0.491390
 -0.33333 -0.33333  0.00000    -4.2052738    -0.0464668     0.0004526     9    11     -0.000001+i*    -0.000050
 -0.33333 -0.33333  0.00000    -2.8912559    -0.0464668     0.0118163    10    11      0.001296+i*    -0.000212
 -0.33333 -0.33333  0.00000    -2.8912559     2.6619915     0.0659051    10    12     -0.007227+i*     0.001182
    19BSE eigenvalue    2.60656567      IP-eigenvalue:    4.41695368
  0.00000  0.00000  0.00000    -6.0785256    -2.3708546     0.7248083     9    11      0.080534+i*     0.000000
  0.00000  0.00000  0.00000    -4.1241113    -2.3708546     0.0000000    10    11     -0.000000+i*    -0.000000
  0.00000  0.00000  0.00000    -4.1241113     0.4107230     0.0000002    10    12     -0.000000+i*    -0.000000
  0.33333  0.00000  0.00000    -4.5946561    -0.8328566     0.0294131     9    11      0.003267+i*    -0.000068
  0.33333  0.00000  0.00000    -2.8335705    -0.8328566     0.0000423    10    11      0.000000+i*     0.000005
  0.33333  0.00000  0.00000    -2.8335705     1.9685811     0.0001622    10    12      0.000002+i*     0.000018
  0.00000  0.33333  0.00000    -5.1496778    -1.5869842     6.3431917     9    11      0.704645+i*    -0.014724
  0.00000  0.33333  0.00000    -3.1203342    -1.5869842     0.0000074    10    11      0.000000+i*     0.000001
  0.00000  0.33333  0.00000    -3.1203342     1.1932086     0.0000501    10    12     -0.000000+i*    -0.000006
  0.33333  0.33333  0.00000    -4.2052738    -0.0464668     0.0157545     9    11      0.001750+i*    -0.000037
  0.33333  0.33333  0.00000    -2.8912559    -0.0464668     0.0000735    10    11     -0.000001+i*     0.000008
  0.33333  0.33333  0.00000    -2.8912559     2.6619915     0.0004417    10    12      0.000009+i*    -0.000048
 -0.33333  0.33333  0.00000    -4.4620760    -0.0451223     0.0114107     9    11      0.001155+i*    -0.000524
 -0.33333  0.33333  0.00000    -3.2688503    -0.0451223     0.0003227    10    11      0.000035+i*     0.000008
 -0.33333  0.33333  0.00000    -3.2688503     2.6226298     0.0010796    10    12      0.000117+i*     0.000025
 -0.33333  0.00000  0.00000    -4.5946561    -0.8328566     0.0294131     9    11      0.003267+i*    -0.000069
 -0.33333  0.00000  0.00000    -2.8335705    -0.8328566     0.0000423    10    11      0.000000+i*    -0.000005
 -0.33333  0.00000  0.00000    -2.8335705     1.9685811     0.0001622    10    12      0.000001+i*    -0.000018
  0.00000 -0.33333  0.00000    -5.1496778    -1.5869842     6.3431917     9    11      0.704643+i*    -0.014816
  0.00000 -0.33333  0.00000    -3.1203342    -1.5869842     0.0000074    10    11     -0.000000+i*    -0.000001
  0.00000 -0.33333  0.00000    -3.1203342     1.1932086     0.0000501    10    12      0.000000+i*     0.000006
  0.33333 -0.33333  0.00000    -4.4620760    -0.0451223     0.0114107     9    11      0.001175+i*     0.000475
  0.33333 -0.33333  0.00000    -3.2688503    -0.0451223     0.0003227    10    11      0.000035+i*    -0.000010
  0.33333 -0.33333  0.00000    -3.2688503     2.6226298     0.0010796    10    12      0.000116+i*    -0.000030
 -0.33333 -0.33333  0.00000    -4.2052738    -0.0464668     0.0157545     9    11      0.001750+i*    -0.000037
 -0.33333 -0.33333  0.00000    -2.8912559    -0.0464668     0.0000735    10    11     -0.000002+i*    -0.000008
 -0.33333 -0.33333  0.00000    -2.8912559     2.6619915     0.0004417    10    12      0.000011+i*     0.000048
    20BSE eigenvalue    2.60757428      IP-eigenvalue:    4.41695368
  0.00000  0.00000  0.00000    -6.0785256    -2.3708546     0.0000007     9    11      0.000000+i*     0.000000
  0.00000  0.00000  0.00000    -4.1241113    -2.3708546     0.0002866    10    11      0.000005+i*     0.000031
  0.00000  0.00000  0.00000    -4.1241113     0.4107230     0.0001575    10    12      0.000003+i*     0.000017
  0.33333  0.00000  0.00000    -4.5946561    -0.8328566     0.0000845     9    11     -0.000000+i*     0.000009
  0.33333  0.00000  0.00000    -2.8335705    -0.8328566     0.0000104    10    11     -0.000001+i*    -0.000000
  0.33333  0.00000  0.00000    -2.8335705     1.9685811     0.0001128    10    12     -0.000012+i*     0.000001
  0.00000  0.33333  0.00000    -5.1496778    -1.5869842     6.3639149     9    11      0.014764+i*     0.706947
  0.00000  0.33333  0.00000    -3.1203342    -1.5869842     0.0000459    10    11     -0.000005+i*     0.000000
  0.00000  0.33333  0.00000    -3.1203342     1.1932086     0.0003012    10    12     -0.000033+i*     0.000001
  0.33333  0.33333  0.00000    -4.2052738    -0.0464668     0.0203151     9    11      0.000047+i*     0.002257
  0.33333  0.33333  0.00000    -2.8912559    -0.0464668     0.0000634    10    11     -0.000007+i*    -0.000001
  0.33333  0.33333  0.00000    -2.8912559     2.6619915     0.0005095    10    12      0.000056+i*     0.000004
 -0.33333  0.33333  0.00000    -4.4620760    -0.0451223     0.0131837     9    11      0.000605+i*     0.001334
 -0.33333  0.33333  0.00000    -3.2688503    -0.0451223     0.0002039    10    11     -0.000005+i*     0.000022
 -0.33333  0.33333  0.00000    -3.2688503     2.6226298     0.0007779    10    12     -0.000018+i*     0.000085
 -0.33333  0.00000  0.00000    -4.5946561    -0.8328566     0.0000845     9    11     -0.000000+i*    -0.000009
 -0.33333  0.00000  0.00000    -2.8335705    -0.8328566     0.0000104    10    11     -0.000001+i*     0.000000
 -0.33333  0.00000  0.00000    -2.8335705     1.9685811     0.0001128    10    12     -0.000012+i*    -0.000001
  0.00000 -0.33333  0.00000    -5.1496778    -1.5869842     6.3639149     9    11     -0.014857+i*    -0.706946
  0.00000 -0.33333  0.00000    -3.1203342    -1.5869842     0.0000459    10    11     -0.000005+i*     0.000000
  0.00000 -0.33333  0.00000    -3.1203342     1.1932086     0.0003012    10    12     -0.000033+i*     0.000001
  0.33333 -0.33333  0.00000    -4.4620760    -0.0451223     0.0131837     9    11      0.000549+i*    -0.001358
  0.33333 -0.33333  0.00000    -3.2688503    -0.0451223     0.0002039    10    11     -0.000006+i*    -0.000022
  0.33333 -0.33333  0.00000    -3.2688503     2.6226298     0.0007779    10    12     -0.000021+i*    -0.000084
 -0.33333 -0.33333  0.00000    -4.2052738    -0.0464668     0.0203151     9    11     -0.000047+i*    -0.002257
 -0.33333 -0.33333  0.00000    -2.8912559    -0.0464668     0.0000634    10    11     -0.000007+i*     0.000001
 -0.33333 -0.33333  0.00000    -2.8912559     2.6619915     0.0005095    10    12      0.000056+i*    -0.000006
    21BSE eigenvalue    2.75310940      IP-eigenvalue:    4.53483427
  0.00000  0.00000  0.00000    -6.0785256    -2.3708546     8.9625399     9    11     -0.995838+i*     0.000000
  0.00000  0.00000  0.00000    -4.1241113    -2.3708546     0.0000001    10    11      0.000000+i*     0.000000
  0.00000  0.00000  0.00000    -4.1241113     0.4107230     0.0000011    10    12     -0.000000+i*    -0.000000
  0.33333  0.00000  0.00000    -4.5946561    -0.8328566     0.2697629     9    11     -0.029967+i*     0.000624
  0.33333  0.00000  0.00000    -2.8335705    -0.8328566     0.0000016    10    11      0.000000+i*     0.000000
  0.33333  0.00000  0.00000    -2.8335705     1.9685811     0.0000807    10    12      0.000001+i*     0.000009
  0.00000  0.33333  0.00000    -5.1496778    -1.5869842     0.5133427     9    11      0.057026+i*    -0.001192
  0.00000  0.33333  0.00000    -3.1203342    -1.5869842     0.0002057    10    11      0.000001+i*     0.000023
  0.00000  0.33333  0.00000    -3.1203342     1.1932086     0.0000235    10    12      0.000000+i*    -0.000003
  0.33333  0.33333  0.00000    -4.2052738    -0.0464668     0.0103265     9    11     -0.001147+i*     0.000024
  0.33333  0.33333  0.00000    -2.8912559    -0.0464668     0.0000879    10    11      0.000001+i*    -0.000010
  0.33333  0.33333  0.00000    -2.8912559     2.6619915     0.0003067    10    12     -0.000004+i*     0.000034
 -0.33333  0.33333  0.00000    -4.4620760    -0.0451223     0.0062125     9    11     -0.000629+i*     0.000285
 -0.33333  0.33333  0.00000    -3.2688503    -0.0451223     0.0001098    10    11     -0.000012+i*    -0.000004
 -0.33333  0.33333  0.00000    -3.2688503     2.6226298     0.0012342    10    12     -0.000135+i*    -0.000024
 -0.33333  0.00000  0.00000    -4.5946561    -0.8328566     0.2697629     9    11     -0.029967+i*     0.000633
 -0.33333  0.00000  0.00000    -2.8335705    -0.8328566     0.0000016    10    11     -0.000000+i*    -0.000000
 -0.33333  0.00000  0.00000    -2.8335705     1.9685811     0.0000807    10    12      0.000001+i*    -0.000009
  0.00000 -0.33333  0.00000    -5.1496778    -1.5869842     0.5133427     9    11      0.057025+i*    -0.001199
  0.00000 -0.33333  0.00000    -3.1203342    -1.5869842     0.0002057    10    11     -0.000000+i*    -0.000023
  0.00000 -0.33333  0.00000    -3.1203342     1.1932086     0.0000235    10    12      0.000000+i*     0.000003
  0.33333 -0.33333  0.00000    -4.4620760    -0.0451223     0.0062125     9    11     -0.000640+i*    -0.000259
  0.33333 -0.33333  0.00000    -3.2688503    -0.0451223     0.0001098    10    11     -0.000012+i*     0.000004
  0.33333 -0.33333  0.00000    -3.2688503     2.6226298     0.0012342    10    12     -0.000134+i*     0.000030
 -0.33333 -0.33333  0.00000    -4.2052738    -0.0464668     0.0103265     9    11     -0.001147+i*     0.000024
 -0.33333 -0.33333  0.00000    -2.8912559    -0.0464668     0.0000879    10    11      0.000002+i*     0.000010
 -0.33333 -0.33333  0.00000    -2.8912559     2.6619915     0.0003067    10    12     -0.000005+i*    -0.000034
    22BSE eigenvalue    2.80665074      IP-eigenvalue:    4.80215164
  0.00000  0.00000  0.00000    -6.0785256    -2.3708546     0.0000004     9    11     -0.000000+i*     0.000000
  0.00000  0.00000  0.00000    -4.1241113    -2.3708546     0.0000008    10    11     -0.000000+i*    -0.000000
  0.00000  0.00000  0.00000    -4.1241113     0.4107230     0.0000094    10    12      0.000000+i*     0.000001
  0.33333  0.00000  0.00000    -4.5946561    -0.8328566     6.3619867     9    11     -0.015015+i*    -0.706728
  0.33333  0.00000  0.00000    -2.8335705    -0.8328566     0.0000006    10    11     -0.000000+i*     0.000000
  0.33333  0.00000  0.00000    -2.8335705     1.9685811     0.0000027    10    12      0.000000+i*    -0.000000
  0.00000  0.33333  0.00000    -5.1496778    -1.5869842     0.0003571     9    11      0.000001+i*     0.000040
  0.00000  0.33333  0.00000    -3.1203342    -1.5869842     0.0000312    10    11      0.000003+i*    -0.000000
  0.00000  0.33333  0.00000    -3.1203342     1.1932086     0.0001434    10    12      0.000016+i*    -0.000001
  0.33333  0.33333  0.00000    -4.2052738    -0.0464668     0.1370651     9    11     -0.000325+i*    -0.015226
  0.33333  0.33333  0.00000    -2.8912559    -0.0464668     0.0003187    10    11      0.000035+i*     0.000004
  0.33333  0.33333  0.00000    -2.8912559     2.6619915     0.0002753    10    12      0.000030+i*     0.000003
 -0.33333  0.33333  0.00000    -4.4620760    -0.0451223     0.0796075     9    11      0.003659+i*     0.008053
 -0.33333  0.33333  0.00000    -3.2688503    -0.0451223     0.0005239    10    11     -0.000013+i*     0.000057
 -0.33333  0.33333  0.00000    -3.2688503     2.6226298     0.0001774    10    12      0.000004+i*    -0.000019
 -0.33333  0.00000  0.00000    -4.5946561    -0.8328566     6.3619867     9    11      0.015228+i*     0.706723
 -0.33333  0.00000  0.00000    -2.8335705    -0.8328566     0.0000006    10    11     -0.000000+i*    -0.000000
 -0.33333  0.00000  0.00000    -2.8335705     1.9685811     0.0000027    10    12      0.000000+i*     0.000000
  0.00000 -0.33333  0.00000    -5.1496778    -1.5869842     0.0003571     9    11     -0.000001+i*    -0.000040
  0.00000 -0.33333  0.00000    -3.1203342    -1.5869842     0.0000312    10    11      0.000003+i*     0.000000
  0.00000 -0.33333  0.00000    -3.1203342     1.1932086     0.0001434    10    12      0.000016+i*     0.000000
  0.33333 -0.33333  0.00000    -4.4620760    -0.0451223     0.0796075     9    11      0.003311+i*    -0.008202
  0.33333 -0.33333  0.00000    -3.2688503    -0.0451223     0.0005239    10    11     -0.000015+i*    -0.000056
  0.33333 -0.33333  0.00000    -3.2688503     2.6226298     0.0001774    10    12      0.000005+i*     0.000019
 -0.33333 -0.33333  0.00000    -4.2052738    -0.0464668     0.1370651     9    11      0.000326+i*     0.015226
 -0.33333 -0.33333  0.00000    -2.8912559    -0.0464668     0.0003187    10    11      0.000035+i*    -0.000006
 -0.33333 -0.33333  0.00000    -2.8912559     2.6619915     0.0002753    10    12      0.000030+i*    -0.000005
    23BSE eigenvalue    2.80720349      IP-eigenvalue:    4.80215164
  0.00000  0.00000  0.00000    -6.0785256    -2.3708546     0.3839586     9    11      0.042662+i*     0.000000
  0.00000  0.00000  0.00000    -4.1241113    -2.3708546     0.0000000    10    11      0.000000+i*     0.000000
  0.00000  0.00000  0.00000    -4.1241113     0.4107230     0.0000003    10    12     -0.000000+i*    -0.000000
  0.33333  0.00000  0.00000    -4.5946561    -0.8328566     6.3564244     9    11     -0.706117+i*     0.014694
  0.33333  0.00000  0.00000    -2.8335705    -0.8328566     0.0000001    10    11      0.000000+i*     0.000000
  0.33333  0.00000  0.00000    -2.8335705     1.9685811     0.0000045    10    12      0.000000+i*     0.000000
  0.00000  0.33333  0.00000    -5.1496778    -1.5869842     0.0079917     9    11      0.000888+i*    -0.000019
  0.00000  0.33333  0.00000    -3.1203342    -1.5869842     0.0000104    10    11     -0.000000+i*    -0.000001
  0.00000  0.33333  0.00000    -3.1203342     1.1932086     0.0002493    10    12     -0.000001+i*    -0.000028
  0.33333  0.33333  0.00000    -4.2052738    -0.0464668     0.1282651     9    11     -0.014249+i*     0.000298
  0.33333  0.33333  0.00000    -2.8912559    -0.0464668     0.0003759    10    11      0.000005+i*    -0.000041
  0.33333  0.33333  0.00000    -2.8912559     2.6619915     0.0005216    10    12     -0.000007+i*     0.000058
 -0.33333  0.33333  0.00000    -4.4620760    -0.0451223     0.0750975     9    11     -0.007598+i*     0.003448
 -0.33333  0.33333  0.00000    -3.2688503    -0.0451223     0.0006658    10    11     -0.000072+i*    -0.000017
 -0.33333  0.33333  0.00000    -3.2688503     2.6226298     0.0006780    10    12     -0.000074+i*    -0.000016
 -0.33333  0.00000  0.00000    -4.5946561    -0.8328566     6.3564244     9    11     -0.706112+i*     0.014907
 -0.33333  0.00000  0.00000    -2.8335705    -0.8328566     0.0000001    10    11      0.000000+i*    -0.000000
 -0.33333  0.00000  0.00000    -2.8335705     1.9685811     0.0000045    10    12      0.000000+i*    -0.000000
  0.00000 -0.33333  0.00000    -5.1496778    -1.5869842     0.0079917     9    11      0.000888+i*    -0.000018
  0.00000 -0.33333  0.00000    -3.1203342    -1.5869842     0.0000104    10    11     -0.000000+i*     0.000001
  0.00000 -0.33333  0.00000    -3.1203342     1.1932086     0.0002493    10    12     -0.000000+i*     0.000028
  0.33333 -0.33333  0.00000    -4.4620760    -0.0451223     0.0750975     9    11     -0.007736+i*    -0.003127
  0.33333 -0.33333  0.00000    -3.2688503    -0.0451223     0.0006658    10    11     -0.000071+i*     0.000020
  0.33333 -0.33333  0.00000    -3.2688503     2.6226298     0.0006780    10    12     -0.000073+i*     0.000019
 -0.33333 -0.33333  0.00000    -4.2052738    -0.0464668     0.1282651     9    11     -0.014249+i*     0.000299
 -0.33333 -0.33333  0.00000    -2.8912559    -0.0464668     0.0003759    10    11      0.000007+i*     0.000041
 -0.33333 -0.33333  0.00000    -2.8912559     2.6619915     0.0005216    10    12     -0.000009+i*    -0.000057
    24BSE eigenvalue    3.20282231      IP-eigenvalue:    5.55324738
  0.00000  0.00000  0.00000    -6.0785256    -2.3708546     0.0000000     9    11      0.000000+i*     0.000000
  0.00000  0.00000  0.00000    -4.1241113    -2.3708546     0.0000183    10    11     -0.000000+i*    -0.000002
  0.00000  0.00000  0.00000    -4.1241113     0.4107230     0.0000849    10    12     -0.000001+i*    -0.000009
  0.33333  0.00000  0.00000    -4.5946561    -0.8328566     0.1370923     9    11      0.000259+i*     0.015230
  0.33333  0.00000  0.00000    -2.8335705    -0.8328566     0.0001235    10    11     -0.000014+i*     0.000002
  0.33333  0.00000  0.00000    -2.8335705     1.9685811     0.0000286    10    12     -0.000003+i*     0.000000
  0.00000  0.33333  0.00000    -5.1496778    -1.5869842     0.0203061     9    11      0.000038+i*     0.002256
  0.00000  0.33333  0.00000    -3.1203342    -1.5869842     0.0000056    10    11     -0.000001+i*     0.000000
  0.00000  0.33333  0.00000    -3.1203342     1.1932086     0.0001151    10    12      0.000013+i*    -0.000001
  0.33333  0.33333  0.00000    -4.2052738    -0.0464668     6.3624517     9    11     -0.012102+i*    -0.706835
  0.33333  0.33333  0.00000    -2.8912559    -0.0464668     0.0000751    10    11     -0.000008+i*    -0.000001
  0.33333  0.33333  0.00000    -2.8912559     2.6619915     0.0001335    10    12     -0.000015+i*    -0.000002
 -0.33333  0.33333  0.00000    -4.4620760    -0.0451223     0.0012781     9    11      0.000058+i*     0.000130
 -0.33333  0.33333  0.00000    -3.2688503    -0.0451223     0.0000270    10    11      0.000001+i*    -0.000003
 -0.33333  0.33333  0.00000    -3.2688503     2.6226298     0.0006126    10    12      0.000015+i*    -0.000066
 -0.33333  0.00000  0.00000    -4.5946561    -0.8328566     0.1370923     9    11     -0.000263+i*    -0.015230
 -0.33333  0.00000  0.00000    -2.8335705    -0.8328566     0.0001235    10    11     -0.000014+i*    -0.000002
 -0.33333  0.00000  0.00000    -2.8335705     1.9685811     0.0000286    10    12     -0.000003+i*    -0.000000
  0.00000 -0.33333  0.00000    -5.1496778    -1.5869842     0.0203061     9    11     -0.000039+i*    -0.002256
  0.00000 -0.33333  0.00000    -3.1203342    -1.5869842     0.0000056    10    11     -0.000001+i*    -0.000000
  0.00000 -0.33333  0.00000    -3.1203342     1.1932086     0.0001151    10    12      0.000013+i*     0.000001
  0.33333 -0.33333  0.00000    -4.4620760    -0.0451223     0.0012781     9    11      0.000054+i*    -0.000131
  0.33333 -0.33333  0.00000    -3.2688503    -0.0451223     0.0000270    10    11      0.000001+i*     0.000003
  0.33333 -0.33333  0.00000    -3.2688503     2.6226298     0.0006126    10    12      0.000017+i*     0.000066
 -0.33333 -0.33333  0.00000    -4.2052738    -0.0464668     6.3624517     9    11      0.012138+i*     0.706835
 -0.33333 -0.33333  0.00000    -2.8912559    -0.0464668     0.0000751    10    11     -0.000008+i*     0.000001
 -0.33333 -0.33333  0.00000    -2.8912559     2.6619915     0.0001335    10    12     -0.000015+i*     0.000002
    25BSE eigenvalue    3.20325175      IP-eigenvalue:    5.55324738
  0.00000  0.00000  0.00000    -6.0785256    -2.3708546     0.0085949     9    11     -0.000955+i*     0.000000
  0.00000  0.00000  0.00000    -4.1241113    -2.3708546     0.0000000    10    11      0.000000+i*     0.000000
  0.00000  0.00000  0.00000    -4.1241113     0.4107230     0.0000007    10    12     -0.000000+i*    -0.000000
  0.33333  0.00000  0.00000    -4.5946561    -0.8328566     0.1285729     9    11     -0.014283+i*     0.000297
  0.33333  0.00000  0.00000    -2.8335705    -0.8328566     0.0001234    10    11     -0.000002+i*    -0.000014
  0.33333  0.00000  0.00000    -2.8335705     1.9685811     0.0001034    10    12     -0.000002+i*    -0.000011
  0.00000  0.33333  0.00000    -5.1496778    -1.5869842     0.0147010     9    11     -0.001633+i*     0.000034
  0.00000  0.33333  0.00000    -3.1203342    -1.5869842     0.0000077    10    11     -0.000000+i*    -0.000001
  0.00000  0.33333  0.00000    -3.1203342     1.1932086     0.0000610    10    12     -0.000001+i*     0.000007
  0.33333  0.33333  0.00000    -4.2052738    -0.0464668     6.3626370     9    11      0.706805+i*    -0.014797
  0.33333  0.33333  0.00000    -2.8912559    -0.0464668     0.0000592    10    11      0.000001+i*    -0.000007
  0.33333  0.33333  0.00000    -2.8912559     2.6619915     0.0003451    10    12      0.000005+i*    -0.000038
 -0.33333  0.33333  0.00000    -4.4620760    -0.0451223     0.0081011     9    11     -0.000820+i*     0.000372
 -0.33333  0.33333  0.00000    -3.2688503    -0.0451223     0.0000270    10    11      0.000003+i*     0.000001
 -0.33333  0.33333  0.00000    -3.2688503     2.6226298     0.0000537    10    12      0.000006+i*     0.000001
 -0.33333  0.00000  0.00000    -4.5946561    -0.8328566     0.1285729     9    11     -0.014283+i*     0.000302
 -0.33333  0.00000  0.00000    -2.8335705    -0.8328566     0.0001234    10    11     -0.000002+i*     0.000014
 -0.33333  0.00000  0.00000    -2.8335705     1.9685811     0.0001034    10    12     -0.000002+i*     0.000011
  0.00000 -0.33333  0.00000    -5.1496778    -1.5869842     0.0147010     9    11     -0.001633+i*     0.000034
  0.00000 -0.33333  0.00000    -3.1203342    -1.5869842     0.0000077    10    11      0.000000+i*     0.000001
  0.00000 -0.33333  0.00000    -3.1203342     1.1932086     0.0000610    10    12     -0.000001+i*    -0.000007
  0.33333 -0.33333  0.00000    -4.4620760    -0.0451223     0.0081011     9    11     -0.000835+i*    -0.000337
  0.33333 -0.33333  0.00000    -3.2688503    -0.0451223     0.0000270    10    11      0.000003+i*    -0.000001
  0.33333 -0.33333  0.00000    -3.2688503     2.6226298     0.0000537    10    12      0.000006+i*    -0.000001
 -0.33333 -0.33333  0.00000    -4.2052738    -0.0464668     6.3626370     9    11      0.706804+i*    -0.014833
 -0.33333 -0.33333  0.00000    -2.8912559    -0.0464668     0.0000592    10    11      0.000001+i*     0.000006
 -0.33333 -0.33333  0.00000    -2.8912559     2.6619915     0.0003451    10    12      0.000006+i*     0.000038
    26BSE eigenvalue    3.46230705      IP-eigenvalue:    5.89148012
  0.00000  0.00000  0.00000    -6.0785256    -2.3708546     0.0000030     9    11     -0.000000+i*     0.000000
  0.00000  0.00000  0.00000    -4.1241113    -2.3708546     0.0000326    10    11      0.000001+i*     0.000004
  0.00000  0.00000  0.00000    -4.1241113     0.4107230     0.0001399    10    12      0.000002+i*     0.000015
  0.33333  0.00000  0.00000    -4.5946561    -0.8328566     0.0795615     9    11     -0.000186+i*    -0.008838
  0.33333  0.00000  0.00000    -2.8335705    -0.8328566     0.0001090    10    11     -0.000012+i*     0.000002
  0.33333  0.00000  0.00000    -2.8335705     1.9685811     0.0000888    10    12     -0.000010+i*     0.000002
  0.00000  0.33333  0.00000    -5.1496778    -1.5869842     0.0131932     9    11      0.000030+i*     0.001466
  0.00000  0.33333  0.00000    -3.1203342    -1.5869842     0.0000009    10    11     -0.000000+i*    -0.000000
  0.00000  0.33333  0.00000    -3.1203342     1.1932086     0.0000793    10    12      0.000009+i*    -0.000000
  0.33333  0.33333  0.00000    -4.2052738    -0.0464668     0.0029505     9    11     -0.000007+i*    -0.000328
  0.33333  0.33333  0.00000    -2.8912559    -0.0464668     0.0000039    10    11     -0.000000+i*    -0.000000
  0.33333  0.33333  0.00000    -2.8912559     2.6619915     0.0003340    10    12     -0.000037+i*    -0.000004
 -0.33333  0.33333  0.00000    -4.4620760    -0.0451223     6.3634493     9    11     -0.292025+i*    -0.643926
 -0.33333  0.33333  0.00000    -3.2688503    -0.0451223     0.0000615    10    11     -0.000001+i*     0.000007
 -0.33333  0.33333  0.00000    -3.2688503     2.6226298     0.0000852    10    12      0.000001+i*    -0.000009
 -0.33333  0.00000  0.00000    -4.5946561    -0.8328566     0.0795615     9    11      0.000185+i*     0.008838
 -0.33333  0.00000  0.00000    -2.8335705    -0.8328566     0.0001090    10    11     -0.000012+i*    -0.000002
 -0.33333  0.00000  0.00000    -2.8335705     1.9685811     0.0000888    10    12     -0.000010+i*    -0.000001
  0.00000 -0.33333  0.00000    -5.1496778    -1.5869842     0.0131932     9    11     -0.000031+i*    -0.001466
  0.00000 -0.33333  0.00000    -3.1203342    -1.5869842     0.0000009    10    11     -0.000000+i*     0.000000
  0.00000 -0.33333  0.00000    -3.1203342     1.1932086     0.0000793    10    12      0.000009+i*    -0.000000
  0.33333 -0.33333  0.00000    -4.4620760    -0.0451223     6.3634493     9    11     -0.264747+i*     0.655613
  0.33333 -0.33333  0.00000    -3.2688503    -0.0451223     0.0000615    10    11     -0.000002+i*    -0.000007
  0.33333 -0.33333  0.00000    -3.2688503     2.6226298     0.0000852    10    12      0.000001+i*     0.000009
 -0.33333 -0.33333  0.00000    -4.2052738    -0.0464668     0.0029505     9    11      0.000007+i*     0.000328
 -0.33333 -0.33333  0.00000    -2.8912559    -0.0464668     0.0000039    10    11     -0.000000+i*     0.000000
 -0.33333 -0.33333  0.00000    -2.8912559     2.6619915     0.0003340    10    12     -0.000037+i*     0.000006
    27BSE eigenvalue    3.46281294      IP-eigenvalue:    5.89148012
  0.00000  0.00000  0.00000    -6.0785256    -2.3708546     0.0055294     9    11      0.000614+i*     0.000000
  0.00000  0.00000  0.00000    -4.1241113    -2.3708546     0.0000039    10    11      0.000000+i*     0.000000
  0.00000  0.00000  0.00000    -4.1241113     0.4107230     0.0000177    10    12      0.000000+i*     0.000002
  0.33333  0.00000  0.00000    -4.5946561    -0.8328566     0.0754939     9    11      0.008386+i*    -0.000177
  0.33333  0.00000  0.00000    -2.8335705    -0.8328566     0.0001078    10    11     -0.000002+i*    -0.000012
  0.33333  0.00000  0.00000    -2.8335705     1.9685811     0.0000271    10    12     -0.000000+i*    -0.000003
  0.00000  0.33333  0.00000    -5.1496778    -1.5869842     0.0107976     9    11      0.001199+i*    -0.000025
  0.00000  0.33333  0.00000    -3.1203342    -1.5869842     0.0000090    10    11      0.000000+i*     0.000001
  0.00000  0.33333  0.00000    -3.1203342     1.1932086     0.0000903    10    12     -0.000000+i*    -0.000010
  0.33333  0.33333  0.00000    -4.2052738    -0.0464668     0.0065480     9    11     -0.000727+i*     0.000015
  0.33333  0.33333  0.00000    -2.8912559    -0.0464668     0.0000175    10    11      0.000000+i*    -0.000002
  0.33333  0.33333  0.00000    -2.8912559     2.6619915     0.0000082    10    12     -0.000000+i*     0.000001
 -0.33333  0.33333  0.00000    -4.4620760    -0.0451223     6.3634995     9    11     -0.643940+i*     0.292008
 -0.33333  0.33333  0.00000    -3.2688503    -0.0451223     0.0000397    10    11      0.000004+i*     0.000001
 -0.33333  0.33333  0.00000    -3.2688503     2.6226298     0.0004264    10    12     -0.000046+i*    -0.000011
 -0.33333  0.00000  0.00000    -4.5946561    -0.8328566     0.0754939     9    11      0.008386+i*    -0.000175
 -0.33333  0.00000  0.00000    -2.8335705    -0.8328566     0.0001078    10    11     -0.000001+i*     0.000012
 -0.33333  0.00000  0.00000    -2.8335705     1.9685811     0.0000271    10    12     -0.000000+i*     0.000003
  0.00000 -0.33333  0.00000    -5.1496778    -1.5869842     0.0107976     9    11      0.001199+i*    -0.000026
  0.00000 -0.33333  0.00000    -3.1203342    -1.5869842     0.0000090    10    11     -0.000000+i*    -0.000001
  0.00000 -0.33333  0.00000    -3.1203342     1.1932086     0.0000903    10    12      0.000000+i*     0.000010
  0.33333 -0.33333  0.00000    -4.4620760    -0.0451223     6.3634995     9    11     -0.655610+i*    -0.264769
  0.33333 -0.33333  0.00000    -3.2688503    -0.0451223     0.0000397    10    11      0.000004+i*    -0.000001
  0.33333 -0.33333  0.00000    -3.2688503     2.6226298     0.0004264    10    12     -0.000045+i*     0.000013
 -0.33333 -0.33333  0.00000    -4.2052738    -0.0464668     0.0065480     9    11     -0.000727+i*     0.000015
 -0.33333 -0.33333  0.00000    -2.8912559    -0.0464668     0.0000175    10    11      0.000000+i*     0.000002
 -0.33333 -0.33333  0.00000    -2.8912559     2.6619915     0.0000082    10    12     -0.000000+i*    -0.000001
