# AMAT exchange matrix
# mode paw_orth_only
# implementation full_grid_only
# response_basis TODO
# shape 27 27
# q_ext 0.000000000000 0.000000000000 0.000000000000
# vasp_storage 0
# i j real imag
     1      1  0.0000000000000000e+00  0.0000000000000000e+00
     1      2  1.1757629716257638e-10  3.0863831993751586e-10
     1      3  5.0358451309553274e-10 -2.0728426106450928e-09
     1      4  2.8567667837851667e-04  5.9450712569755837e-06
     1      5 -1.0683154499724062e-10 -1.2017194781625302e-10
     1      6  2.2050747403837441e-09  4.6252958925663340e-10
     1      7  2.8418729788536523e-04  5.9379640190943592e-06
     1      8  2.3375347738880979e-08 -9.3712521715186982e-07
     1      9  1.2670353451291589e-06 -5.0689780418961038e-05
     1     10  2.8197847891934733e-04  5.9032922593512839e-06
     1     11  1.2999715221367363e-07  1.0809991832725536e-06
     1     12  6.4142814865583816e-06  5.3306991863801332e-05
     1     13  2.5453089209972812e-04  1.1550511308661169e-04
     1     14 -1.2936627869223855e-06  2.9751724964283539e-07
     1     15  5.5978146214918860e-05 -1.2054798764930526e-05
     1     16  2.8567487454817826e-04  6.0309854231115116e-06
     1     17 -1.1212335279650755e-10  1.2624220930366234e-10
     1     18  2.1767948424798241e-09  3.6702587804843967e-12
     1     19  2.8418650072496260e-04  5.9756727170797205e-06
     1     20 -1.5907581348336382e-08  9.3727448192746686e-07
     1     21 -8.5792077052125321e-07  5.0698174046234342e-05
     1     22  2.5914736254906623e-04 -1.0473795396657396e-04
     1     23 -1.2800601052890746e-06 -3.5143498322171171e-07
     1     24  5.5423922581695509e-05  1.4389188615209438e-05
     1     25  2.8197816387954010e-04  5.9177505548450936e-06
     1     26  1.7516476263707024e-07 -1.0745990740791725e-06
     1     27  8.6419503137937801e-06 -5.2991378214582118e-05
     2      1  1.1757629716177931e-10 -3.0863831993632487e-10
     2      2  0.0000000000000000e+00  0.0000000000000000e+00
     2      3  1.7612670839896507e-03 -5.6625359321074104e-06
     2      4  1.2680247656517909e-10 -2.8738420969067739e-10
     2      5 -8.7463640862057138e-07  5.3356673464652293e-05
     2      6 -2.9078294626258911e-05  1.7738130941171281e-03
     2      7 -3.7664149007032448e-08  4.5936419228641866e-09
     2      8 -6.8820505851848246e-06 -5.4705980170952858e-05
     2      9 -2.2464707376884858e-04 -1.7849066718630775e-03
     2     10 -4.6855685689732399e-08  5.7806668806740958e-09
     2     11  1.5360113580802311e-05  5.5512744973745961e-05
     2     12  4.8263634059152915e-04  1.7442665089435108e-03
     2     13 -7.0418029863034936e-08 -2.0179054659044413e-08
     2     14 -5.6652736179348634e-05  2.2387825460462541e-05
     2     15  1.6818981052570681e-03 -6.3750105882828204e-04
     2     16  1.1401824902518968e-10 -2.8515154919339563e-10
     2     17  1.4488172169876603e-05  5.1359444427341819e-05
     2     18  4.8165333659525722e-04  1.7074157891946457e-03
     2     19  3.7898587778617803e-08 -5.2293700223989811e-09
     2     20 -7.3343218035495861e-06 -5.4647182774383573e-05
     2     21 -2.3919843418190176e-04 -1.7830149756908993e-03
     2     22  6.3196537086936995e-08 -3.7681182693769393e-08
     2     23  6.0493845809796311e-05  7.1582694978802912e-06
     2     24 -1.7889919773621339e-03 -1.8627002498983658e-04
     2     25  4.7091237317121758e-08 -6.4327250570406781e-09
     2     26 -6.5564584784360426e-07  5.7594858315409392e-05
     2     27 -2.0606297328139325e-05  1.8096903050736218e-03
     3      1  5.0358451309566209e-10  2.0728426106625873e-09
     3      2  1.7612670839896505e-03  5.6625359321074062e-06
     3      3  0.0000000000000000e+00  0.0000000000000000e+00
     3      4  4.0670268310085258e-10  2.9479560368510292e-09
     3      5 -3.5146661252839545e-05  1.7924468752941076e-03
     3      6 -1.4642857562339011e-03  7.4673638023908126e-02
     3      7 -7.2550580504079074e-07  9.2107867098741397e-08
     3      8 -2.2788382447087182e-04 -1.8597318973805712e-03
     3      9 -9.2312601223589544e-03 -7.5299137316044776e-02
     3     10 -8.5708739850509903e-07  1.0869834575755931e-07
     3     11  5.2506968092147911e-04  1.9216588970386906e-03
     3     12  2.0156097620526059e-02  7.3766906126380635e-02
     3     13 -1.2833807521038557e-06 -3.6702266550067884e-07
     3     14 -2.0131335519067402e-03  7.8806961317301819e-04
     3     15  7.1335243461887896e-02 -2.6776668649910820e-02
     3     16  2.5376085383243347e-10  2.9672905715508779e-09
     3     17  4.8118965763325203e-04  1.7270082806499405e-03
     3     18  2.0046508830728227e-02  7.1947437975139694e-02
     3     19  7.2545814211836912e-07 -9.1782155227063038e-08
     3     20 -2.4326055786978875e-04 -1.8577831058175093e-03
     3     21 -9.8451581566310498e-03 -7.5221334107875001e-02
     3     22  1.1511695699845150e-06 -6.7553415443366800e-07
     3     23  2.1460819519710083e-03  2.6094571517410608e-04
     3     24 -7.5759743537211058e-02 -8.1343838693335793e-03
     3     25  8.5701871009002447e-07 -1.0854141435637667e-07
     3     26 -2.9080687233941507e-05  1.9918899063370325e-03
     3     27 -1.1165147158725230e-03  7.6462919802609650e-02
     4      1  2.8567667837851667e-04 -5.9450712569755676e-06
     4      2  1.2680247656508662e-10  2.8738420969060672e-10
     4      3  4.0670268311744624e-10 -2.9479560368256133e-09
     4      4  0.0000000000000000e+00  0.0000000000000000e+00
     4      5 -9.2757356231500140e-11 -1.1289737375810677e-10
     4      6  3.1138970426596138e-09  5.0949283776526839e-10
     4      7  2.8368033970825645e-04  2.3841778455404569e-08
     4      8  3.8078938476267247e-09 -9.2661163207232772e-07
     4      9  2.0888021863726487e-07 -5.0186228006443130e-05
     4     10  2.8166879574138370e-04  3.5137667995207891e-08
     4     11  1.5076334222149269e-07  1.0659041521983493e-06
     4     12  7.4462374946781395e-06  5.2618604299042992e-05
     4     13  2.5681069631635029e-04  1.1015506930007668e-04
     4     14 -1.2730551658375811e-06  3.2082483010056116e-07
     4     15  5.5146761869822001e-05 -1.3083150552929098e-05
     4     16  2.8490355645876316e-04  8.5683189286351516e-08
     4     17 -9.0636304737528473e-11  1.2996127942337981e-10
     4     18  3.0808320627222833e-09 -2.6432650776905446e-10
     4     19  2.8339326061822362e-04  6.1418641419413086e-08
     4     20  3.5338581294526184e-09  9.2650522908954140e-07
     4     21  1.9403009133211178e-07  5.0186337126147105e-05
     4     22  2.5613280861134288e-04 -1.0977308819168213e-04
     4     23 -1.2729026953237765e-06 -3.2117885298678829e-07
     4     24  5.5145684213742726e-05  1.3099756089750541e-05
     4     25  2.8118206652969461e-04  4.9496421918841542e-08
     4     26  1.5105963548251947e-07 -1.0657644792332496e-06
     4     27  7.4617184448803218e-06 -5.2616954336157191e-05
     5      1 -1.0683154499719126e-10  1.2017194781554412e-10
     5      2 -8.7463640862057191e-07 -5.3356673464652293e-05
     5      3 -3.5146661252839572e-05 -1.7924468752941076e-03
     5      4 -9.2757356230441271e-11  1.1289737375735537e-10
     5      5  0.0000000000000000e+00  0.0000000000000000e+00
     5      6  1.8145072707494894e-03  1.7148734721360300e-09
     5      7  5.5389723704620705e-09  3.8806833048690168e-08
     5      8 -5.5760180654763238e-05  7.9450803828323528e-06
     5      9 -1.8301451816372617e-03  2.6087877573192670e-04
     5     10  6.8548575513030800e-09  4.7936972427792142e-08
     5     11  5.6668634724852403e-05 -1.6684534750734201e-05
     5     12  1.7914368460698743e-03 -5.2744570811897532e-04
     5     13 -1.9323430634811299e-08  7.2290245021363094e-08
     5     14  2.4017028154034761e-05  5.7976891156091034e-05
     5     15 -6.8900020929214833e-04 -1.7315885680639438e-03
     5     16 -9.0636304743509635e-11  1.2996127939535558e-10
     5     17  5.1659011551641765e-05 -1.5491117791654029e-05
     5     18  1.7236759887928731e-03 -5.1688511917233207e-04
     5     19 -5.8892471061318576e-09 -3.9091191009881983e-08
     5     20 -5.5006636350913053e-05  8.3025147839914195e-06
     5     21 -1.8003289624143569e-03  2.7162998318066309e-04
     5     22 -3.9683550971631489e-08 -6.4368189518025877e-08
     5     23  6.1989020280137332e-06 -6.0928447143392825e-05
     5     24 -1.5808674684693029e-04  1.8050947216723858e-03
     5     25 -7.2997015398238206e-09 -4.8554521303866548e-08
     5     26  5.8020528988981569e-05 -2.9054857278747120e-07
     5     27  1.8278149235890894e-03 -9.1478653390563860e-06
     6      1  2.2050747403819355e-09 -4.6252958924159551e-10
     6      2 -2.9078294626258905e-05 -1.7738130941171279e-03
     6      3 -1.4642857562339007e-03 -7.4673638023908112e-02
     6      4  3.1138970426332842e-09 -5.0949283776979751e-10
     6      5  1.8145072707494894e-03 -1.7148734721694439e-09
     6      6  0.0000000000000000e+00  0.0000000000000000e+00
     6      7  1.0823606836359040e-07  7.3620931879848797e-07
     6      8 -1.8864004317326391e-03  2.6878810719601471e-04
     6      9 -7.6464676811850082e-02  1.0899758033358003e-02
     6     10  1.2649431638775236e-07  8.6096535685859749e-07
     6     11  1.9519363502029613e-03 -5.7469768143525890e-04
     6     12  7.5013532721442067e-02 -2.2086014164261650e-02
     6     13 -3.4526104603898675e-07  1.3037933947812918e-06
     6     14  8.4883536930979340e-04  2.0490737404187170e-03
     6     15 -2.8930302164490006e-02 -7.2707154151008813e-02
     6     16  3.0808320625260922e-09 -2.6432650951534978e-10
     6     17  1.7236759887928731e-03 -5.1688511917233099e-04
     6     18  7.1847955870815175e-02 -2.1545383191400671e-02
     6     19 -1.1050815767574039e-07 -7.5424811574738255e-07
     6     20 -1.8552359749572621e-03  2.8002557539350562e-04
     6     21 -7.5154564062928642e-02  1.1339237557390485e-02
     6     22 -7.1780310970803610e-07 -1.1702617017041585e-06
     6     23  2.1804373369633428e-04 -2.1431469498941523e-03
     6     24 -6.6264253860878900e-03  7.5663762711377716e-02
     6     25 -1.3093581845871795e-07 -8.9340096797856764e-07
     6     26  1.9903748698706968e-03 -9.9680858480794608e-06
     6     27  7.6438816433959889e-02 -3.8262713552976836e-04
     7      1  2.8418729788536523e-04 -5.9379640190943389e-06
     7      2 -3.7664149007033136e-08 -4.5936419228627126e-09
     7      3 -7.2550580504078016e-07 -9.2107867098740590e-08
     7      4  2.8368033970825645e-04 -2.3841778455386841e-08
     7      5  5.5389723704628249e-09 -3.8806833048690869e-08
     7      6  1.0823606836361139e-07 -7.3620931879848934e-07
     7      7  0.0000000000000000e+00  0.0000000000000000e+00
     7      8  3.5015837562286061e-09 -8.5733210042657459e-07
     7      9  1.9934290092029017e-07 -4.8107136970871825e-05
     7     10  2.8096026378554416e-04  1.1416205208830511e-08
     7     11  1.4009930271755898e-07  9.9039496132359635e-07
     7     12  7.1446797004274256e-06  5.0481345361559677e-05
     7     13  2.5673418888757241e-04  1.1009666047523751e-04
     7     14 -1.1884139469918967e-06  2.9950476493253184e-07
     7     15  5.2966380920394830e-05 -1.2566896585641177e-05
     7     16  2.8339326061822362e-04  6.1418641419421662e-08
     7     17 -5.8892471061228711e-09 -3.9091191009853515e-08
     7     18 -1.1050815767554300e-07 -7.5424811574564814e-07
     7     19  2.8195313964804447e-04  3.7413146015185480e-08
     7     20  3.7342352319503684e-09  9.4199099540314606e-07
     7     21  1.9940705665632467e-07  4.9702359058897882e-05
     7     22  2.5521361414323265e-04 -1.0940453668745317e-04
     7     23 -1.2923096470479580e-06 -3.2588674327848639e-07
     7     24  5.4657965910142636e-05  1.2975956027641174e-05
     7     25  2.7990925020727949e-04  2.5748287354790426e-08
     7     26  1.5332197448133683e-07 -1.0828251908073530e-06
     7     27  7.3854960151476856e-06 -5.2133105617561697e-05
     8      1  2.3375347738879490e-08  9.3712521715186982e-07
     8      2 -6.8820505851848246e-06  5.4705980170952858e-05
     8      3 -2.2788382447087177e-04  1.8597318973805712e-03
     8      4  3.8078938476267603e-09  9.2661163207232793e-07
     8      5 -5.5760180654763238e-05 -7.9450803828323528e-06
     8      6 -1.8864004317326391e-03 -2.6878810719601471e-04
     8      7  3.5015837562293898e-09  8.5733210042657522e-07
     8      8  0.0000000000000000e+00  0.0000000000000000e+00
     8      9  1.9529396310051716e-03 -1.1305200364549256e-07
     8     10  3.2625167939181804e-09  8.0169060611189496e-07
     8     11 -6.1341131047531816e-05  8.9447050410191913e-06
     8     12 -1.9628373767420640e-03  2.8622553494974062e-04
     8     13 -2.7419179603969720e-07  6.4662292745704271e-07
     8     14 -1.6477627305702593e-05 -6.4210587480846654e-05
     8     15  4.6761731768969305e-04  1.9346160557221341e-03
     8     16  3.5338581294478774e-09  9.2650522908957422e-07
     8     17 -5.5006636350913039e-05  8.3025147839914161e-06
     8     18 -1.8552359749572612e-03  2.8002557539350686e-04
     8     19  3.7342352319464914e-09  9.4199099540317317e-07
     8     20  5.7335473482383996e-05 -4.7427970046622118e-07
     8     21  1.8955118569647157e-03 -1.5571514282915354e-05
     8     22  3.4239545776000786e-07  7.8979205995172043e-07
     8     23 -1.5156129116531342e-05  6.1157799085433793e-05
     8     24  4.2636562522872616e-04 -1.8301172927290674e-03
     8     25  3.6544812869730266e-09  9.0561412377071776e-07
     8     26 -5.9203176600360219e-05 -8.1333972497562052e-06
     8     27 -1.8823200536118420e-03 -2.5860005315134720e-04
     9      1  1.2670353451291254e-06  5.0689780418961024e-05
     9      2 -2.2464707376884858e-04  1.7849066718630779e-03
     9      3 -9.2312601223589544e-03  7.5299137316044776e-02
     9      4  2.0888021863723292e-07  5.0186228006443123e-05
     9      5 -1.8301451816372617e-03 -2.6087877573192670e-04
     9      6 -7.6464676811850082e-02 -1.0899758033358003e-02
     9      7  1.9934290092022048e-07  4.8107136970871811e-05
     9      8  1.9529396310051716e-03  1.1305200364550397e-07
     9      9  0.0000000000000000e+00  0.0000000000000000e+00
     9     10  1.8776637961017952e-07  4.5799891003135347e-05
     9     11 -2.0752169092259276e-03  3.0248499031799774e-04
     9     12 -7.9914056711893153e-02  1.1648524004545076e-02
     9     13 -1.6389362441558071e-05  3.8657935447411053e-05
     9     14 -5.7126769325568873e-04 -2.2266685317490287e-03
     9     15  1.9085207507248420e-02  7.8978978620450585e-02
     9     16  1.9403009133156661e-07  5.0186337126148548e-05
     9     17 -1.8003289624143571e-03  2.7162998318066195e-04
     9     18 -7.5154564062928628e-02  1.1339237557390485e-02
     9     19  1.9940705665593842e-07  4.9702359058899264e-05
     9     20  1.8955118569647165e-03 -1.5571514282913978e-05
     9     21  7.6890947093680564e-02 -6.2721021769285214e-04
     9     22  1.7828523498401627e-05  4.1119988243148668e-05
     9     23 -5.2156031439320061e-04  2.1040731101052020e-03
     9     24  1.7365728598578465e-02 -7.4520559110924034e-02
     9     25  1.9314291973837307e-07  4.7666020078841991e-05
     9     26 -1.9889652379382651e-03 -2.7336362171144366e-04
     9     27 -7.6483468871589771e-02 -1.0512085408012873e-02
    10      1  2.8197847891934733e-04 -5.9032922593512797e-06
    10      2 -4.6855685689730904e-08 -5.7806668806741967e-09
    10      3 -8.5708739850508092e-07 -1.0869834575755844e-07
    10      4  2.8166879574138370e-04 -3.5137667995205158e-08
    10      5  6.8548575513032504e-09 -4.7936972427791203e-08
    10      6  1.2649431638775107e-07 -8.6096535685856975e-07
    10      7  2.8096026378554416e-04 -1.1416205208825490e-08
    10      8  3.2625167939167064e-09 -8.0169060611189507e-07
    10      9  1.8776637961015803e-07 -4.5799891003135327e-05
    10     10  0.0000000000000000e+00  0.0000000000000000e+00
    10     11  1.3149910212369932e-07  9.2944364867019501e-07
    10     12  6.8086333891360727e-06  4.8091031822000341e-05
    10     13  2.5678982448512514e-04  1.1010818164252529e-04
    10     14 -1.1199309985106385e-06  2.8227101650250122e-07
    10     15  5.0499439708442121e-05 -1.1984113097042913e-05
    10     16  2.8118206652969461e-04  4.9496421919049615e-08
    10     17 -7.2997015398148168e-09 -4.8554521303837868e-08
    10     18 -1.3093581845848258e-07 -8.9340096797695553e-07
    10     19  2.7990925020727954e-04  2.5748287354987427e-08
    10     20  3.6544812869770727e-09  9.0561412377068473e-07
    10     21  1.9314291973873899e-07  4.7666020078840718e-05
    10     22  2.5418558942520762e-04 -1.0897605574511241e-04
    10     23 -1.2443077342249916e-06 -3.1368997551289297e-07
    10     24  5.2462766615041549e-05  1.2452529365170595e-05
    10     25  2.7821561440679964e-04  1.4282298081136099e-08
    10     26  1.4743604490700198e-07 -1.0417612698516253e-06
    10     27  7.0834763924461762e-06 -5.0015625374919609e-05
    11      1  1.2999715221367522e-07 -1.0809991832725542e-06
    11      2  1.5360113580802311e-05 -5.5512744973745961e-05
    11      3  5.2506968092147922e-04 -1.9216588970386906e-03
    11      4  1.5076334222149356e-07 -1.0659041521983502e-06
    11      5  5.6668634724852403e-05  1.6684534750734201e-05
    11      6  1.9519363502029613e-03  5.7469768143525890e-04
    11      7  1.4009930271755906e-07 -9.9039496132359529e-07
    11      8 -6.1341131047531816e-05 -8.9447050410191913e-06
    11      9 -2.0752169092259276e-03 -3.0248499031799774e-04
    11     10  1.3149910212369715e-07 -9.2944364867019406e-07
    11     11  0.0000000000000000e+00  0.0000000000000000e+00
    11     12  2.1423185165107719e-03 -5.0549512407833127e-09
    11     13  4.3080634336681175e-07 -7.0956262678142369e-07
    11     14  7.5387821502372492e-06  7.0586057091328943e-05
    11     15 -1.9945342399375486e-04 -2.1533235604036778e-03
    11     16  1.5105963548252704e-07 -1.0657644792332793e-06
    11     17  5.8020528988981569e-05 -2.9054857278743208e-07
    11     18  1.9903748698706964e-03 -9.9680858480798488e-06
    11     19  1.5332197448134480e-07 -1.0828251908073826e-06
    11     20 -5.9203176600360226e-05 -8.1333972497562492e-06
    11     21 -1.9889652379382647e-03 -2.7336362171144322e-04
    11     22 -2.6140667918515582e-07 -9.6536503736278825e-07
    11     23  2.4779846530796498e-05 -6.0675828970027270e-05
    11     24 -7.2279008535343879e-04  1.8433240405462611e-03
    11     25  1.4743604490700579e-07 -1.0417612698516553e-06
    11     26  5.9781588842775391e-05  1.7276240730764013e-05
    11     27  1.9289883875726647e-03  5.5746391692371481e-04
    12      1  6.4142814865584070e-06 -5.3306991863801318e-05
    12      2  4.8263634059152915e-04 -1.7442665089435108e-03
    12      3  2.0156097620526062e-02 -7.3766906126380635e-02
    12      4  7.4462374946781573e-06 -5.2618604299042979e-05
    12      5  1.7914368460698743e-03  5.2744570811897532e-04
    12      6  7.5013532721442067e-02  2.2086014164261650e-02
    12      7  7.1446797004274721e-06 -5.0481345361559677e-05
    12      8 -1.9628373767420640e-03 -2.8622553494974062e-04
    12      9 -7.9914056711893153e-02 -1.1648524004545076e-02
    12     10  6.8086333891360007e-06 -4.8091031822000341e-05
    12     11  2.1423185165107719e-03  5.0549512408365169e-09
    12     12  0.0000000000000000e+00  0.0000000000000000e+00
    12     13  2.3144717355308561e-05 -3.8114394002585943e-05
    12     14  2.5088658267416952e-04  2.3491239392791361e-03
    12     15 -7.7157913358853573e-03 -8.3302708898867289e-02
    12     16  7.4617184448806378e-06 -5.2616954336158451e-05
    12     17  1.8278149235890894e-03 -9.1478653390553103e-06
    12     18  7.6438816433959875e-02 -3.8262713552977070e-04
    12     19  7.3854960151478372e-06 -5.2133105617562897e-05
    12     20 -1.8823200536118422e-03 -2.5860005315134861e-04
    12     21 -7.6483468871589799e-02 -1.0512085408012873e-02
    12     22 -1.2414501024787100e-05 -4.5860598945024631e-05
    12     23  8.1728528115849368e-04 -2.0011845982915691e-03
    12     24 -2.7891156153583951e-02  7.1130029821930493e-02
    12     25  7.0834763924463033e-06 -5.0015625374920782e-05
    12     26  1.9289883875726647e-03  5.5746391692371524e-04
    12     27  7.4291902154299441e-02  2.1470023746486253e-02
    13      1  2.5453089209972817e-04 -1.1550511308661166e-04
    13      2 -7.0418029863034989e-08  2.0179054659044366e-08
    13      3 -1.2833807521038722e-06  3.6702266550067714e-07
    13      4  2.5681069631635029e-04 -1.1015506930007665e-04
    13      5 -1.9323430634811372e-08 -7.2290245021361677e-08
    13      6 -3.4526104603896435e-07 -1.3037933947812978e-06
    13      7  2.5673418888757241e-04 -1.1009666047523751e-04
    13      8 -2.7419179603969900e-07 -6.4662292745704207e-07
    13      9 -1.6389362441558071e-05 -3.8657935447411040e-05
    13     10  2.5678982448512514e-04 -1.1010818164252529e-04
    13     11  4.3080634336681222e-07  7.0956262678142369e-07
    13     12  2.3144717355308589e-05  3.8114394002585984e-05
    13     13  0.0000000000000000e+00  0.0000000000000000e+00
    13     14 -8.2082925121287024e-07  6.2655594817151161e-07
    13     15  3.8347979418655896e-05 -2.8437665126565877e-05
    13     16  2.5613280861134304e-04 -1.0977308819168213e-04
    13     17 -3.9683550971613377e-08 -6.4368189518006713e-08
    13     18 -7.1780310970727789e-07 -1.1702617017027895e-06
    13     19  2.5521361414323270e-04 -1.0940453668745312e-04
    13     20  3.4239545776000008e-07  7.8979205995169269e-07
    13     21  1.7828523498401488e-05  4.1119988243147353e-05
    13     22  1.9020072784385427e-04 -1.9983595764286227e-04
    13     23 -1.2041672620895670e-06  1.9197301759872582e-07
    13     24  4.9984667709980549e-05 -8.6834321533745340e-06
    13     25  2.5418558942520773e-04 -1.0897605574511255e-04
    13     26 -2.6140667918514825e-07 -9.6536503736276559e-07
    13     27 -1.2414501024786777e-05 -4.5860598945023574e-05
    14      1 -1.2936627869223832e-06 -2.9751724964283597e-07
    14      2 -5.6652736179348634e-05 -2.2387825460462541e-05
    14      3 -2.0131335519067402e-03 -7.8806961317301819e-04
    14      4 -1.2730551658375820e-06 -3.2082483010056037e-07
    14      5  2.4017028154034761e-05 -5.7976891156091034e-05
    14      6  8.4883536930979351e-04 -2.0490737404187170e-03
    14      7 -1.1884139469918973e-06 -2.9950476493253163e-07
    14      8 -1.6477627305702593e-05  6.4210587480846654e-05
    14      9 -5.7126769325568883e-04  2.2266685317490287e-03
    14     10 -1.1199309985106371e-06 -2.8227101650249963e-07
    14     11  7.5387821502372492e-06 -7.0586057091328943e-05
    14     12  2.5088658267416952e-04 -2.3491239392791361e-03
    14     13 -8.2082925121287246e-07 -6.2655594817151235e-07
    14     14  0.0000000000000000e+00  0.0000000000000000e+00
    14     15 -2.4002033273706398e-03 -3.3693316219311902e-05
    14     16 -1.2729026953238152e-06 -3.2117885298680390e-07
    14     17  6.1989020280137298e-06 -6.0928447143392825e-05
    14     18  2.1804373369633260e-04 -2.1431469498941523e-03
    14     19 -1.2923096470479991e-06 -3.2588674327849925e-07
    14     20 -1.5156129116531349e-05  6.1157799085433806e-05
    14     21 -5.2156031439319899e-04  2.1040731101052020e-03
    14     22 -1.2041672620896016e-06  1.9197301759873130e-07
    14     23 -6.0720506005221083e-05 -3.2709958850803764e-05
    14     24  1.8836675473999722e-03  9.8086699105219425e-04
    14     25 -1.2443077342250308e-06 -3.1368997551290657e-07
    14     26  2.4779846530796458e-05 -6.0675828970027277e-05
    14     27  8.1728528115849227e-04 -2.0011845982915695e-03
    15      1  5.5978146214918874e-05  1.2054798764930572e-05
    15      2  1.6818981052570681e-03  6.3750105882828204e-04
    15      3  7.1335243461887896e-02  2.6776668649910820e-02
    15      4  5.5146761869822001e-05  1.3083150552929100e-05
    15      5 -6.8900020929214833e-04  1.7315885680639438e-03
    15      6 -2.8930302164490006e-02  7.2707154151008813e-02
    15      7  5.2966380920394830e-05  1.2566896585641179e-05
    15      8  4.6761731768969316e-04 -1.9346160557221341e-03
    15      9  1.9085207507248420e-02 -7.8978978620450585e-02
    15     10  5.0499439708442121e-05  1.1984113097042906e-05
    15     11 -1.9945342399375486e-04  2.1533235604036778e-03
    15     12 -7.7157913358853573e-03  8.3302708898867289e-02
    15     13  3.8347979418655896e-05  2.8437665126565877e-05
    15     14 -2.4002033273706393e-03  3.3693316219311896e-05
    15     15  0.0000000000000000e+00  0.0000000000000000e+00
    15     16  5.5145684213744115e-05  1.3099756089751063e-05
    15     17 -1.5808674684693132e-04  1.8050947216723854e-03
    15     18 -6.6264253860878882e-03  7.5663762711377730e-02
    15     19  5.4657965910143951e-05  1.2975956027641581e-05
    15     20  4.2636562522872746e-04 -1.8301172927290674e-03
    15     21  1.7365728598578465e-02 -7.4520559110924020e-02
    15     22  4.9984667709981823e-05 -8.6834321533745883e-06
    15     23  1.8836675473999712e-03  9.8086699105219598e-04
    15     24 -6.7167567552802995e-02 -3.3785781169049851e-02
    15     25  5.2462766615042856e-05  1.2452529365171010e-05
    15     26 -7.2279008535343912e-04  1.8433240405462611e-03
    15     27 -2.7891156153583944e-02  7.1130029821930479e-02
    16      1  2.8567487454817826e-04 -6.0309854231114980e-06
    16      2  1.1401824902382208e-10  2.8515154919337774e-10
    16      3  2.5376085384763891e-10 -2.9672905715738284e-09
    16      4  2.8490355645876311e-04 -8.5683189286335277e-08
    16      5 -9.0636304744228209e-11 -1.2996127939620706e-10
    16      6  3.0808320624975888e-09  2.6432650953039640e-10
    16      7  2.8339326061822362e-04 -6.1418641419405873e-08
    16      8  3.5338581294478406e-09 -9.2650522908957401e-07
    16      9  1.9403009133163601e-07 -5.0186337126148561e-05
    16     10  2.8118206652969461e-04 -4.9496421919049085e-08
    16     11  1.5105963548252675e-07  1.0657644792332803e-06
    16     12  7.4617184448806293e-06  5.2616954336158451e-05
    16     13  2.5613280861134304e-04  1.0977308819168213e-04
    16     14 -1.2729026953238161e-06  3.2117885298680242e-07
    16     15  5.5145684213744135e-05 -1.3099756089751082e-05
    16     16  0.0000000000000000e+00  0.0000000000000000e+00
    16     17 -9.2757356220240919e-11  1.1289737378925217e-10
    16     18  3.1138970428622416e-09 -5.0949283600866019e-10
    16     19  2.8368033970825666e-04 -2.3841778455397118e-08
    16     20  3.8078938476303866e-09  9.2661163207229553e-07
    16     21  2.0888021863771252e-07  5.0186228006441693e-05
    16     22  2.5681069631635023e-04 -1.1015506930007680e-04
    16     23 -1.2730551658375451e-06 -3.2082483010054517e-07
    16     24  5.5146761869820599e-05  1.3083150552928578e-05
    16     25  2.8166879574138397e-04 -3.5137667995417307e-08
    16     26  1.5076334222148390e-07 -1.0659041521983176e-06
    16     27  7.4462374946779150e-06 -5.2618604299041732e-05
    17      1 -1.1212335279579715e-10 -1.2624220930431977e-10
    17      2  1.4488172169876603e-05 -5.1359444427341819e-05
    17      3  4.8118965763325214e-04 -1.7270082806499405e-03
    17      4 -9.0636304736143243e-11 -1.2996127942184725e-10
    17      5  5.1659011551641752e-05  1.5491117791654029e-05
    17      6  1.7236759887928731e-03  5.1688511917233099e-04
    17      7 -5.8892471061221126e-09  3.9091191009855063e-08
    17      8 -5.5006636350913039e-05 -8.3025147839914161e-06
    17      9 -1.8003289624143571e-03 -2.7162998318066195e-04
    17     10 -7.2997015398147167e-09  4.8554521303837795e-08
    17     11  5.8020528988981569e-05  2.9054857278743213e-07
    17     12  1.8278149235890894e-03  9.1478653390552984e-06
    17     13 -3.9683550971612656e-08  6.4368189518007309e-08
    17     14  6.1989020280137289e-06  6.0928447143392811e-05
    17     15 -1.5808674684693140e-04 -1.8050947216723854e-03
    17     16 -9.2757356221070271e-11 -1.1289737378934904e-10
    17     17  0.0000000000000000e+00  0.0000000000000000e+00
    17     18  1.8145072707494894e-03 -1.7148734732359792e-09
    17     19  5.5389723704696491e-09 -3.8806833048719999e-08
    17     20 -5.5760180654763225e-05 -7.9450803828323544e-06
    17     21 -1.8301451816372617e-03 -2.6087877573192545e-04
    17     22 -1.9323430634813380e-08 -7.2290245021393309e-08
    17     23  2.4017028154034768e-05 -5.7976891156091041e-05
    17     24 -6.8900020929214725e-04  1.7315885680639445e-03
    17     25  6.8548575513118300e-09 -4.7936972427818725e-08
    17     26  5.6668634724852417e-05  1.6684534750734167e-05
    17     27  1.7914368460698745e-03  5.2744570811897435e-04
    18      1  2.1767948425735813e-09 -3.6702587727435024e-12
    18      2  4.8165333659525722e-04 -1.7074157891946459e-03
    18      3  2.0046508830728227e-02 -7.1947437975139694e-02
    18      4  3.0808320627497391e-09  2.6432650777972189e-10
    18      5  1.7236759887928731e-03  5.1688511917233196e-04
    18      6  7.1847955870815175e-02  2.1545383191400671e-02
    18      7 -1.1050815767552182e-07  7.5424811574564073e-07
    18      8 -1.8552359749572612e-03 -2.8002557539350686e-04
    18      9 -7.5154564062928628e-02 -1.1339237557390485e-02
    18     10 -1.3093581845847951e-07  8.9340096797694949e-07
    18     11  1.9903748698706959e-03  9.9680858480798776e-06
    18     12  7.6438816433959875e-02  3.8262713552977108e-04
    18     13 -7.1780310970725513e-07  1.1702617017028054e-06
    18     14  2.1804373369633260e-04  2.1431469498941528e-03
    18     15 -6.6264253860878882e-03 -7.5663762711377730e-02
    18     16  3.1138970428611762e-09  5.0949283604339433e-10
    18     17  1.8145072707494894e-03  1.7148734732212494e-09
    18     18  0.0000000000000000e+00  0.0000000000000000e+00
    18     19  1.0823606836386191e-07 -7.3620931880020999e-07
    18     20 -1.8864004317326398e-03 -2.6878810719601628e-04
    18     21 -7.6464676811850069e-02 -1.0899758033358006e-02
    18     22 -3.4526104603932789e-07 -1.3037933947828163e-06
    18     23  8.4883536930979513e-04 -2.0490737404187161e-03
    18     24 -2.8930302164490006e-02  7.2707154151008799e-02
    18     25  1.2649431638801174e-07 -8.6096535686019986e-07
    18     26  1.9519363502029619e-03  5.7469768143525923e-04
    18     27  7.5013532721442081e-02  2.2086014164261654e-02
    19      1  2.8418650072496260e-04 -5.9756727170797120e-06
    19      2  3.7898587778617710e-08  5.2293700223991201e-09
    19      3  7.2545814211836912e-07  9.1782155227037918e-08
    19      4  2.8339326061822362e-04 -6.1418641419404139e-08
    19      5 -5.8892471061320926e-09  3.9091191009881328e-08
    19      6 -1.1050815767571554e-07  7.5424811574737175e-07
    19      7  2.8195313964804447e-04 -3.7413146015169559e-08
    19      8  3.7342352319465534e-09 -9.4199099540317370e-07
    19      9  1.9940705665591391e-07 -4.9702359058899251e-05
    19     10  2.7990925020727949e-04 -2.5748287354989674e-08
    19     11  1.5332197448134316e-07  1.0828251908073833e-06
    19     12  7.3854960151479126e-06  5.2133105617562910e-05
    19     13  2.5521361414323270e-04  1.0940453668745312e-04
    19     14 -1.2923096470479968e-06  3.2588674327849793e-07
    19     15  5.4657965910143964e-05 -1.2975956027641604e-05
    19     16  2.8368033970825666e-04  2.3841778455400430e-08
    19     17  5.5389723704695077e-09  3.8806833048718537e-08
    19     18  1.0823606836382952e-07  7.3620931880021750e-07
    19     19  0.0000000000000000e+00  0.0000000000000000e+00
    19     20  3.5015837562331771e-09  8.5733210042654060e-07
    19     21  1.9934290092070861e-07  4.8107136970870402e-05
    19     22  2.5673418888757225e-04 -1.1009666047523754e-04
    19     23 -1.1884139469918556e-06 -2.9950476493251760e-07
    19     24  5.2966380920393441e-05  1.2566896585640756e-05
    19     25  2.8096026378554432e-04 -1.1416205209028690e-08
    19     26  1.4009930271755425e-07 -9.9039496132356480e-07
    19     27  7.1446797004272824e-06 -5.0481345361558423e-05
    20      1 -1.5907581348336481e-08 -9.3727448192746611e-07
    20      2 -7.3343218035495878e-06  5.4647182774383580e-05
    20      3 -2.4326055786978880e-04  1.8577831058175093e-03
    20      4  3.5338581294518747e-09 -9.2650522908954161e-07
    20      5 -5.5006636350913053e-05 -8.3025147839914195e-06
    20      6 -1.8552359749572621e-03 -2.8002557539350573e-04
    20      7  3.7342352319505032e-09 -9.4199099540314532e-07
    20      8  5.7335473482383996e-05  4.7427970046622155e-07
    20      9  1.8955118569647165e-03  1.5571514282913988e-05
    20     10  3.6544812869769979e-09 -9.0561412377068727e-07
    20     11 -5.9203176600360226e-05  8.1333972497562492e-06
    20     12 -1.8823200536118427e-03  2.5860005315134866e-04
    20     13  3.4239545776000024e-07 -7.8979205995169280e-07
    20     14 -1.5156129116531349e-05 -6.1157799085433806e-05
    20     15  4.2636562522872746e-04  1.8301172927290669e-03
    20     16  3.8078938476301790e-09 -9.2661163207229649e-07
    20     17 -5.5760180654763225e-05  7.9450803828323544e-06
    20     18 -1.8864004317326398e-03  2.6878810719601628e-04
    20     19  3.5015837562331155e-09 -8.5733210042654060e-07
    20     20  0.0000000000000000e+00  0.0000000000000000e+00
    20     21  1.9529396310051725e-03  1.1305200364405412e-07
    20     22 -2.7419179603968587e-07 -6.4662292745701878e-07
    20     23 -1.6477627305702600e-05  6.4210587480846695e-05
    20     24  4.6761731768969181e-04 -1.9346160557221354e-03
    20     25  3.2625167939194104e-09 -8.0169060611186669e-07
    20     26 -6.1341131047531816e-05 -8.9447050410191472e-06
    20     27 -1.9628373767420640e-03 -2.8622553494973932e-04
    21      1 -8.5792077052130519e-07 -5.0698174046234356e-05
    21      2 -2.3919843418190181e-04  1.7830149756908993e-03
    21      3 -9.8451581566310498e-03  7.5221334107875001e-02
    21      4  1.9403009133205860e-07 -5.0186337126147111e-05
    21      5 -1.8003289624143571e-03 -2.7162998318066309e-04
    21      6 -7.5154564062928642e-02 -1.1339237557390485e-02
    21      7  1.9940705665634203e-07 -4.9702359058897875e-05
    21      8  1.8955118569647157e-03  1.5571514282915347e-05
    21      9  7.6890947093680564e-02  6.2721021769285225e-04
    21     10  1.9314291973874409e-07 -4.7666020078840731e-05
    21     11 -1.9889652379382651e-03  2.7336362171144328e-04
    21     12 -7.6483468871589799e-02  1.0512085408012873e-02
    21     13  1.7828523498401454e-05 -4.1119988243147374e-05
    21     14 -5.2156031439319899e-04 -2.1040731101052016e-03
    21     15  1.7365728598578465e-02  7.4520559110924020e-02
    21     16  2.0888021863771271e-07 -5.0186228006441700e-05
    21     17 -1.8301451816372621e-03  2.6087877573192550e-04
    21     18 -7.6464676811850069e-02  1.0899758033358005e-02
    21     19  1.9934290092071300e-07 -4.8107136970870395e-05
    21     20  1.9529396310051725e-03 -1.1305200364406613e-07
    21     21  0.0000000000000000e+00  0.0000000000000000e+00
    21     22 -1.6389362441557214e-05 -3.8657935447410016e-05
    21     23 -5.7126769325569057e-04  2.2266685317490287e-03
    21     24  1.9085207507248413e-02 -7.8978978620450599e-02
    21     25  1.8776637961052834e-07 -4.5799891003134053e-05
    21     26 -2.0752169092259284e-03 -3.0248499031799823e-04
    21     27 -7.9914056711893125e-02 -1.1648524004545080e-02
    22      1  2.5914736254906617e-04  1.0473795396657396e-04
    22      2  6.3196537086937074e-08  3.7681182693767964e-08
    22      3  1.1511695699845455e-06  6.7553415443366885e-07
    22      4  2.5613280861134288e-04  1.0977308819168213e-04
    22      5 -3.9683550971632303e-08  6.4368189518026751e-08
    22      6 -7.1780310970799681e-07  1.1702617017041435e-06
    22      7  2.5521361414323265e-04  1.0940453668745318e-04
    22      8  3.4239545776000664e-07 -7.8979205995172033e-07
    22      9  1.7828523498401606e-05 -4.1119988243148641e-05
    22     10  2.5418558942520762e-04  1.0897605574511241e-04
    22     11 -2.6140667918515609e-07  9.6536503736278889e-07
    22     12 -1.2414501024787053e-05  4.5860598945024658e-05
    22     13  1.9020072784385427e-04  1.9983595764286227e-04
    22     14 -1.2041672620896020e-06 -1.9197301759873128e-07
    22     15  4.9984667709981816e-05  8.6834321533745527e-06
    22     16  2.5681069631635018e-04  1.1015506930007678e-04
    22     17 -1.9323430634815286e-08  7.2290245021394831e-08
    22     18 -3.4526104603933382e-07  1.3037933947828203e-06
    22     19  2.5673418888757225e-04  1.1009666047523754e-04
    22     20 -2.7419179603968704e-07  6.4662292745701782e-07
    22     21 -1.6389362441557193e-05  3.8657935447410030e-05
    22     22  0.0000000000000000e+00  0.0000000000000000e+00
    22     23 -8.2082925121284250e-07 -6.2655594817148641e-07
    22     24  3.8347979418654933e-05  2.8437665126565040e-05
    22     25  2.5678982448512530e-04  1.1010818164252522e-04
    22     26  4.3080634336679618e-07 -7.0956262678140177e-07
    22     27  2.3144717355307996e-05 -3.8114394002584988e-05
    23      1 -1.2800601052890744e-06  3.5143498322171462e-07
    23      2  6.0493845809796311e-05 -7.1582694978802895e-06
    23      3  2.1460819519710083e-03 -2.6094571517410608e-04
    23      4 -1.2729026953237754e-06  3.2117885298678649e-07
    23      5  6.1989020280137340e-06  6.0928447143392825e-05
    23      6  2.1804373369633428e-04  2.1431469498941523e-03
    23      7 -1.2923096470479588e-06  3.2588674327848543e-07
    23      8 -1.5156129116531342e-05 -6.1157799085433806e-05
    23      9 -5.2156031439320061e-04 -2.1040731101052020e-03
    23     10 -1.2443077342249927e-06  3.1368997551289371e-07
    23     11  2.4779846530796502e-05  6.0675828970027270e-05
    23     12  8.1728528115849368e-04  2.0011845982915687e-03
    23     13 -1.2041672620895654e-06 -1.9197301759872749e-07
    23     14 -6.0720506005221083e-05  3.2709958850803764e-05
    23     15  1.8836675473999712e-03 -9.8086699105219598e-04
    23     16 -1.2730551658375443e-06  3.2082483010054671e-07
    23     17  2.4017028154034768e-05  5.7976891156091041e-05
    23     18  8.4883536930979492e-04  2.0490737404187161e-03
    23     19 -1.1884139469918556e-06  2.9950476493251776e-07
    23     20 -1.6477627305702600e-05 -6.4210587480846682e-05
    23     21 -5.7126769325569057e-04 -2.2266685317490287e-03
    23     22 -8.2082925121284250e-07  6.2655594817148546e-07
    23     23  0.0000000000000000e+00  0.0000000000000000e+00
    23     24 -2.4002033273706398e-03  3.3693316219313712e-05
    23     25 -1.1199309985105987e-06  2.8227101650248782e-07
    23     26  7.5387821502372992e-06  7.0586057091328943e-05
    23     27  2.5088658267417125e-04  2.3491239392791356e-03
    24      1  5.5423922581695496e-05 -1.4389188615209432e-05
    24      2 -1.7889919773621339e-03  1.8627002498983655e-04
    24      3 -7.5759743537211058e-02  8.1343838693335793e-03
    24      4  5.5145684213742719e-05 -1.3099756089750531e-05
    24      5 -1.5808674684693029e-04 -1.8050947216723858e-03
    24      6 -6.6264253860878900e-03 -7.5663762711377730e-02
    24      7  5.4657965910142636e-05 -1.2975956027641167e-05
    24      8  4.2636562522872616e-04  1.8301172927290674e-03
    24      9  1.7365728598578465e-02  7.4520559110924034e-02
    24     10  5.2462766615041569e-05 -1.2452529365170575e-05
    24     11 -7.2279008535343857e-04 -1.8433240405462611e-03
    24     12 -2.7891156153583944e-02 -7.1130029821930493e-02
    24     13  4.9984667709980556e-05  8.6834321533745120e-06
    24     14  1.8836675473999718e-03 -9.8086699105219425e-04
    24     15 -6.7167567552802995e-02  3.3785781169049851e-02
    24     16  5.5146761869820626e-05 -1.3083150552928588e-05
    24     17 -6.8900020929214725e-04 -1.7315885680639440e-03
    24     18 -2.8930302164490013e-02 -7.2707154151008799e-02
    24     19  5.2966380920393448e-05 -1.2566896585640679e-05
    24     20  4.6761731768969181e-04  1.9346160557221354e-03
    24     21  1.9085207507248413e-02  7.8978978620450599e-02
    24     22  3.8347979418654954e-05 -2.8437665126565016e-05
    24     23 -2.4002033273706398e-03 -3.3693316219313732e-05
    24     24  0.0000000000000000e+00  0.0000000000000000e+00
    24     25  5.0499439708440847e-05 -1.1984113097042605e-05
    24     26 -1.9945342399375446e-04 -2.1533235604036783e-03
    24     27 -7.7157913358853539e-03 -8.3302708898867275e-02
    25      1  2.8197816387954010e-04 -5.9177505548450800e-06
    25      2  4.7091237317123247e-08  6.4327250570396673e-09
    25      3  8.5701871009003940e-07  1.0854141435632116e-07
    25      4  2.8118206652969461e-04 -4.9496421918828168e-08
    25      5 -7.2997015398231225e-09  4.8554521303867303e-08
    25      6 -1.3093581845869222e-07  8.9340096797858723e-07
    25      7  2.7990925020727949e-04 -2.5748287354775679e-08
    25      8  3.6544812869743472e-09 -9.0561412377071776e-07
    25      9  1.9314291973836547e-07 -4.7666020078842005e-05
    25     10  2.7821561440679964e-04 -1.4282298081131791e-08
    25     11  1.4743604490700664e-07  1.0417612698516556e-06
    25     12  7.0834763924463600e-06  5.0015625374920782e-05
    25     13  2.5418558942520773e-04  1.0897605574511255e-04
    25     14 -1.2443077342250306e-06  3.1368997551290652e-07
    25     15  5.2462766615042856e-05 -1.2452529365170973e-05
    25     16  2.8166879574138397e-04  3.5137667995428113e-08
    25     17  6.8548575513128151e-09  4.7936972427817884e-08
    25     18  1.2649431638796751e-07  8.6096535686021617e-07
    25     19  2.8096026378554437e-04  1.1416205209034043e-08
    25     20  3.2625167939171312e-09  8.0169060611186690e-07
    25     21  1.8776637961052463e-07  4.5799891003134046e-05
    25     22  2.5678982448512530e-04 -1.1010818164252522e-04
    25     23 -1.1199309985105983e-06 -2.8227101650248867e-07
    25     24  5.0499439708440806e-05  1.1984113097042666e-05
    25     25  0.0000000000000000e+00  0.0000000000000000e+00
    25     26  1.3149910212369469e-07 -9.2944364867016388e-07
    25     27  6.8086333891359660e-06 -4.8091031821999189e-05
    26      1  1.7516476263706854e-07  1.0745990740791729e-06
    26      2 -6.5564584784360426e-07 -5.7594858315409392e-05
    26      3 -2.9080687233941520e-05 -1.9918899063370325e-03
    26      4  1.5105963548251955e-07  1.0657644792332509e-06
    26      5  5.8020528988981569e-05  2.9054857278747099e-07
    26      6  1.9903748698706968e-03  9.9680858480794896e-06
    26      7  1.5332197448133607e-07  1.0828251908073536e-06
    26      8 -5.9203176600360219e-05  8.1333972497562035e-06
    26      9 -1.9889652379382651e-03  2.7336362171144366e-04
    26     10  1.4743604490700110e-07  1.0417612698516253e-06
    26     11  5.9781588842775391e-05 -1.7276240730764009e-05
    26     12  1.9289883875726647e-03 -5.5746391692371524e-04
    26     13 -2.6140667918514899e-07  9.6536503736276263e-07
    26     14  2.4779846530796451e-05  6.0675828970027270e-05
    26     15 -7.2279008535343922e-04 -1.8433240405462611e-03
    26     16  1.5076334222148234e-07  1.0659041521983174e-06
    26     17  5.6668634724852417e-05 -1.6684534750734167e-05
    26     18  1.9519363502029619e-03 -5.7469768143525923e-04
    26     19  1.4009930271755208e-07  9.9039496132356501e-07
    26     20 -6.1341131047531816e-05  8.9447050410191489e-06
    26     21 -2.0752169092259284e-03  3.0248499031799818e-04
    26     22  4.3080634336679470e-07  7.0956262678140230e-07
    26     23  7.5387821502372992e-06 -7.0586057091328943e-05
    26     24 -1.9945342399375448e-04  2.1533235604036783e-03
    26     25  1.3149910212369310e-07  9.2944364867016642e-07
    26     26  0.0000000000000000e+00  0.0000000000000000e+00
    26     27  2.1423185165107732e-03  5.0549512404635445e-09
    27      1  8.6419503137937970e-06  5.2991378214582111e-05
    27      2 -2.0606297328139291e-05 -1.8096903050736218e-03
    27      3 -1.1165147158725226e-03 -7.6462919802609663e-02
    27      4  7.4617184448803184e-06  5.2616954336157191e-05
    27      5  1.8278149235890894e-03  9.1478653390564063e-06
    27      6  7.6438816433959889e-02  3.8262713552976880e-04
    27      7  7.3854960151476746e-06  5.2133105617561697e-05
    27      8 -1.8823200536118420e-03  2.5860005315134714e-04
    27      9 -7.6483468871589771e-02  1.0512085408012873e-02
    27     10  7.0834763924461585e-06  5.0015625374919616e-05
    27     11  1.9289883875726647e-03 -5.5746391692371492e-04
    27     12  7.4291902154299441e-02 -2.1470023746486249e-02
    27     13 -1.2414501024786824e-05  4.5860598945023553e-05
    27     14  8.1728528115849227e-04  2.0011845982915695e-03
    27     15 -2.7891156153583944e-02 -7.1130029821930493e-02
    27     16  7.4462374946779150e-06  5.2618604299041732e-05
    27     17  1.7914368460698745e-03 -5.2744570811897435e-04
    27     18  7.5013532721442081e-02 -2.2086014164261657e-02
    27     19  7.1446797004272765e-06  5.0481345361558409e-05
    27     20 -1.9628373767420640e-03  2.8622553494973932e-04
    27     21 -7.9914056711893125e-02  1.1648524004545078e-02
    27     22  2.3144717355308006e-05  3.8114394002585022e-05
    27     23  2.5088658267417125e-04 -2.3491239392791356e-03
    27     24 -7.7157913358853556e-03  8.3302708898867275e-02
    27     25  6.8086333891358948e-06  4.8091031821999189e-05
    27     26  2.1423185165107732e-03 -5.0549512404348248e-09
    27     27  0.0000000000000000e+00  0.0000000000000000e+00
