# AMAT exchange matrix
# mode pw_only
# implementation full_grid_only
# response_basis TODO
# shape 27 27
# q_ext 0.000000000000 0.000000000000 0.000000000000
# vasp_storage 0
# i j real imag
     1      1  0.0000000000000000e+00  0.0000000000000000e+00
     1      2 -6.3732000021027759e-11  5.3242541642068760e-11
     1      3  2.5756642076268611e-09 -1.4932851995379382e-09
     1      4  2.6613653806585667e-04  5.5384465923552429e-06
     1      5 -1.4656680726076377e-10  2.5322289913992035e-11
     1      6  1.5754492570861367e-09  2.5806910537315148e-09
     1      7  2.6453779164982509e-04  5.5274267293728636e-06
     1      8 -3.2649353599238916e-11 -4.2423087293269232e-12
     1      9 -2.0056911296176227e-09 -1.8734916061143446e-09
     1     10  2.6219914674529556e-04  5.4891548030185563e-06
     1     11 -6.4131603327191372e-11  1.2840329759193988e-10
     1     12  2.3066939508035651e-09  1.6561883162930865e-09
     1     13  2.3688363001571434e-04  1.0749684997916240e-04
     1     14 -1.1845542475561506e-10 -1.1806666000614248e-10
     1     15  1.8246298487351880e-09 -2.5568898047325768e-09
     1     16  2.6613485841611576e-04  5.6184394323970960e-06
     1     17 -1.3350993983244413e-10  8.4793043732339164e-11
     1     18  2.1562437183044688e-09  2.2000776220017314e-09
     1     19  2.6453705102124926e-04  5.5624528029151803e-06
     1     20 -2.2436939716528616e-11 -1.1809247625679947e-10
     1     21 -1.7262690045506009e-09 -2.9494188715956881e-09
     1     22  2.4118002137485435e-04 -9.7476221312375503e-05
     1     23  3.0449801651437863e-12  1.8003901638129095e-10
     1     24 -2.6894231070866579e-09  7.3141082617264703e-10
     1     25  2.6219885159042280e-04  5.5026865250500461e-06
     1     26 -9.6403664929018404e-11 -7.2282951913532963e-12
     1     27  1.1364263056411805e-09  3.0496620907952638e-09
     2      1 -6.3732000021733576e-11 -5.3242541642779076e-11
     2      2  0.0000000000000000e+00  0.0000000000000000e+00
     2      3  1.7814242358464817e-03 -5.7269981213893029e-06
     2      4 -1.3644020276190947e-10 -7.9519168658392856e-11
     2      5 -8.7220840915602336e-07  5.3208072951555552e-05
     2      6 -2.9481612466755464e-05  1.7983962151890936e-03
     2      7 -8.7725595719282554e-11 -1.3900163986375469e-10
     2      8 -6.8760251090028192e-06 -5.4658259909952356e-05
     2      9 -2.2802400545283551e-04 -1.8117420793432469e-03
     2     10 -1.2430137483408204e-10 -1.4919162013907125e-10
     2     11  1.5392639724658176e-05  5.5630384929320624e-05
     2     12  4.9090778864565514e-04  1.7741620045617428e-03
     2     13 -8.4813383204814079e-11 -1.3992531532113717e-10
     2     14 -5.7193411741759590e-05  2.2601477920163645e-05
     2     15  1.7192157740258467e-03 -6.5164517261775089e-04
     2     16 -1.1206512809003151e-10 -8.2507810513409678e-11
     2     17  1.4447816094704217e-05  5.1216407658669007e-05
     2     18  4.8832815028180686e-04  1.7310788190025913e-03
     2     19 -1.7554145547222856e-10 -1.2738325391414642e-10
     2     20 -7.3279302360098685e-06 -5.4599509205902904e-05
     2     21 -2.4279448318678565e-04 -1.8098219114662836e-03
     2     22 -1.6056360601958447e-10 -3.8737771892330766e-11
     2     23  6.1071173544972215e-05  7.2265946623123678e-06
     2     24 -1.8286855939430456e-03 -1.9040309159459911e-04
     2     25 -1.4625227707821549e-10 -1.4684488766777608e-10
     2     26 -6.5702865105410749e-07  5.7716902978912259e-05
     2     27 -2.0959671071616452e-05  1.8407069663336506e-03
     3      1  2.5756642076479931e-09  1.4932851995705004e-09
     3      2  1.7814242358464817e-03  5.7269981213893597e-06
     3      3  0.0000000000000000e+00  0.0000000000000000e+00
     3      4 -6.5743795997860194e-10  2.3657923422295740e-09
     3      5 -3.5621797999988575e-05  1.8166835662781595e-03
     3      6 -1.4505780722566630e-03  7.3974593090086194e-02
     3      7  1.3368168718135799e-09 -1.8774763586540906e-10
     3      8 -2.3145073736426035e-04 -1.8888445085717971e-03
     3      9 -9.1571766867042121e-03 -7.4694841145007379e-02
     3     10  1.1484773160800109e-09 -8.4623754002354339e-10
     3     11  5.3451505731791902e-04  1.9562298972840425e-03
     3     12  2.0040499128570425e-02  7.3343841226725298e-02
     3     13 -3.7238491873489586e-10  1.3836439527409230e-10
     3     14 -2.0608345597848601e-03  8.0674290281628879e-04
     3     15  7.1297540184832670e-02 -2.6762516135660920e-02
     3     16  1.1566156776024930e-09  2.1358473472393060e-09
     3     17  4.8769599165871181e-04  1.7503601662673071e-03
     3     18  1.9858846700655988e-02  7.1273913925870652e-02
     3     19 -1.4115908673298306e-09  1.6051338472756070e-10
     3     20 -2.4706901225894661e-04 -1.8868651047021202e-03
     3     21 -9.7661480828305138e-03 -7.4617662306984064e-02
     3     22  3.3345207236767478e-10  7.7183923993708350e-11
     3     23  2.1969331721457671e-03  2.6712885931930532e-04
     3     24 -7.5719701715244003e-02 -8.1300845121227497e-03
     3     25 -1.3935845189017251e-09 -5.2415782906576570e-10
     3     26 -2.9603159308191128e-05  2.0277241943376587e-03
     3     27 -1.1101112829474419e-03  7.6024392802915453e-02
     4      1  2.6613653806585667e-04 -5.5384465923552437e-06
     4      2 -1.3644020276110953e-10  7.9519168658252675e-11
     4      3 -6.5743796000125728e-10 -2.3657923421960364e-09
     4      4  0.0000000000000000e+00  0.0000000000000000e+00
     4      5 -1.6979148456080661e-10 -4.6460005880777719e-11
     4      6  2.5487605314153795e-09 -6.2451698037294639e-10
     4      7  2.6423286868145250e-04  2.2223013219157520e-08
     4      8 -7.5964740278902564e-13  7.3037506529969405e-11
     4      9 -2.5895304613504346e-09  1.4673444798456011e-09
     4     10  2.6206726579544430e-04  3.2629568276429060e-08
     4     11 -1.0210023845718719e-10  5.1929249159076643e-11
     4     12  2.4478498927586628e-09 -1.7931493734773462e-09
     4     13  2.3913202320430347e-04  1.0257205648985266e-04
     4     14 -3.8020558917074427e-11 -1.6702691223499960e-10
     4     15 -1.6810603858351246e-09 -2.3819212921531513e-09
     4     16  2.6559949839887007e-04  7.9833713953667199e-08
     4     17 -1.7410956108703140e-10  2.4270066439927084e-11
     4     18  2.2061289695586266e-09 -1.1581589700831329e-09
     4     19  2.6398292981121962e-04  5.7154637269937805e-08
     4     20  3.6581110316880810e-12 -4.4902495927915818e-11
     4     21 -2.3809693806110731e-09  3.0632342107374327e-10
     4     22  2.3854175609550597e-04 -1.0223395637799406e-04
     4     23 -7.0345754303171452e-11  1.7133176577312878e-10
     4     24  4.2851013844175248e-11  2.2327220748878305e-09
     4     25  2.6164324633117777e-04  4.6082746288765749e-08
     4     26 -1.0768780191402447e-10 -8.0933626561696424e-11
     4     27  2.3341285184953123e-09  4.4079157676142670e-11
     5      1 -1.4656680726012707e-10 -2.5322289913289073e-11
     5      2 -8.7220840915602389e-07 -5.3208072951555546e-05
     5      3 -3.5621797999988582e-05 -1.8166835662781595e-03
     5      4 -1.6979148456044797e-10  4.6460005880681953e-11
     5      5  0.0000000000000000e+00  0.0000000000000000e+00
     5      6  1.8430553781297752e-03  1.8529760292715635e-09
     5      7 -2.3714612726738080e-10 -4.6585686837330838e-12
     5      8 -5.5819618335028255e-05  7.9535363952057402e-06
     5      9 -1.8606409046412452e-03  2.6522558673240193e-04
     5     10 -2.5305831153660108e-10  3.3266578631006472e-11
     5     11  5.6905777369843428e-05 -1.6754340581227313e-05
     5     12  1.8249203932256702e-03 -5.3730390233036542e-04
     5     13 -2.0681236165672200e-10 -5.1771000343189554e-11
     5     14  2.4300967331754673e-05  5.8662310909492679e-05
     5     15 -7.0537431556840478e-04 -1.7727404597961381e-03
     5     16 -1.7410956108698963e-10  2.4270066407497568e-11
     5     17  5.1607281761963007e-05 -1.5475608898724989e-05
     5     18  1.7511914895276073e-03 -5.2513617270340989e-04
     5     19 -2.2379257217493944e-10  8.9723095387474416e-11
     5     20 -5.5048899102331797e-05  8.3089086771721732e-06
     5     21 -1.8310345768887048e-03  2.7626273842775128e-04
     5     22 -1.6845659176238702e-10  1.2754279279727363e-10
     5     23  6.2656139051504116e-06 -6.1584135016181000e-05
     5     24 -1.6186310323334580e-04  1.8482138177881250e-03
     5     25 -2.4779237944180543e-10  6.7810043211554765e-11
     5     26  5.8226820672654665e-05 -2.9159647981807424e-07
     5     27  1.8625362515691684e-03 -9.3215800204326837e-06
     6      1  1.5754492570710922e-09 -2.5806910537375147e-09
     6      2 -2.9481612466755458e-05 -1.7983962151890936e-03
     6      3 -1.4505780722566628e-03 -7.3974593090086194e-02
     6      4  2.5487605314394757e-09  6.2451698035788798e-10
     6      5  1.8430553781297754e-03 -1.8529760292841631e-09
     6      6  0.0000000000000000e+00  0.0000000000000000e+00
     6      7 -1.6362231113983855e-10 -1.4535680776685589e-09
     6      8 -1.9196027057419064e-03  2.7351856550942124e-04
     6      9 -7.5994000035689790e-02  1.0832664728732408e-02
     6     10 -7.9481391149756874e-10 -1.1403424779920665e-09
     6     11  1.9905926249111656e-03 -5.8607827286648068e-04
     6     12  7.4710032961416512e-02 -2.1996655529939336e-02
     6     13  2.7798203765657023e-10  1.7027046180494822e-10
     6     14  8.7044914861420517e-04  2.1012488683462270e-03
     6     15 -2.8961211450677603e-02 -7.2784835053379349e-02
     6     16  2.2061289694303024e-09 -1.1581589714813229e-09
     6     17  1.7511914895276066e-03 -5.2513617270340881e-04
     6     18  7.1357731667624200e-02 -2.1398377295418103e-02
     6     19  1.7705631703236933e-10  1.3241492042059841e-09
     6     20 -1.8887088561596159e-03  2.8507832826407345e-04
     6     21 -7.4739097783600036e-02  1.1276552460829642e-02
     6     22  8.8983588332995220e-11 -6.0757160362518686e-10
     6     23  2.2369119057592986e-04 -2.1986551919381250e-03
     6     24 -6.6383286858365947e-03  7.5799680514303913e-02
     6     25 -4.4967073504596847e-10  1.4732171119472592e-09
     6     26  2.0307242150947305e-03 -1.0170867837134099e-05
     6     27  7.6183495816023891e-02 -3.8134910758722348e-04
     7      1  2.6453779164982503e-04 -5.5274267293728678e-06
     7      2 -8.7725595719281933e-11  1.3900163986521102e-10
     7      3  1.3368168718090093e-09  1.8774763591627849e-10
     7      4  2.6423286868145250e-04 -2.2223013219161256e-08
     7      5 -2.3714612726878060e-10  4.6585686814330960e-12
     7      6 -1.6362231116541425e-10  1.4535680776549799e-09
     7      7  0.0000000000000000e+00  0.0000000000000000e+00
     7      8  6.6480567203887662e-11  7.9914671760612187e-12
     7      9  1.5816514695938612e-11 -1.1575274471432069e-09
     7     10  2.6118022314424079e-04  1.0538080884806286e-08
     7     11 -1.6543033420776729e-10  1.3510470386229651e-10
     7     12  8.0761163510788352e-11  1.4094318167372707e-09
     7     13  2.3883688880614200e-04  1.0242164434673894e-04
     7     14 -1.4380039565945099e-10 -2.3354649071628073e-10
     7     15  1.9595447750379121e-09 -2.1433923224286822e-10
     7     16  2.6398292981121983e-04  5.7154637269934807e-08
     7     17 -2.2379257217507859e-10  8.9723095418492422e-11
     7     18  1.7705631711371538e-10  1.3241492055791204e-09
     7     19  2.6244054615708545e-04  3.4753361558276967e-08
     7     20  6.8527086127776547e-11 -9.7711367239116782e-11
     7     21  8.7018277423026170e-11 -1.6902198964721311e-09
     7     22  2.3751235329886531e-04 -1.0181642446397427e-04
     7     23 -4.0977742877343855e-11  2.5750192963224109e-10
     7     24 -8.8788579618835714e-10 -4.8514861540319364e-10
     7     25  2.6026765594916072e-04  2.3952518649073147e-08
     7     26 -1.8496669171346982e-10 -3.8838240703385729e-11
     7     27 -3.8902551328764822e-10  1.4529525816518904e-09
     8      1 -3.2649353597742501e-11  4.2423087303594288e-12
     8      2 -6.8760251090028209e-06  5.4658259909952356e-05
     8      3 -2.3145073736426038e-04  1.8888445085717971e-03
     8      4 -7.5964740263422796e-13 -7.3037506529456230e-11
     8      5 -5.5819618335028255e-05 -7.9535363952057402e-06
     8      6 -1.9196027057419064e-03 -2.7351856550942118e-04
     8      7  6.6480567203915799e-11 -7.9914671759678361e-12
     8      8  0.0000000000000000e+00  0.0000000000000000e+00
     8      9  1.9877215809075825e-03 -1.1558658675764803e-07
     8     10  8.7317227119932876e-11 -4.7569814656906478e-11
     8     11 -6.1697628937488585e-05  8.9966931459382362e-06
     8     12 -2.0010636309878015e-03  2.9180032218896571e-04
     8     13  6.2278764168884420e-11 -3.0274989654449746e-11
     8     14 -1.6698757491341443e-05 -6.5072200767962872e-05
     8     15  4.7895535559471918e-04  1.9815212455296795e-03
     8     16  3.6581110281330421e-12 -4.4902495899887159e-11
     8     17 -5.5048899102331776e-05  8.3089086771721817e-06
     8     18 -1.8887088561596154e-03  2.8507832826407480e-04
     8     19  6.8527086125621328e-11 -9.7711367210525956e-11
     8     20  5.7484436697820646e-05 -4.7553379284302173e-07
     8     21  1.9320354863154709e-03 -1.5871925545841572e-05
     8     22  1.8777354208907575e-11 -5.7072033154551331e-11
     8     23 -1.5346065549930977e-05  6.1924257891552188e-05
     8     24  4.3748017332543698e-04 -1.8778264812748565e-03
     8     25  9.1119231937692569e-11 -7.0857167411484034e-11
     8     26 -5.9517679091337640e-05 -8.1765782736990716e-06
     8     27 -1.9220967728283689e-03 -2.6406435848104324e-04
     9      1 -2.0056911295970131e-09  1.8734916061082325e-09
     9      2 -2.2802400545283551e-04  1.8117420793432469e-03
     9      3 -9.1571766867042121e-03  7.4694841145007379e-02
     9      4 -2.5895304613745043e-09 -1.4673444798577036e-09
     9      5 -1.8606409046412452e-03 -2.6522558673240199e-04
     9      6 -7.5994000035689804e-02 -1.0832664728732408e-02
     9      7  1.5816514719957307e-11  1.1575274471265545e-09
     9      8  1.9877215809075825e-03  1.1558658675766607e-07
     9      9  0.0000000000000000e+00  0.0000000000000000e+00
     9     10  6.4051916855793706e-10  8.4870490172706697e-10
     9     11 -2.1159066206668251e-03  3.0841523213511179e-04
     9     12 -7.9565635215145425e-02  1.1597736970854028e-02
     9     13 -1.7469997761274780e-10 -3.7991640452890614e-10
     9     14 -5.8549449142955047e-04 -2.2821209771412584e-03
     9     15  1.9091906346459877e-02  7.9006699979229461e-02
     9     16 -2.3809693809657169e-09  3.0632342269303234e-10
     9     17 -1.8310345768887040e-03  2.7626273842775025e-04
     9     18 -7.4739097783600023e-02  1.1276552460829641e-02
     9     19  8.7018277212539232e-11 -1.6902198948782603e-09
     9     20  1.9320354863154717e-03 -1.5871925545840203e-05
     9     21  7.6579177467290468e-02 -6.2466713269942727e-04
     9     22 -3.9836343549437008e-10  4.7221308807587778e-10
     9     23 -5.3573227643636135e-04  2.1612453670715962e-03
     9     24  1.7422650618936372e-02 -7.4764825704778562e-02
     9     25  7.0604595946416352e-10 -1.9181577864042817e-09
     9     26 -2.0316308414705100e-03 -2.7922678178580562e-04
     9     27 -7.6335610990784453e-02 -1.0491763343388730e-02
    10      1  2.6219914674529556e-04 -5.4891548030185580e-06
    10      2 -1.2430137483337563e-10  1.4919162013895555e-10
    10      3  1.1484773160799361e-09  8.4623754000247510e-10
    10      4  2.6206726579544430e-04 -3.2629568276428060e-08
    10      5 -2.5305831153952469e-10 -3.3266578630820440e-11
    10      6 -7.9481391146979315e-10  1.1403424779842664e-09
    10      7  2.6118022314424079e-04 -1.0538080884805275e-08
    10      8  8.7317227119201855e-11  4.7569814656904662e-11
    10      9  6.4051916855440107e-10 -8.4870490173164935e-10
    10     10  0.0000000000000000e+00  0.0000000000000000e+00
    10     11 -1.8866206659637369e-10  9.4768209126292443e-11
    10     12 -5.5204214233657234e-10  1.0786747760364760e-09
    10     13  2.3859947672591136e-04  1.0230844364624189e-04
    10     14 -1.0679719438165837e-10 -2.6413191121177289e-10
    10     15  1.5303807446002833e-09  4.3668620180073424e-10
    10     16  2.6164324633117783e-04  4.6082746289012838e-08
    10     17 -2.4779237944162096e-10  6.7810043244677054e-11
    10     18 -4.4967073489382100e-10  1.4732171132418165e-09
    10     19  2.6026765594916056e-04  2.3952518649318879e-08
    10     20  9.1119231939934629e-11 -7.0857167438275483e-11
    10     21  7.0604595958462252e-10 -1.9181577879011129e-09
    10     22  2.3632604387533010e-04 -1.0131915863552659e-04
    10     23 -6.5347152008849252e-11  2.8376249782456615e-10
    10     24 -1.3236298543989916e-09 -1.2765168191157052e-09
    10     25  2.5843776411670191e-04  1.3351391966826683e-08
    10     26 -2.0807978256645247e-10 -6.2271685195809489e-11
    10     27 -1.0726818693317726e-09  1.7654308491622317e-09
    11      1 -6.4131603326991453e-11 -1.2840329759179523e-10
    11      2  1.5392639724658176e-05 -5.5630384929320624e-05
    11      3  5.3451505731791902e-04 -1.9562298972840425e-03
    11      4 -1.0210023845659845e-10 -5.1929249158278091e-11
    11      5  5.6905777369843428e-05  1.6754340581227313e-05
    11      6  1.9905926249111656e-03  5.8607827286648068e-04
    11      7 -1.6543033420700297e-10 -1.3510470386173266e-10
    11      8 -6.1697628937488572e-05 -8.9966931459382379e-06
    11      9 -2.1159066206668251e-03 -3.0841523213511179e-04
    11     10 -1.8866206659625615e-10 -9.4768209126425464e-11
    11     11  0.0000000000000000e+00  0.0000000000000000e+00
    11     12  2.1868744128268891e-03 -5.9046062388472884e-09
    11     13 -1.0167689047412508e-10 -1.3884658588656383e-10
    11     14  7.6594106659939922e-06  7.1715302488333345e-05
    11     15 -2.0445224327892393e-04 -2.2072831207394714e-03
    11     16 -1.0768780191050700e-10 -8.0933626588199899e-11
    11     17  5.8226820672654618e-05 -2.9159647981807244e-07
    11     18  2.0307242150947305e-03 -1.0170867837135560e-05
    11     19 -1.8496669170975203e-10 -3.8838240733965116e-11
    11     20 -5.9517679091337640e-05 -8.1765782736990868e-06
    11     21 -2.0316308414705109e-03 -2.7922678178580410e-04
    11     22 -1.7348721267443495e-10 -2.1530107113381617e-11
    11     23  2.5162770226118820e-05 -6.1613490512209837e-05
    11     24 -7.4349887061942170e-04  1.8961397062447326e-03
    11     25 -2.0807978256374226e-10 -6.2271685222742800e-11
    11     26  6.0264547066738309e-05  1.7415778110026832e-05
    11     27  1.9741959687681770e-03  5.7052773492843303e-04
    12      1  2.3066939507813143e-09 -1.6561883162929130e-09
    12      2  4.9090778864565514e-04 -1.7741620045617428e-03
    12      3  2.0040499128570425e-02 -7.3343841226725312e-02
    12      4  2.4478498927433521e-09  1.7931493734833577e-09
    12      5  1.8249203932256702e-03  5.3730390233036542e-04
    12      6  7.4710032961416512e-02  2.1996655529939339e-02
    12      7  8.0761163539816149e-11 -1.4094318167115300e-09
    12      8 -2.0010636309878015e-03 -2.9180032218896571e-04
    12      9 -7.9565635215145425e-02 -1.1597736970854028e-02
    12     10 -5.5204214234029135e-10 -1.0786747760509696e-09
    12     11  2.1868744128268891e-03  5.9046062388689283e-09
    12     12  0.0000000000000000e+00  0.0000000000000000e+00
    12     13  2.1608467267752250e-10  5.3848022825391397e-11
    12     14  2.5730461442321654e-04  2.4092171661787678e-03
    12     15 -7.7229948658945977e-03 -8.3380480832730836e-02
    12     16  2.3341285186247693e-09  4.4079156517591733e-11
    12     17  1.8625362515691673e-03 -9.3215800204317689e-06
    12     18  7.6183495816023891e-02 -3.8134910758722430e-04
    12     19 -3.8902551319795573e-10  1.4529525804918411e-09
    12     20 -1.9220967728283695e-03 -2.6406435848104460e-04
    12     21 -7.6335610990784467e-02 -1.0491763343388728e-02
    12     22  5.1238824376932013e-10 -7.1832539423216867e-10
    12     23  8.4135241814259430e-04 -2.0601147346916257e-03
    12     24 -2.8052622554787524e-02  7.1541813346706992e-02
    12     25 -1.0726818692253021e-09  1.7654308480758785e-09
    12     26  1.9741959687681761e-03  5.7052773492843444e-04
    12     27  7.4314053394933785e-02  2.1476425226669482e-02
    13      1  2.3688363001571439e-04 -1.0749684997916240e-04
    13      2 -8.4813383204647815e-11  1.3992531531971949e-10
    13      3 -3.7238491877863464e-10 -1.3836439522216229e-10
    13      4  2.3913202320430350e-04 -1.0257205648985266e-04
    13      5 -2.0681236165681798e-10  5.1771000343225394e-11
    13      6  2.7798203768552274e-10 -1.7027046181697654e-10
    13      7  2.3883688880614205e-04 -1.0242164434673894e-04
    13      8  6.2278764169398461e-11  3.0274989654606174e-11
    13      9 -1.7469997763235263e-10  3.7991640450316428e-10
    13     10  2.3859947672591136e-04 -1.0230844364624189e-04
    13     11 -1.0167689047578735e-10  1.3884658588656520e-10
    13     12  2.1608467272731864e-10 -5.3848022844670037e-11
    13     13  0.0000000000000000e+00  0.0000000000000000e+00
    13     14 -1.9306804512234579e-10 -1.7633089287255144e-10
    13     15  5.3200472155346996e-10 -4.5140777563907898e-10
    13     16  2.3854175609550602e-04 -1.0223395637799414e-04
    13     17 -1.6845659175122424e-10  1.2754279282354070e-10
    13     18  8.8983588857570869e-11 -6.0757160258738063e-10
    13     19  2.3751235329886542e-04 -1.0181642446397432e-04
    13     20  1.8777354198474465e-11 -5.7072033177469520e-11
    13     21 -3.9836343589347734e-10  4.7221308675306937e-10
    13     22  1.7697523388004633e-04 -1.8594049917501136e-04
    13     23 -1.2103929011363308e-11  2.3828307497577377e-10
    13     24  1.2049057521562618e-09  5.8436150098299900e-10
    13     25  2.3632604387533010e-04 -1.0131915863552691e-04
    13     26 -1.7348721266983784e-10 -2.1530107089625329e-11
    13     27  5.1238824410525441e-10 -7.1832539331062184e-10
    14      1 -1.1845542475711952e-10  1.1806666000585871e-10
    14      2 -5.7193411741759590e-05 -2.2601477920163648e-05
    14      3 -2.0608345597848601e-03 -8.0674290281628879e-04
    14      4 -3.8020558917450885e-11  1.6702691223416037e-10
    14      5  2.4300967331754673e-05 -5.8662310909492692e-05
    14      6  8.7044914861420517e-04 -2.1012488683462274e-03
    14      7 -1.4380039566034390e-10  2.3354649071424592e-10
    14      8 -1.6698757491341440e-05  6.5072200767962872e-05
    14      9 -5.8549449142955058e-04  2.2821209771412584e-03
    14     10 -1.0679719438147414e-10  2.6413191121008927e-10
    14     11  7.6594106659939922e-06 -7.1715302488333345e-05
    14     12  2.5730461442321649e-04 -2.4092171661787678e-03
    14     13 -1.9306804512244513e-10  1.7633089287185219e-10
    14     14  0.0000000000000000e+00  0.0000000000000000e+00
    14     15 -2.4703759162092850e-03 -3.4678441623540670e-05
    14     16 -7.0345754334901390e-11  1.7133176576440569e-10
    14     17  6.2656139051504192e-06 -6.1584135016180973e-05
    14     18  2.2369119057592883e-04 -2.1986551919381254e-03
    14     19 -4.0977742905067848e-11  2.5750192962256282e-10
    14     20 -1.5346065549931001e-05  6.1924257891552201e-05
    14     21 -5.3573227643636048e-04  2.1612453670715966e-03
    14     22 -1.2103929037945478e-11  2.3828307498020472e-10
    14     23 -6.2122194570350878e-05 -3.3465052111314625e-05
    14     24  1.9498305688833142e-03  1.0153195412784671e-03
    14     25 -6.5347152040588664e-11  2.8376249781354805e-10
    14     26  2.5162770226118827e-05 -6.1613490512209837e-05
    14     27  8.4135241814259354e-04 -2.0601147346916266e-03
    15      1  1.8246298487591167e-09  2.5568898046843753e-09
    15      2  1.7192157740258467e-03  6.5164517261775078e-04
    15      3  7.1297540184832670e-02  2.6762516135660927e-02
    15      4 -1.6810603858200722e-09  2.3819212921578327e-09
    15      5 -7.0537431556840478e-04  1.7727404597961381e-03
    15      6 -2.8961211450677603e-02  7.2784835053379349e-02
    15      7  1.9595447750453538e-09  2.1433923226785928e-10
    15      8  4.7895535559471929e-04 -1.9815212455296795e-03
    15      9  1.9091906346459877e-02 -7.9006699979229447e-02
    15     10  1.5303807446152034e-09 -4.3668620180989196e-10
    15     11 -2.0445224327892390e-04  2.2072831207394714e-03
    15     12 -7.7229948658945951e-03  8.3380480832730822e-02
    15     13  5.3200472155346707e-10  4.5140777561004163e-10
    15     14 -2.4703759162092850e-03  3.4678441623540684e-05
    15     15  0.0000000000000000e+00  0.0000000000000000e+00
    15     16  4.2851015042048535e-11  2.2327220752758953e-09
    15     17 -1.6186310323334675e-04  1.8482138177881248e-03
    15     18 -6.6383286858365956e-03  7.5799680514303913e-02
    15     19 -8.8788579500997973e-10 -4.8514861496859656e-10
    15     20  4.3748017332543849e-04 -1.8778264812748574e-03
    15     21  1.7422650618936372e-02 -7.4764825704778590e-02
    15     22  1.2049057532198032e-09  5.8436150095357288e-10
    15     23  1.9498305688833138e-03  1.0153195412784676e-03
    15     24 -6.7956334833788809e-02 -3.4182536795267462e-02
    15     25 -1.3236298532844228e-09 -1.2765168187485683e-09
    15     26 -7.4349887061942301e-04  1.8961397062447320e-03
    15     27 -2.8052622554787524e-02  7.1541813346706978e-02
    16      1  2.6613485841611571e-04 -5.6184394323971028e-06
    16      2 -1.1206512809012275e-10  8.2507810513398162e-11
    16      3  1.1566156775964461e-09 -2.1358473471948496e-09
    16      4  2.6559949839887007e-04 -7.9833713953668125e-08
    16      5 -1.7410956108697169e-10 -2.4270066408150576e-11
    16      6  2.2061289694539506e-09  1.1581589714662560e-09
    16      7  2.6398292981121983e-04 -5.7154637269942265e-08
    16      8  3.6581110281027781e-12  4.4902495900023120e-11
    16      9 -2.3809693809632791e-09 -3.0632342271857284e-10
    16     10  2.6164324633117772e-04 -4.6082746289014724e-08
    16     11 -1.0768780191270547e-10  8.0933626588155968e-11
    16     12  2.3341285186082596e-09 -4.4079156485710350e-11
    16     13  2.3854175609550602e-04  1.0223395637799414e-04
    16     14 -7.0345754333488462e-11 -1.7133176576437030e-10
    16     15  4.2851015042128041e-11 -2.2327220753496091e-09
    16     16  0.0000000000000000e+00  0.0000000000000000e+00
    16     17 -1.6979148455810635e-10  4.6460005909683875e-11
    16     18  2.5487605315571062e-09  6.2451698176510470e-10
    16     19  2.6423286868145239e-04 -2.2223013219160111e-08
    16     20 -7.5964740353408132e-13 -7.3037506555436035e-11
    16     21 -2.5895304612619726e-09 -1.4673444814635587e-09
    16     22  2.3913202320430341e-04 -1.0257205648985254e-04
    16     23 -3.8020558885214590e-11  1.6702691224153396e-10
    16     24 -1.6810603870194646e-09  2.3819212918185563e-09
    16     25  2.6206726579544408e-04 -3.2629568276678987e-08
    16     26 -1.0210023845817323e-10 -5.1929249132006298e-11
    16     27  2.4478498927324854e-09  1.7931493746643392e-09
    17      1 -1.3350993983154126e-10 -8.4793043732380458e-11
    17      2  1.4447816094704219e-05 -5.1216407658669007e-05
    17      3  4.8769599165871181e-04 -1.7503601662673071e-03
    17      4 -1.7410956108709796e-10 -2.4270066440554953e-11
    17      5  5.1607281761963007e-05  1.5475608898724989e-05
    17      6  1.7511914895276066e-03  5.2513617270340881e-04
    17      7 -2.2379257217438960e-10 -8.9723095419340308e-11
    17      8 -5.5048899102331776e-05 -8.3089086771721800e-06
    17      9 -1.8310345768887040e-03 -2.7626273842775031e-04
    17     10 -2.4779237944096532e-10 -6.7810043244016370e-11
    17     11  5.8226820672654618e-05  2.9159647981807266e-07
    17     12  1.8625362515691673e-03  9.3215800204317638e-06
    17     13 -1.6845659175048723e-10 -1.2754279282436348e-10
    17     14  6.2656139051504192e-06  6.1584135016180973e-05
    17     15 -1.6186310323334669e-04 -1.8482138177881248e-03
    17     16 -1.6979148455726007e-10 -4.6460005911895704e-11
    17     17  0.0000000000000000e+00  0.0000000000000000e+00
    17     18  1.8430553781297748e-03 -1.8529760302384723e-09
    17     19 -2.3714612726732797e-10  4.6585686525774068e-12
    17     20 -5.5819618335028228e-05 -7.9535363952057487e-06
    17     21 -1.8606409046412441e-03 -2.6522558673240101e-04
    17     22 -2.0681236166748607e-10  5.1771000317707667e-11
    17     23  2.4300967331754650e-05 -5.8662310909492645e-05
    17     24 -7.0537431556840359e-04  1.7727404597961377e-03
    17     25 -2.5305831153705297e-10 -3.3266578662292569e-11
    17     26  5.6905777369843408e-05  1.6754340581227303e-05
    17     27  1.8249203932256695e-03  5.3730390233036412e-04
    18      1  2.1562437182803560e-09 -2.2000776220167870e-09
    18      2  4.8832815028180686e-04 -1.7310788190025913e-03
    18      3  1.9858846700655988e-02 -7.1273913925870652e-02
    18      4  2.2061289695560669e-09  1.1581589700921326e-09
    18      5  1.7511914895276069e-03  5.2513617270340978e-04
    18      6  7.1357731667624200e-02  2.1398377295418103e-02
    18      7  1.7705631711331942e-10 -1.3241492055671474e-09
    18      8 -1.8887088561596154e-03 -2.8507832826407475e-04
    18      9 -7.4739097783600009e-02 -1.1276552460829641e-02
    18     10 -4.4967073489578499e-10 -1.4732171132507825e-09
    18     11  2.0307242150947305e-03  1.0170867837135538e-05
    18     12  7.6183495816023891e-02  3.8134910758722386e-04
    18     13  8.8983588883319218e-11  6.0757160260846453e-10
    18     14  2.2369119057592888e-04  2.1986551919381254e-03
    18     15 -6.6383286858365947e-03 -7.5799680514303913e-02
    18     16  2.5487605315759820e-09 -6.2451698175160511e-10
    18     17  1.8430553781297748e-03  1.8529760302094854e-09
    18     18  0.0000000000000000e+00  0.0000000000000000e+00
    18     19 -1.6362231103364709e-10  1.4535680763095231e-09
    18     20 -1.9196027057419068e-03 -2.7351856550942259e-04
    18     21 -7.5994000035689804e-02 -1.0832664728732407e-02
    18     22  2.7798203720064415e-10 -1.7027046289873995e-10
    18     23  8.7044914861420615e-04 -2.1012488683462257e-03
    18     24 -2.8961211450677597e-02  7.2784835053379335e-02
    18     25 -7.9481391141158890e-10  1.1403424766851664e-09
    18     26  1.9905926249111651e-03  5.8607827286648198e-04
    18     27  7.4710032961416498e-02  2.1996655529939339e-02
    19      1  2.6453705102124926e-04 -5.5624528029151871e-06
    19      2 -1.7554145547132714e-10  1.2738325391345153e-10
    19      3 -1.4115908673583181e-09 -1.6051338475259732e-10
    19      4  2.6398292981121967e-04 -5.7154637269945395e-08
    19      5 -2.2379257217485634e-10 -8.9723095387380350e-11
    19      6  1.7705631705774100e-10 -1.3241492042253806e-09
    19      7  2.6244054615708545e-04 -3.4753361558286039e-08
    19      8  6.8527086125733191e-11  9.7711367210364048e-11
    19      9  8.7018277236521279e-11  1.6902198948873248e-09
    19     10  2.6026765594916056e-04 -2.3952518649322985e-08
    19     11 -1.8496669170987556e-10  3.8838240734762117e-11
    19     12 -3.8902551317864929e-10 -1.4529525804903057e-09
    19     13  2.3751235329886542e-04  1.0181642446397432e-04
    19     14 -4.0977742906576722e-11 -2.5750192962118437e-10
    19     15 -8.8788579504604905e-10  4.8514861498432488e-10
    19     16  2.6423286868145239e-04  2.2223013219149252e-08
    19     17 -2.3714612726809394e-10 -4.6585686525289133e-12
    19     18 -1.6362231098055244e-10 -1.4535680763155728e-09
    19     19  0.0000000000000000e+00  0.0000000000000000e+00
    19     20  6.6480567205475384e-11 -7.9914672054280465e-12
    19     21  1.5816514895846104e-11  1.1575274455598730e-09
    19     22  2.3883688880614194e-04 -1.0242164434673883e-04
    19     23 -1.4380039562787264e-10  2.3354649072494927e-10
    19     24  1.9595447738851391e-09  2.1433923188874126e-10
    19     25  2.6118022314424079e-04 -1.0538080885055636e-08
    19     26 -1.6543033421092688e-10 -1.3510470383415601e-10
    19     27  8.0761163469574530e-11 -1.4094318155711964e-09
    20      1 -2.2436939715100366e-11  1.1809247625844502e-10
    20      2 -7.3279302360098685e-06  5.4599509205902904e-05
    20      3 -2.4706901225894661e-04  1.8868651047021200e-03
    20      4  3.6581110293204575e-12  4.4902495928620919e-11
    20      5 -5.5048899102331797e-05 -8.3089086771721715e-06
    20      6 -1.8887088561596163e-03 -2.8507832826407345e-04
    20      7  6.8527086124728632e-11  9.7711367239208069e-11
    20      8  5.7484436697820646e-05  4.7553379284302152e-07
    20      9  1.9320354863154717e-03  1.5871925545840193e-05
    20     10  9.1119231938422336e-11  7.0857167438028027e-11
    20     11 -5.9517679091337640e-05  8.1765782736990868e-06
    20     12 -1.9220967728283695e-03  2.6406435848104460e-04
    20     13  1.8777354198437969e-11  5.7072033178953288e-11
    20     14 -1.5346065549931004e-05 -6.1924257891552201e-05
    20     15  4.3748017332543849e-04  1.8778264812748574e-03
    20     16 -7.5964740349436584e-13  7.3037506556475710e-11
    20     17 -5.5819618335028228e-05  7.9535363952057487e-06
    20     18 -1.9196027057419068e-03  2.7351856550942265e-04
    20     19  6.6480567204660029e-11  7.9914672054251045e-12
    20     20  0.0000000000000000e+00  0.0000000000000000e+00
    20     21  1.9877215809075829e-03  1.1558658675627445e-07
    20     22  6.2278764183160820e-11  3.0274989675475908e-11
    20     23 -1.6698757491341420e-05  6.5072200767962859e-05
    20     24  4.7895535559471793e-04 -1.9815212455296808e-03
    20     25  8.7317227122881283e-11  4.7569814683211752e-11
    20     26 -6.1697628937488585e-05 -8.9966931459382243e-06
    20     27 -2.0010636309878019e-03 -2.9180032218896441e-04
    21      1 -1.7262690046033769e-09  2.9494188716106080e-09
    21      2 -2.4279448318678565e-04  1.8098219114662836e-03
    21      3 -9.7661480828305138e-03  7.4617662306984051e-02
    21      4 -2.3809693806161011e-09 -3.0632342105707625e-10
    21      5 -1.8310345768887053e-03 -2.7626273842775128e-04
    21      6 -7.4739097783600036e-02 -1.1276552460829646e-02
    21      7  8.7018277426443395e-11  1.6902198964722488e-09
    21      8  1.9320354863154713e-03  1.5871925545841544e-05
    21      9  7.6579177467290468e-02  6.2466713269942770e-04
    21     10  7.0604595958242325e-10  1.9181577879062915e-09
    21     11 -2.0316308414705109e-03  2.7922678178580410e-04
    21     12 -7.6335610990784453e-02  1.0491763343388728e-02
    21     13 -3.9836343599135539e-10 -4.7221308675770365e-10
    21     14 -5.3573227643636048e-04 -2.1612453670715966e-03
    21     15  1.7422650618936372e-02  7.4764825704778604e-02
    21     16 -2.5895304612617551e-09  1.4673444814696999e-09
    21     17 -1.8606409046412441e-03  2.6522558673240101e-04
    21     18 -7.5994000035689804e-02  1.0832664728732407e-02
    21     19  1.5816514896657067e-11 -1.1575274455371675e-09
    21     20  1.9877215809075829e-03 -1.1558658675627684e-07
    21     21  0.0000000000000000e+00  0.0000000000000000e+00
    21     22 -1.7469997677355820e-10  3.7991640571092790e-10
    21     23 -5.8549449142955145e-04  2.2821209771412580e-03
    21     24  1.9091906346459877e-02 -7.9006699979229447e-02
    21     25  6.4051916881026561e-10 -8.4870490023567284e-10
    21     26 -2.1159066206668247e-03 -3.0841523213511330e-04
    21     27 -7.9565635215145425e-02 -1.1597736970854030e-02
    22      1  2.4118002137485435e-04  9.7476221312375503e-05
    22      2 -1.6056360601870665e-10  3.8737771892248242e-11
    22      3  3.3345207234360512e-10 -7.7183923987326742e-11
    22      4  2.3854175609550597e-04  1.0223395637799406e-04
    22      5 -1.6845659176311171e-10 -1.2754279279805100e-10
    22      6  8.8983588404325666e-11  6.0757160362521374e-10
    22      7  2.3751235329886531e-04  1.0181642446397425e-04
    22      8  1.8777354207499116e-11  5.7072033153840783e-11
    22      9 -3.9836343551515827e-10 -4.7221308808033288e-10
    22     10  2.3632604387533010e-04  1.0131915863552659e-04
    22     11 -1.7348721267438679e-10  2.1530107112533020e-11
    22     12  5.1238824381362010e-10  7.1832539424732179e-10
    22     13  1.7697523388004636e-04  1.8594049917501136e-04
    22     14 -1.2103929037545215e-11 -2.3828307497861162e-10
    22     15  1.2049057532184975e-09 -5.8436150098277287e-10
    22     16  2.3913202320430341e-04  1.0257205648985254e-04
    22     17 -2.0681236166856505e-10 -5.1771000316971302e-11
    22     18  2.7798203725029990e-10  1.7027046292128052e-10
    22     19  2.3883688880614194e-04  1.0242164434673883e-04
    22     20  6.2278764183636656e-11 -3.0274989676038217e-11
    22     21 -1.7469997678865725e-10 -3.7991640570348116e-10
    22     22  0.0000000000000000e+00  0.0000000000000000e+00
    22     23 -1.9306804510355930e-10  1.7633089289175480e-10
    22     24  5.3200472081274761e-10  4.5140777489412518e-10
    22     25  2.3859947672591147e-04  1.0230844364624165e-04
    22     26 -1.0167689048990254e-10 -1.3884658586755137e-10
    22     27  2.1608467218192212e-10  5.3848023709811435e-11
    23      1  3.0449801658952375e-12 -1.8003901638065100e-10
    23      2  6.1071173544972201e-05 -7.2265946623123678e-06
    23      3  2.1969331721457671e-03 -2.6712885931930527e-04
    23      4 -7.0345754301619054e-11 -1.7133176577318802e-10
    23      5  6.2656139051504116e-06  6.1584135016181000e-05
    23      6  2.2369119057592975e-04  2.1986551919381250e-03
    23      7 -4.0977742875792207e-11 -2.5750192962980907e-10
    23      8 -1.5346065549930974e-05 -6.1924257891552188e-05
    23      9 -5.3573227643636135e-04 -2.1612453670715962e-03
    23     10 -6.5347152009694812e-11 -2.8376249782484021e-10
    23     11  2.5162770226118820e-05  6.1613490512209837e-05
    23     12  8.4135241814259430e-04  2.0601147346916262e-03
    23     13 -1.2103929010608828e-11 -2.3828307497653638e-10
    23     14 -6.2122194570350878e-05  3.3465052111314625e-05
    23     15  1.9498305688833133e-03 -1.0153195412784676e-03
    23     16 -3.8020558884977551e-11 -1.6702691224134746e-10
    23     17  2.4300967331754650e-05  5.8662310909492645e-05
    23     18  8.7044914861420593e-04  2.1012488683462257e-03
    23     19 -1.4380039562613226e-10 -2.3354649072485890e-10
    23     20 -1.6698757491341416e-05 -6.5072200767962859e-05
    23     21 -5.8549449142955145e-04 -2.2821209771412580e-03
    23     22 -1.9306804510336970e-10 -1.7633089289265095e-10
    23     23  0.0000000000000000e+00  0.0000000000000000e+00
    23     24 -2.4703759162092841e-03  3.4678441623541761e-05
    23     25 -1.0679719435121270e-10 -2.6413191122254909e-10
    23     26  7.6594106659939804e-06  7.1715302488333359e-05
    23     27  2.5730461442321757e-04  2.4092171661787673e-03
    24      1 -2.6894231070625261e-09 -7.3141082614632593e-10
    24      2 -1.8286855939430456e-03  1.9040309159459911e-04
    24      3 -7.5719701715243989e-02  8.1300845121227497e-03
    24      4  4.2851013865430345e-11 -2.2327220748618831e-09
    24      5 -1.6186310323334583e-04 -1.8482138177881250e-03
    24      6 -6.6383286858365956e-03 -7.5799680514303913e-02
    24      7 -8.8788579618519256e-10  4.8514861541678959e-10
    24      8  4.3748017332543698e-04  1.8778264812748565e-03
    24      9  1.7422650618936372e-02  7.4764825704778562e-02
    24     10 -1.3236298543945582e-09  1.2765168190555669e-09
    24     11 -7.4349887061942170e-04 -1.8961397062447326e-03
    24     12 -2.8052622554787531e-02 -7.1541813346706992e-02
    24     13  1.2049057521661207e-09 -5.8436150103498492e-10
    24     14  1.9498305688833142e-03 -1.0153195412784671e-03
    24     15 -6.7956334833788809e-02  3.4182536795267462e-02
    24     16 -1.6810603870223732e-09 -2.3819212918110467e-09
    24     17 -7.0537431556840359e-04 -1.7727404597961377e-03
    24     18 -2.8961211450677597e-02 -7.2784835053379335e-02
    24     19  1.9595447738971006e-09 -2.1433923186545559e-10
    24     20  4.7895535559471793e-04  1.9815212455296808e-03
    24     21  1.9091906346459877e-02  7.9006699979229447e-02
    24     22  5.3200472084591869e-10 -4.5140777490658961e-10
    24     23 -2.4703759162092841e-03 -3.4678441623541775e-05
    24     24  0.0000000000000000e+00  0.0000000000000000e+00
    24     25  1.5303807435222312e-09  4.3668620210059704e-10
    24     26 -2.0445224327892236e-04 -2.2072831207394718e-03
    24     27 -7.7229948658945960e-03 -8.3380480832730808e-02
    25      1  2.6219885159042280e-04 -5.5026865250500529e-06
    25      2 -1.4625227707662435e-10  1.4684488766642051e-10
    25      3 -1.3935845189061752e-09  5.2415782908696189e-10
    25      4  2.6164324633117777e-04 -4.6082746288766900e-08
    25      5 -2.4779237944307706e-10 -6.7810043211606244e-11
    25      6 -4.4967073502579850e-10 -1.4732171119469223e-09
    25      7  2.6026765594916072e-04 -2.3952518649080403e-08
    25      8  9.1119231938622217e-11  7.0857167410639664e-11
    25      9  7.0604595948974759e-10  1.9181577863995229e-09
    25     10  2.5843776411670191e-04 -1.3351391966828154e-08
    25     11 -2.0807978256312932e-10  6.2271685222505709e-11
    25     12 -1.0726818692388358e-09 -1.7654308480336298e-09
    25     13  2.3632604387533015e-04  1.0131915863552691e-04
    25     14 -6.5347152040497415e-11 -2.8376249781505802e-10
    25     15 -1.3236298533204054e-09  1.2765168187222050e-09
    25     16  2.6206726579544408e-04  3.2629568276673468e-08
    25     17 -2.5305831153800268e-10  3.3266578662388199e-11
    25     18 -7.9481391141687159e-10 -1.1403424766881546e-09
    25     19  2.6118022314424079e-04  1.0538080885045429e-08
    25     20  8.7317227123813374e-11 -4.7569814683210893e-11
    25     21  6.4051916879158932e-10  8.4870490023692002e-10
    25     22  2.3859947672591147e-04 -1.0230844364624166e-04
    25     23 -1.0679719435351731e-10  2.6413191122100857e-10
    25     24  1.5303807434920290e-09 -4.3668620209681398e-10
    25     25  0.0000000000000000e+00  0.0000000000000000e+00
    25     26 -1.8866206659835967e-10 -9.4768209097440344e-11
    25     27 -5.5204214245600482e-10 -1.0786747749870294e-09
    26      1 -9.6403664931486091e-11  7.2282951911701195e-12
    26      2 -6.5702865105410738e-07 -5.7716902978912266e-05
    26      3 -2.9603159308191104e-05 -2.0277241943376587e-03
    26      4 -1.0768780191337711e-10  8.0933626562490246e-11
    26      5  5.8226820672654665e-05  2.9159647981807409e-07
    26      6  2.0307242150947305e-03  1.0170867837134121e-05
    26      7 -1.8496669171284369e-10  3.8838240703200660e-11
    26      8 -5.9517679091337640e-05  8.1765782736990716e-06
    26      9 -2.0316308414705100e-03  2.7922678178580562e-04
    26     10 -2.0807978256572385e-10  6.2271685195736128e-11
    26     11  6.0264547066738309e-05 -1.7415778110026829e-05
    26     12  1.9741959687681761e-03 -5.7052773492843444e-04
    26     13 -1.7348721266903824e-10  2.1530107089766783e-11
    26     14  2.5162770226118834e-05  6.1613490512209837e-05
    26     15 -7.4349887061942279e-04 -1.8961397062447320e-03
    26     16 -1.0210023845670005e-10  5.1929249132763627e-11
    26     17  5.6905777369843408e-05 -1.6754340581227303e-05
    26     18  1.9905926249111651e-03 -5.8607827286648198e-04
    26     19 -1.6543033421103248e-10  1.3510470383443846e-10
    26     20 -6.1697628937488585e-05  8.9966931459382260e-06
    26     21 -2.1159066206668247e-03  3.0841523213511325e-04
    26     22 -1.0167689048914075e-10  1.3884658586834779e-10
    26     23  7.6594106659939804e-06 -7.1715302488333359e-05
    26     24 -2.0445224327892233e-04  2.2072831207394714e-03
    26     25 -1.8866206659757181e-10  9.4768209097395935e-11
    26     26  0.0000000000000000e+00  0.0000000000000000e+00
    26     27  2.1868744128268891e-03  5.9046062373453261e-09
    27      1  1.1364263055928688e-09 -3.0496620907938957e-09
    27      2 -2.0959671071616466e-05 -1.8407069663336506e-03
    27      3 -1.1101112829474413e-03 -7.6024392802915466e-02
    27      4  2.3341285185028892e-09 -4.4079157670266333e-11
    27      5  1.8625362515691684e-03  9.3215800204327091e-06
    27      6  7.6183495816023891e-02  3.8134910758722430e-04
    27      7 -3.8902551326520314e-10 -1.4529525816413465e-09
    27      8 -1.9220967728283689e-03  2.6406435848104324e-04
    27      9 -7.6335610990784453e-02  1.0491763343388730e-02
    27     10 -1.0726818693047660e-09 -1.7654308491580760e-09
    27     11  1.9741959687681770e-03 -5.7052773492843303e-04
    27     12  7.4314053394933771e-02 -2.1476425226669482e-02
    27     13  5.1238824410590582e-10  7.1832539331349237e-10
    27     14  8.4135241814259354e-04  2.0601147346916266e-03
    27     15 -2.8052622554787524e-02 -7.1541813346706978e-02
    27     16  2.4478498927279723e-09 -1.7931493746614217e-09
    27     17  1.8249203932256695e-03 -5.3730390233036422e-04
    27     18  7.4710032961416512e-02 -2.1996655529939339e-02
    27     19  8.0761163471761479e-11  1.4094318155666081e-09
    27     20 -2.0010636309878019e-03  2.9180032218896436e-04
    27     21 -7.9565635215145425e-02  1.1597736970854030e-02
    27     22  2.1608467216302518e-10 -5.3848023696307343e-11
    27     23  2.5730461442321757e-04 -2.4092171661787673e-03
    27     24 -7.7229948658945951e-03  8.3380480832730808e-02
    27     25 -5.5204214242683295e-10  1.0786747749916087e-09
    27     26  2.1868744128268891e-03 -5.9046062373331963e-09
    27     27  0.0000000000000000e+00  0.0000000000000000e+00
