                28                28
     1BSE eigenvalue   -0.28851911      IP-eigenvalue:    0.74947955
  0.00000  0.00000  0.00000    -6.0785256    -1.5869842     0.0001712     9    11     -0.000019+i*     0.000000
  0.00000  0.00000  0.00000    -4.1241113    -1.5869842     0.0582817    10    11      0.006402+i*    -0.000974
  0.00000  0.00000  0.00000    -4.1241113     1.1932086     0.3385912    10    12      0.037193+i*    -0.005657
  0.33333  0.00000  0.00000    -4.5946561    -0.0464668     0.0000567     9    11      0.000003+i*    -0.000005
  0.33333  0.00000  0.00000    -2.8335705    -0.0464668     0.0085907    10    11      0.000886+i*     0.000356
  0.33333  0.00000  0.00000    -2.8335705     2.6619915     0.0853447    10    12      0.008798+i*     0.003538
  0.00000  0.33333  0.00000    -5.1496778    -1.5869842     0.0125241     9    11     -0.000720+i*    -0.001191
  0.00000  0.33333  0.00000    -3.1203342    -1.5869842     0.0067584    10    11      0.000641+i*    -0.000391
  0.00000  0.33333  0.00000    -3.1203342     1.1932086     0.0213934    10    12      0.002029+i*    -0.001238
  0.33333  0.33333  0.00000    -4.2052738    -0.0451223     0.0002891     9    11     -0.000029+i*    -0.000013
  0.33333  0.33333  0.00000    -2.8912559    -0.0451223     0.0020550    10    11     -0.000125+i*     0.000191
  0.33333  0.33333  0.00000    -2.8912559     2.6226298     0.0122594    10    12      0.000765+i*    -0.001127
 -0.33333  0.33333  0.00000    -4.4620760    -0.0464668     0.0001780     9    11     -0.000020+i*    -0.000001
 -0.33333  0.33333  0.00000    -3.2688503    -0.0464668     0.0013445    10    11      0.000116+i*     0.000094
 -0.33333  0.33333  0.00000    -3.2688503     2.6619915     0.0078110    10    12      0.000672+i*     0.000549
 -0.33333  0.00000  0.00000    -4.5946561    -0.0451223     0.0000555     9    11      0.000005+i*     0.000003
 -0.33333  0.00000  0.00000    -2.8335705    -0.0451223     0.0099646    10    11      0.000798+i*    -0.000768
 -0.33333  0.00000  0.00000    -2.8335705     2.6226298     0.0970449    10    12     -0.007663+i*     0.007586
  0.00000 -0.33333  0.00000    -5.1496778    -2.3708546     0.0002054     9    11     -0.000013+i*     0.000019
  0.00000 -0.33333  0.00000    -3.1203342    -2.3708546     7.2516594    10    11     -0.654385+i*    -0.470104
  0.00000 -0.33333  0.00000    -5.1496778     0.4107230     0.0062311     9    12     -0.000403+i*     0.000563
  0.00000 -0.33333  0.00000    -3.1203342     0.4107230     5.3088449    10    12     -0.477958+i*    -0.345695
  0.33333 -0.33333  0.00000    -4.4620760    -0.8328566     0.0000522     9    11     -0.000003+i*    -0.000005
  0.33333 -0.33333  0.00000    -3.2688503    -0.8328566     0.0220739    10    11      0.002248+i*     0.000981
  0.33333 -0.33333  0.00000    -3.2688503     1.9685811     0.1824995    10    12      0.018586+i*     0.008109
 -0.33333 -0.33333  0.00000    -4.2052738    -0.8328566     0.0000553     9    11      0.000003+i*    -0.000005
 -0.33333 -0.33333  0.00000    -2.8912559    -0.8328566     0.0325514    10    11      0.003349+i*     0.001366
 -0.33333 -0.33333  0.00000    -2.8912559     1.9685811     0.2427281    10    12      0.024972+i*     0.010186
     2BSE eigenvalue   -0.10776277      IP-eigenvalue:    1.53335004
  0.00000  0.00000  0.00000    -6.0785256    -1.5869842     0.0000741     9    11      0.000008+i*     0.000000
  0.00000  0.00000  0.00000    -4.1241113    -1.5869842     0.0150923    10    11     -0.001657+i*     0.000255
  0.00000  0.00000  0.00000    -4.1241113     1.1932086     0.4763486    10    12     -0.052311+i*     0.008055
  0.33333  0.00000  0.00000    -4.5946561    -0.0464668     0.0000985     9    11     -0.000005+i*     0.000009
  0.33333  0.00000  0.00000    -2.8335705    -0.0464668     0.0087947    10    11     -0.000907+i*    -0.000363
  0.33333  0.00000  0.00000    -2.8335705     2.6619915     0.1201651    10    12     -0.012397+i*    -0.004958
  0.00000  0.33333  0.00000    -5.1496778    -1.5869842     0.0057368     9    11     -0.000331+i*    -0.000545
  0.00000  0.33333  0.00000    -3.1203342    -1.5869842     0.0077850    10    11     -0.000738+i*     0.000452
  0.00000  0.33333  0.00000    -3.1203342     1.1932086     0.0327989    10    12     -0.003108+i*     0.001903
  0.33333  0.33333  0.00000    -4.2052738    -0.0451223     0.0008652     9    11     -0.000087+i*    -0.000041
  0.33333  0.33333  0.00000    -2.8912559    -0.0451223     0.0026747    10    11      0.000163+i*    -0.000249
  0.33333  0.33333  0.00000    -2.8912559     2.6226298     0.0161659    10    12     -0.001007+i*     0.001487
 -0.33333  0.33333  0.00000    -4.4620760    -0.0464668     0.0009329     9    11     -0.000104+i*    -0.000003
 -0.33333  0.33333  0.00000    -3.2688503    -0.0464668     0.0017508    10    11     -0.000151+i*    -0.000123
 -0.33333  0.33333  0.00000    -3.2688503     2.6619915     0.0103761    10    12     -0.000895+i*    -0.000727
 -0.33333  0.00000  0.00000    -4.5946561    -0.0451223     0.0000037     9    11     -0.000000+i*     0.000000
 -0.33333  0.00000  0.00000    -2.8335705    -0.0451223     0.0109979    10    11     -0.000879+i*     0.000849
 -0.33333  0.00000  0.00000    -2.8335705     2.6226298     0.1387589    10    12      0.010937+i*    -0.010867
  0.00000 -0.33333  0.00000    -5.1496778    -2.3708546     0.0000423     9    11      0.000003+i*    -0.000004
  0.00000 -0.33333  0.00000    -3.1203342    -2.3708546     5.3302274    10    11     -0.481626+i*    -0.344665
  0.00000 -0.33333  0.00000    -5.1496778     0.4107230     0.0060265     9    12      0.000389+i*    -0.000545
  0.00000 -0.33333  0.00000    -3.1203342     0.4107230     7.2203076    10    12      0.650904+i*     0.468976
  0.33333 -0.33333  0.00000    -4.4620760    -0.8328566     0.0001131     9    11      0.000006+i*     0.000011
  0.33333 -0.33333  0.00000    -3.2688503    -0.8328566     0.0173043    10    11     -0.001764+i*    -0.000766
  0.33333 -0.33333  0.00000    -3.2688503     1.9685811     0.2579910    10    12     -0.026295+i*    -0.011416
 -0.33333 -0.33333  0.00000    -4.2052738    -0.8328566     0.0001216     9    11     -0.000007+i*     0.000012
 -0.33333 -0.33333  0.00000    -2.8912559    -0.8328566     0.0302710    10    11     -0.003117+i*    -0.001265
 -0.33333 -0.33333  0.00000    -2.8912559     1.9685811     0.3541821    10    12     -0.036466+i*    -0.014797
     3BSE eigenvalue    0.49431290      IP-eigenvalue:    2.05839921
  0.00000  0.00000  0.00000    -6.0785256    -1.5869842     0.0010800     9    11     -0.000120+i*     0.000000
  0.00000  0.00000  0.00000    -4.1241113    -1.5869842     0.0002741    10    11      0.000030+i*    -0.000004
  0.00000  0.00000  0.00000    -4.1241113     1.1932086     0.0044490    10    12      0.000489+i*    -0.000072
  0.33333  0.00000  0.00000    -4.5946561    -0.0464668     0.0006471     9    11     -0.000036+i*     0.000062
  0.33333  0.00000  0.00000    -2.8335705    -0.0464668     0.0010271    10    11      0.000105+i*     0.000045
  0.33333  0.00000  0.00000    -2.8335705     2.6619915     0.0093539    10    12      0.000952+i*     0.000416
  0.00000  0.33333  0.00000    -5.1496778    -1.5869842     0.0001941     9    11      0.000011+i*     0.000018
  0.00000  0.33333  0.00000    -3.1203342    -1.5869842     7.2836021    10    11      0.691230+i*    -0.420892
  0.00000  0.33333  0.00000    -3.1203342     1.1932086     5.2717404    10    12      0.500282+i*    -0.304663
  0.33333  0.33333  0.00000    -4.2052738    -0.0451223     0.0000274     9    11      0.000003+i*     0.000001
  0.33333  0.33333  0.00000    -2.8912559    -0.0451223     0.0363246    10    11     -0.002209+i*     0.003378
  0.33333  0.33333  0.00000    -2.8912559     2.6226298     0.2577229    10    12      0.016011+i*    -0.023742
 -0.33333  0.33333  0.00000    -4.4620760    -0.0464668     0.0000402     9    11      0.000004+i*     0.000000
 -0.33333  0.33333  0.00000    -3.2688503    -0.0464668     0.0229106    10    11      0.001970+i*     0.001612
 -0.33333  0.33333  0.00000    -3.2688503     2.6619915     0.1858628    10    12      0.015984+i*     0.013077
 -0.33333  0.00000  0.00000    -4.5946561    -0.0451223     0.0001920     9    11     -0.000017+i*    -0.000013
 -0.33333  0.00000  0.00000    -2.8335705    -0.0451223     0.0018727    10    11      0.000150+i*    -0.000145
 -0.33333  0.00000  0.00000    -2.8335705     2.6226298     0.0147008    10    12     -0.001158+i*     0.001152
  0.00000 -0.33333  0.00000    -5.1496778    -2.3708546     0.0433797     9    11      0.002799+i*    -0.003924
  0.00000 -0.33333  0.00000    -3.1203342    -2.3708546     0.0007076    10    11     -0.000064+i*    -0.000046
  0.00000 -0.33333  0.00000    -5.1496778     0.4107230     0.2232193     9    12      0.014466+i*    -0.020146
  0.00000 -0.33333  0.00000    -3.1203342     0.4107230     0.0351883    10    12      0.003167+i*     0.002293
  0.33333 -0.33333  0.00000    -4.4620760    -0.8328566     0.0020000     9    11     -0.000108+i*    -0.000194
  0.33333 -0.33333  0.00000    -3.2688503    -0.8328566     0.0027428    10    11      0.000279+i*     0.000122
  0.33333 -0.33333  0.00000    -3.2688503     1.9685811     0.0166908    10    12      0.001698+i*     0.000745
 -0.33333 -0.33333  0.00000    -4.2052738    -0.8328566     0.0022852     9    11      0.000128+i*    -0.000219
 -0.33333 -0.33333  0.00000    -2.8912559    -0.8328566     0.0088298    10    11      0.000910+i*     0.000368
 -0.33333 -0.33333  0.00000    -2.8912559     1.9685811     0.0378557    10    12      0.003901+i*     0.001572
     4BSE eigenvalue    0.68067072      IP-eigenvalue:    2.43599364
  0.00000  0.00000  0.00000    -6.0785256    -1.5869842     0.0007258     9    11      0.000081+i*     0.000000
  0.00000  0.00000  0.00000    -4.1241113    -1.5869842     0.0003903    10    11     -0.000043+i*     0.000006
  0.00000  0.00000  0.00000    -4.1241113     1.1932086     0.0063716    10    12     -0.000701+i*     0.000102
  0.33333  0.00000  0.00000    -4.5946561    -0.0464668     0.0008427     9    11      0.000047+i*    -0.000081
  0.33333  0.00000  0.00000    -2.8335705    -0.0464668     0.0013833    10    11     -0.000141+i*    -0.000062
  0.33333  0.00000  0.00000    -2.8335705     2.6619915     0.0110303    10    12     -0.001118+i*    -0.000501
  0.00000  0.33333  0.00000    -5.1496778    -1.5869842     0.0002815     9    11     -0.000016+i*    -0.000027
  0.00000  0.33333  0.00000    -3.1203342    -1.5869842     5.2865512    10    11      0.501700+i*    -0.305499
  0.00000  0.33333  0.00000    -3.1203342     1.1932086     7.2605722    10    12     -0.689012+i*     0.419614
  0.33333  0.33333  0.00000    -4.2052738    -0.0451223     0.0001283     9    11     -0.000013+i*    -0.000006
  0.33333  0.33333  0.00000    -2.8912559    -0.0451223     0.0376952    10    11      0.002293+i*    -0.003505
  0.33333  0.33333  0.00000    -2.8912559     2.6226298     0.3867237    10    12     -0.024024+i*     0.035626
 -0.33333  0.33333  0.00000    -4.4620760    -0.0464668     0.0001194     9    11     -0.000013+i*    -0.000000
 -0.33333  0.33333  0.00000    -3.2688503    -0.0464668     0.0190488    10    11     -0.001638+i*    -0.001340
 -0.33333  0.33333  0.00000    -3.2688503     2.6619915     0.2672484    10    12     -0.022983+i*    -0.018803
 -0.33333  0.00000  0.00000    -4.5946561    -0.0451223     0.0000852     9    11      0.000007+i*     0.000006
 -0.33333  0.00000  0.00000    -2.8335705    -0.0451223     0.0029125    10    11     -0.000232+i*     0.000225
 -0.33333  0.00000  0.00000    -2.8335705     2.6226298     0.0203698    10    12      0.001603+i*    -0.001598
  0.00000 -0.33333  0.00000    -5.1496778    -2.3708546     0.0135573     9    11     -0.000875+i*     0.001226
  0.00000 -0.33333  0.00000    -3.1203342    -2.3708546     0.0024004    10    11      0.000217+i*     0.000156
  0.00000 -0.33333  0.00000    -5.1496778     0.4107230     0.3279471     9    12     -0.021253+i*     0.029599
  0.00000 -0.33333  0.00000    -3.1203342     0.4107230     0.0313084    10    12     -0.002818+i*    -0.002039
  0.33333 -0.33333  0.00000    -4.4620760    -0.8328566     0.0007802     9    11      0.000042+i*     0.000076
  0.33333 -0.33333  0.00000    -3.2688503    -0.8328566     0.0039087    10    11     -0.000398+i*    -0.000175
  0.33333 -0.33333  0.00000    -3.2688503     1.9685811     0.0217714    10    12     -0.002214+i*    -0.000974
 -0.33333 -0.33333  0.00000    -4.2052738    -0.8328566     0.0009461     9    11     -0.000053+i*     0.000091
 -0.33333 -0.33333  0.00000    -2.8912559    -0.8328566     0.0178096    10    11     -0.001835+i*    -0.000739
 -0.33333 -0.33333  0.00000    -2.8912559     1.9685811     0.0599284    10    12     -0.006179+i*    -0.002482
     5BSE eigenvalue    1.01946294      IP-eigenvalue:    2.53712711
  0.00000  0.00000  0.00000    -6.0785256    -1.5869842     0.0000789     9    11     -0.000009+i*     0.000000
  0.00000  0.00000  0.00000    -4.1241113    -1.5869842     0.0507124    10    11      0.005574+i*    -0.000824
  0.00000  0.00000  0.00000    -4.1241113     1.1932086     0.2194860    10    12      0.024126+i*    -0.003563
  0.33333  0.00000  0.00000    -4.5946561    -0.0464668     0.0000098     9    11      0.000001+i*    -0.000001
  0.33333  0.00000  0.00000    -2.8335705    -0.0464668     0.0458208    10    11     -0.004716+i*    -0.001918
  0.33333  0.00000  0.00000    -2.8335705     2.6619915     0.3204978    10    12     -0.032987+i*    -0.013417
  0.00000  0.33333  0.00000    -5.1496778    -1.5869842     0.0005363     9    11     -0.000031+i*    -0.000051
  0.00000  0.33333  0.00000    -3.1203342    -1.5869842     0.0050706    10    11      0.000485+i*    -0.000286
  0.00000  0.33333  0.00000    -3.1203342     1.1932086     0.0595613    10    12     -0.005684+i*     0.003390
  0.33333  0.33333  0.00000    -4.2052738    -0.0451223     0.0023668     9    11      0.000238+i*     0.000113
  0.33333  0.33333  0.00000    -2.8912559    -0.0451223     0.0046442    10    11     -0.000284+i*     0.000431
  0.33333  0.33333  0.00000    -2.8912559     2.6226298     0.0188038    10    12      0.001176+i*    -0.001727
 -0.33333  0.33333  0.00000    -4.4620760    -0.0464668     0.0146379     9    11     -0.001625+i*    -0.000060
 -0.33333  0.33333  0.00000    -3.2688503    -0.0464668     0.0031707    10    11      0.000272+i*     0.000224
 -0.33333  0.33333  0.00000    -3.2688503     2.6619915     0.0076011    10    12      0.000655+i*     0.000534
 -0.33333  0.00000  0.00000    -4.5946561    -0.0451223     0.0001944     9    11     -0.000017+i*    -0.000013
 -0.33333  0.00000  0.00000    -2.8335705    -0.0451223     0.2023926    10    11      0.016264+i*    -0.015531
 -0.33333  0.00000  0.00000    -2.8335705     2.6226298     0.8302882    10    12     -0.065819+i*     0.064642
  0.00000 -0.33333  0.00000    -5.1496778    -2.3708546     0.0014010     9    11     -0.000090+i*     0.000127
  0.00000 -0.33333  0.00000    -3.1203342    -2.3708546     0.0014383    10    11     -0.000129+i*    -0.000094
  0.00000 -0.33333  0.00000    -5.1496778     0.4107230     0.0150208     9    12     -0.000975+i*     0.001355
  0.00000 -0.33333  0.00000    -3.1203342     0.4107230     0.2949481    10    12      0.026472+i*     0.019320
  0.33333 -0.33333  0.00000    -4.4620760    -0.8328566     0.0000777     9    11     -0.000004+i*    -0.000008
  0.33333 -0.33333  0.00000    -3.2688503    -0.8328566     0.0634972    10    11     -0.006454+i*    -0.002849
  0.33333 -0.33333  0.00000    -3.2688503     1.9685811     0.2854118    10    12     -0.029012+i*    -0.012806
 -0.33333 -0.33333  0.00000    -4.2052738    -0.8328566     0.0000527     9    11     -0.000003+i*     0.000005
 -0.33333 -0.33333  0.00000    -2.8912559    -0.8328566     7.3414442    10    11      0.753966+i*     0.311334
 -0.33333 -0.33333  0.00000    -2.8912559     1.9685811     5.1029736    10    12      0.524075+i*     0.216405
     6BSE eigenvalue    1.20085565      IP-eigenvalue:    2.77882315
  0.00000  0.00000  0.00000    -6.0785256    -1.5869842     0.0001598     9    11     -0.000018+i*     0.000000
  0.00000  0.00000  0.00000    -4.1241113    -1.5869842     0.1148923    10    11      0.012630+i*    -0.001859
  0.00000  0.00000  0.00000    -4.1241113     1.1932086     0.4326734    10    12      0.047563+i*    -0.006996
  0.33333  0.00000  0.00000    -4.5946561    -0.0464668     0.0000699     9    11      0.000004+i*    -0.000007
  0.33333  0.00000  0.00000    -2.8335705    -0.0464668     0.1066747    10    11     -0.010977+i*    -0.004472
  0.33333  0.00000  0.00000    -2.8335705     2.6619915     0.5946159    10    12     -0.061184+i*    -0.024930
  0.00000  0.33333  0.00000    -5.1496778    -1.5869842     0.0020221     9    11      0.000115+i*     0.000193
  0.00000  0.33333  0.00000    -3.1203342    -1.5869842     0.0015245    10    11      0.000147+i*    -0.000084
  0.00000  0.33333  0.00000    -3.1203342     1.1932086     0.0494024    10    12     -0.004718+i*     0.002805
  0.33333  0.33333  0.00000    -4.2052738    -0.0451223     0.0040986     9    11      0.000412+i*     0.000195
  0.33333  0.33333  0.00000    -2.8912559    -0.0451223     0.0091734    10    11     -0.000563+i*     0.000850
  0.33333  0.33333  0.00000    -2.8912559     2.6226298     0.0335618    10    12      0.002106+i*    -0.003078
 -0.33333  0.33333  0.00000    -4.4620760    -0.0464668     0.0062248     9    11      0.000691+i*     0.000026
 -0.33333  0.33333  0.00000    -3.2688503    -0.0464668     0.0021344    10    11      0.000184+i*     0.000150
 -0.33333  0.33333  0.00000    -3.2688503     2.6619915     0.0106551    10    12      0.000919+i*     0.000746
 -0.33333  0.00000  0.00000    -4.5946561    -0.0451223     0.0000303     9    11     -0.000003+i*    -0.000002
 -0.33333  0.00000  0.00000    -2.8335705    -0.0451223     0.2090046    10    11      0.016804+i*    -0.016028
 -0.33333  0.00000  0.00000    -2.8335705     2.6226298     1.4511929    10    12     -0.115105+i*     0.112917
  0.00000 -0.33333  0.00000    -5.1496778    -2.3708546     0.0015135     9    11     -0.000097+i*     0.000138
  0.00000 -0.33333  0.00000    -3.1203342    -2.3708546     0.0162615    10    11     -0.001462+i*    -0.001061
  0.00000 -0.33333  0.00000    -5.1496778     0.4107230     0.0149717     9    12     -0.000966+i*     0.001354
  0.00000 -0.33333  0.00000    -3.1203342     0.4107230     0.3379589    10    12      0.030319+i*     0.022154
  0.33333 -0.33333  0.00000    -4.4620760    -0.8328566     0.0002442     9    11     -0.000013+i*    -0.000024
  0.33333 -0.33333  0.00000    -3.2688503    -0.8328566     0.2397841    10    11     -0.024368+i*    -0.010773
  0.33333 -0.33333  0.00000    -3.2688503     1.9685811     0.6608113    10    12     -0.067154+i*    -0.029688
 -0.33333 -0.33333  0.00000    -4.2052738    -0.8328566     0.0002037     9    11      0.000011+i*    -0.000020
 -0.33333 -0.33333  0.00000    -2.8912559    -0.8328566     5.1987581    10    11     -0.533785+i*    -0.220774
 -0.33333 -0.33333  0.00000    -2.8912559     1.9685811     7.1165448    10    12      0.730695+i*     0.302217
     7BSE eigenvalue    1.40143079      IP-eigenvalue:    2.78710372
  0.00000  0.00000  0.00000    -6.0785256    -1.5869842     0.0000426     9    11     -0.000005+i*     0.000000
  0.00000  0.00000  0.00000    -4.1241113    -1.5869842     0.6766274    10    11     -0.075072+i*    -0.004040
  0.00000  0.00000  0.00000    -4.1241113     1.1932086     1.1434471    10    12     -0.126866+i*    -0.006834
  0.33333  0.00000  0.00000    -4.5946561    -0.0464668     0.0003162     9    11     -0.000023+i*     0.000026
  0.33333  0.00000  0.00000    -2.8335705    -0.0464668     0.5186122    10    11     -0.047984+i*    -0.031906
  0.33333  0.00000  0.00000    -2.8335705     2.6619915     1.5244392    10    12     -0.141046+i*    -0.093789
  0.00000  0.33333  0.00000    -5.1496778    -1.5869842     0.0005707     9    11     -0.000021+i*    -0.000060
  0.00000  0.33333  0.00000    -3.1203342    -1.5869842     0.0005491    10    11      0.000058+i*    -0.000020
  0.00000  0.33333  0.00000    -3.1203342     1.1932086     0.0310556    10    12      0.003246+i*    -0.001171
  0.33333  0.33333  0.00000    -4.2052738    -0.0451223     0.0186227     9    11      0.001657+i*     0.001240
  0.33333  0.33333  0.00000    -2.8912559    -0.0451223     0.0177252    10    11      0.001389+i*    -0.001396
  0.33333  0.33333  0.00000    -2.8912559     2.6226298     0.0428857    10    12     -0.003408+i*     0.003330
 -0.33333  0.33333  0.00000    -4.4620760    -0.0464668     0.0038251     9    11     -0.000413+i*    -0.000100
 -0.33333  0.33333  0.00000    -3.2688503    -0.0464668     0.0072442    10    11     -0.000504+i*    -0.000628
 -0.33333  0.33333  0.00000    -3.2688503     2.6619915     0.0304673    10    12     -0.002108+i*    -0.002649
 -0.33333  0.00000  0.00000    -4.5946561    -0.0451223     0.0000368     9    11      0.000003+i*     0.000003
 -0.33333  0.00000  0.00000    -2.8335705    -0.0451223     0.0174929    10    11     -0.001645+i*     0.001035
 -0.33333  0.00000  0.00000    -2.8335705     2.6226298     0.0553720    10    12      0.005163+i*    -0.003347
  0.00000 -0.33333  0.00000    -5.1496778    -2.3708546     0.0053667     9    11      0.000437+i*    -0.000406
  0.00000 -0.33333  0.00000    -3.1203342    -2.3708546     0.0030298    10    11     -0.000228+i*    -0.000248
  0.00000 -0.33333  0.00000    -5.1496778     0.4107230     0.0292364     9    12      0.002388+i*    -0.002203
  0.00000 -0.33333  0.00000    -3.1203342     0.4107230     0.3304038    10    12     -0.024756+i*    -0.027109
  0.33333 -0.33333  0.00000    -4.4620760    -0.8328566     0.0001218     9    11      0.000004+i*     0.000013
  0.33333 -0.33333  0.00000    -3.2688503    -0.8328566     7.1702084    10    11     -0.650298+i*    -0.460248
  0.33333 -0.33333  0.00000    -3.2688503     1.9685811     4.9710011    10    12     -0.450842+i*    -0.319083
 -0.33333 -0.33333  0.00000    -4.2052738    -0.8328566     0.0002396     9    11     -0.000018+i*     0.000020
 -0.33333 -0.33333  0.00000    -2.8912559    -0.8328566     0.1602248    10    11      0.014775+i*     0.009932
 -0.33333 -0.33333  0.00000    -2.8912559     1.9685811     0.6128018    10    12     -0.056508+i*    -0.037986
     8BSE eigenvalue    1.50089364      IP-eigenvalue:    2.78844820
  0.00000  0.00000  0.00000    -6.0785256    -1.5869842     0.0000400     9    11     -0.000004+i*     0.000000
  0.00000  0.00000  0.00000    -4.1241113    -1.5869842     6.7379768    10    11      0.738650+i*    -0.122040
  0.00000  0.00000  0.00000    -4.1241113     1.1932086     5.0422235    10    12      0.552759+i*    -0.091295
  0.33333  0.00000  0.00000    -4.5946561    -0.0464668     0.0000656     9    11      0.000004+i*    -0.000006
  0.33333  0.00000  0.00000    -2.8335705    -0.0464668     0.4406397    10    11      0.045655+i*     0.017682
  0.33333  0.00000  0.00000    -2.8335705     2.6619915     1.4404539    10    12      0.149249+i*     0.057800
  0.00000  0.33333  0.00000    -5.1496778    -1.5869842     0.0028500     9    11      0.000167+i*     0.000269
  0.00000  0.33333  0.00000    -3.1203342    -1.5869842     0.0007574    10    11     -0.000072+i*     0.000044
  0.00000  0.33333  0.00000    -3.1203342     1.1932086     0.0118518    10    12     -0.001108+i*     0.000711
  0.33333  0.33333  0.00000    -4.2052738    -0.0451223     0.0070894     9    11      0.000718+i*     0.000325
  0.33333  0.33333  0.00000    -2.8912559    -0.0451223     0.0181427    10    11     -0.001087+i*     0.001698
  0.33333  0.33333  0.00000    -2.8912559     2.6226298     0.0490133    10    12      0.003004+i*    -0.004543
 -0.33333  0.33333  0.00000    -4.4620760    -0.0464668     0.0037199     9    11      0.000413+i*     0.000008
 -0.33333  0.33333  0.00000    -3.2688503    -0.0464668     0.0052645    10    11      0.000462+i*     0.000359
 -0.33333  0.33333  0.00000    -3.2688503     2.6619915     0.0182778    10    12      0.001615+i*     0.001231
 -0.33333  0.00000  0.00000    -4.5946561    -0.0451223     0.0000175     9    11     -0.000002+i*    -0.000001
 -0.33333  0.00000  0.00000    -2.8335705    -0.0451223     0.3729742    10    11      0.029480+i*    -0.029126
 -0.33333  0.00000  0.00000    -2.8335705     2.6226298     0.9945181    10    12     -0.077510+i*     0.078758
  0.00000 -0.33333  0.00000    -5.1496778    -2.3708546     0.0087950     9    11     -0.000552+i*     0.000806
  0.00000 -0.33333  0.00000    -3.1203342    -2.3708546     0.0207839    10    11      0.001892+i*     0.001323
  0.00000 -0.33333  0.00000    -5.1496778     0.4107230     0.0323816     9    12     -0.002045+i*     0.002960
  0.00000 -0.33333  0.00000    -3.1203342     0.4107230     0.4091509    10    12      0.037173+i*     0.026170
  0.33333 -0.33333  0.00000    -4.4620760    -0.8328566     0.0004046     9    11     -0.000020+i*    -0.000040
  0.33333 -0.33333  0.00000    -3.2688503    -0.8328566     2.3700361    10    11     -0.242710+i*    -0.102168
  0.33333 -0.33333  0.00000    -3.2688503     1.9685811     0.8736145    10    12      0.089465+i*     0.037659
 -0.33333 -0.33333  0.00000    -4.2052738    -0.8328566     0.0001138     9    11      0.000006+i*    -0.000011
 -0.33333 -0.33333  0.00000    -2.8912559    -0.8328566     0.0691284    10    11      0.007148+i*     0.002810
 -0.33333 -0.33333  0.00000    -2.8912559     1.9685811     0.4701949    10    12     -0.048623+i*    -0.019112
     9BSE eigenvalue    1.57753466      IP-eigenvalue:    2.84613352
  0.00000  0.00000  0.00000    -6.0785256    -1.5869842     0.0000622     9    11     -0.000007+i*     0.000000
  0.00000  0.00000  0.00000    -4.1241113    -1.5869842     3.2433609    10    11     -0.350165+i*     0.085166
  0.00000  0.00000  0.00000    -4.1241113     1.1932086     0.2613307    10    12      0.028214+i*    -0.006864
  0.33333  0.00000  0.00000    -4.5946561    -0.0464668     0.0001637     9    11      0.000008+i*    -0.000016
  0.33333  0.00000  0.00000    -2.8335705    -0.0464668     1.0320210    10    11      0.109732+i*     0.033283
  0.33333  0.00000  0.00000    -2.8335705     2.6619915     2.9235957    10    12      0.310859+i*     0.094290
  0.00000  0.33333  0.00000    -5.1496778    -1.5869842     0.0049954     9    11      0.000327+i*     0.000448
  0.00000  0.33333  0.00000    -3.1203342    -1.5869842     0.0007379    10    11     -0.000067+i*     0.000048
  0.00000  0.33333  0.00000    -3.1203342     1.1932086     0.0309371    10    12     -0.002756+i*     0.002055
  0.33333  0.33333  0.00000    -4.2052738    -0.0451223     0.0081131     9    11      0.000847+i*     0.000309
  0.33333  0.33333  0.00000    -2.8912559    -0.0451223     0.0317251    10    11     -0.001656+i*     0.003112
  0.33333  0.33333  0.00000    -2.8912559     2.6226298     0.0748561    10    12      0.004009+i*    -0.007287
 -0.33333  0.33333  0.00000    -4.4620760    -0.0464668     0.0043724     9    11      0.000485+i*    -0.000027
 -0.33333  0.33333  0.00000    -3.2688503    -0.0464668     0.0118313    10    11      0.001082+i*     0.000747
 -0.33333  0.33333  0.00000    -3.2688503     2.6619915     0.0435049    10    12      0.003964+i*     0.002767
 -0.33333  0.00000  0.00000    -4.5946561    -0.0451223     0.0001259     9    11     -0.000012+i*    -0.000008
 -0.33333  0.00000  0.00000    -2.8335705    -0.0451223     0.2047170    10    11     -0.014936+i*     0.017156
 -0.33333  0.00000  0.00000    -2.8335705     2.6226298     0.4304156    10    12      0.030891+i*    -0.036508
  0.00000 -0.33333  0.00000    -5.1496778    -2.3708546     0.0081633     9    11     -0.000460+i*     0.000781
  0.00000 -0.33333  0.00000    -3.1203342    -2.3708546     0.0235292    10    11     -0.002249+i*    -0.001334
  0.00000 -0.33333  0.00000    -5.1496778     0.4107230     0.0299209     9    12     -0.001696+i*     0.002860
  0.00000 -0.33333  0.00000    -3.1203342     0.4107230     0.2761225    10    12      0.026340+i*     0.015732
  0.33333 -0.33333  0.00000    -4.4620760    -0.8328566     0.0003753     9    11     -0.000024+i*    -0.000034
  0.33333 -0.33333  0.00000    -3.2688503    -0.8328566     4.7467186    10    11     -0.500034+i*    -0.167721
  0.33333 -0.33333  0.00000    -3.2688503     1.9685811     6.1189381    10    12      0.644588+i*     0.216207
 -0.33333 -0.33333  0.00000    -4.2052738    -0.8328566     0.0006156     9    11      0.000029+i*    -0.000062
 -0.33333 -0.33333  0.00000    -2.8912559    -0.8328566     0.1041464    10    11     -0.011056+i*    -0.003415
 -0.33333 -0.33333  0.00000    -2.8912559     1.9685811     0.7082467    10    12      0.075188+i*     0.023227
    10BSE eigenvalue    1.67033064      IP-eigenvalue:    3.22238347
  0.00000  0.00000  0.00000    -6.0785256    -1.5869842     0.0001043     9    11      0.000012+i*     0.000000
  0.00000  0.00000  0.00000    -4.1241113    -1.5869842     4.3685036    10    11      0.477995+i*    -0.084402
  0.00000  0.00000  0.00000    -4.1241113     1.1932086     4.9299147    10    12     -0.539429+i*     0.095216
  0.33333  0.00000  0.00000    -4.5946561    -0.0464668     0.0001805     9    11     -0.000010+i*     0.000018
  0.33333  0.00000  0.00000    -2.8335705    -0.0464668     0.6544468    10    11     -0.068089+i*    -0.025524
  0.33333  0.00000  0.00000    -2.8335705     2.6619915     1.0195681    10    12     -0.106076+i*    -0.039768
  0.00000  0.33333  0.00000    -5.1496778    -1.5869842     0.0043831     9    11     -0.000262+i*    -0.000411
  0.00000  0.33333  0.00000    -3.1203342    -1.5869842     0.0004094    10    11      0.000038+i*    -0.000025
  0.00000  0.33333  0.00000    -3.1203342     1.1932086     0.0143693    10    12      0.001350+i*    -0.000853
  0.33333  0.33333  0.00000    -4.2052738    -0.0451223     0.0037962     9    11     -0.000386+i*    -0.000170
  0.33333  0.33333  0.00000    -2.8912559    -0.0451223     0.0996769    10    11      0.005979+i*    -0.009323
  0.33333  0.33333  0.00000    -2.8912559     2.6226298     0.1748755    10    12     -0.010744+i*     0.016190
 -0.33333  0.33333  0.00000    -4.4620760    -0.0464668     0.0027148     9    11     -0.000302+i*    -0.000003
 -0.33333  0.33333  0.00000    -3.2688503    -0.0464668     0.0022168    10    11     -0.000204+i*    -0.000138
 -0.33333  0.33333  0.00000    -3.2688503     2.6619915     0.0012949    10    12     -0.000144+i*     0.000002
 -0.33333  0.00000  0.00000    -4.5946561    -0.0451223     0.0000025     9    11     -0.000000+i*    -0.000000
 -0.33333  0.00000  0.00000    -2.8335705    -0.0451223     3.0358844    10    11     -0.237321+i*     0.239716
 -0.33333  0.00000  0.00000    -2.8335705     2.6226298     4.5578567    10    12      0.351211+i*    -0.364857
  0.00000 -0.33333  0.00000    -5.1496778    -2.3708546     0.0120310     9    11      0.000678+i*    -0.001152
  0.00000 -0.33333  0.00000    -3.1203342    -2.3708546     0.0212698    10    11      0.001952+i*     0.001333
  0.00000 -0.33333  0.00000    -5.1496778     0.4107230     0.0293048     9    12      0.001717+i*    -0.002767
  0.00000 -0.33333  0.00000    -3.1203342     0.4107230     0.2819164    10    12     -0.025811+i*    -0.017748
  0.33333 -0.33333  0.00000    -4.4620760    -0.8328566     0.0009261     9    11      0.000050+i*     0.000090
  0.33333 -0.33333  0.00000    -3.2688503    -0.8328566     0.7779354    10    11     -0.080028+i*    -0.032663
  0.33333 -0.33333  0.00000    -3.2688503     1.9685811     1.9680769    10    12      0.202462+i*     0.082631
 -0.33333 -0.33333  0.00000    -4.2052738    -0.8328566     0.0000793     9    11      0.000004+i*    -0.000008
 -0.33333 -0.33333  0.00000    -2.8912559    -0.8328566     0.1131706    10    11     -0.011753+i*    -0.004471
 -0.33333 -0.33333  0.00000    -2.8912559     1.9685811     1.2412184    10    12      0.128902+i*     0.049033
    11BSE eigenvalue    1.73529710      IP-eigenvalue:    3.37241716
  0.00000  0.00000  0.00000    -6.0785256    -1.5869842     0.0032390     9    11      0.000360+i*     0.000000
  0.00000  0.00000  0.00000    -4.1241113    -1.5869842     0.9591690    10    11     -0.104906+i*     0.018786
  0.00000  0.00000  0.00000    -4.1241113     1.1932086     1.8720905    10    12      0.204754+i*    -0.036661
  0.33333  0.00000  0.00000    -4.5946561    -0.0464668     0.0015791     9    11     -0.000088+i*     0.000152
  0.33333  0.00000  0.00000    -2.8335705    -0.0464668     1.5581247    10    11      0.162117+i*     0.060747
  0.33333  0.00000  0.00000    -2.8335705     2.6619915     1.3724432    10    12      0.142800+i*     0.053503
  0.00000  0.33333  0.00000    -5.1496778    -1.5869842     0.0004556     9    11      0.000028+i*     0.000042
  0.00000  0.33333  0.00000    -3.1203342    -1.5869842     0.0079858    10    11     -0.000757+i*     0.000463
  0.00000  0.33333  0.00000    -3.1203342     1.1932086     0.3649832    10    12      0.034585+i*    -0.021177
  0.33333  0.33333  0.00000    -4.2052738    -0.0451223     0.0010020     9    11     -0.000102+i*    -0.000045
  0.33333  0.33333  0.00000    -2.8912559    -0.0451223     4.5961309    10    11      0.278441+i*    -0.428096
  0.33333  0.33333  0.00000    -2.8912559     2.6226298     6.1545181    10    12     -0.380863+i*     0.567956
 -0.33333  0.33333  0.00000    -4.4620760    -0.0464668     0.0000092     9    11     -0.000000+i*    -0.000001
 -0.33333  0.33333  0.00000    -3.2688503    -0.0464668     0.0466246    10    11      0.004025+i*     0.003261
 -0.33333  0.33333  0.00000    -3.2688503     2.6619915     0.2345073    10    12      0.020245+i*     0.016404
 -0.33333  0.00000  0.00000    -4.5946561    -0.0451223     0.0017347     9    11     -0.000153+i*    -0.000118
 -0.33333  0.00000  0.00000    -2.8335705    -0.0451223     2.4350384    10    11     -0.189818+i*     0.192799
 -0.33333  0.00000  0.00000    -2.8335705     2.6226298     2.0716906    10    12      0.159165+i*    -0.166292
  0.00000 -0.33333  0.00000    -5.1496778    -2.3708546     0.5285372     9    11     -0.034077+i*     0.047828
  0.00000 -0.33333  0.00000    -3.1203342    -2.3708546     0.0052884    10    11     -0.000485+i*    -0.000331
  0.00000 -0.33333  0.00000    -5.1496778     0.4107230     0.5296611     9    12     -0.034302+i*     0.047821
  0.00000 -0.33333  0.00000    -3.1203342     0.4107230     0.0582763    10    12      0.005351+i*     0.003645
  0.33333 -0.33333  0.00000    -4.4620760    -0.8328566     0.0307750     9    11      0.001667+i*     0.002986
  0.33333 -0.33333  0.00000    -3.2688503    -0.8328566     0.3823635    10    11      0.039376+i*     0.015954
  0.33333 -0.33333  0.00000    -3.2688503     1.9685811     1.3952591    10    12     -0.143682+i*    -0.058218
 -0.33333 -0.33333  0.00000    -4.2052738    -0.8328566     0.0007414     9    11      0.000041+i*    -0.000072
 -0.33333 -0.33333  0.00000    -2.8912559    -0.8328566     0.0160662    10    11     -0.001666+i*    -0.000640
 -0.33333 -0.33333  0.00000    -2.8912559     1.9685811     0.4383606    10    12      0.045530+i*     0.017301
    12BSE eigenvalue    1.73720622      IP-eigenvalue:    3.53105719
  0.00000  0.00000  0.00000    -6.0785256    -1.5869842     0.0019525     9    11      0.000217+i*     0.000000
  0.00000  0.00000  0.00000    -4.1241113    -1.5869842     1.4742273    10    11      0.161444+i*    -0.027702
  0.00000  0.00000  0.00000    -4.1241113     1.1932086     2.9209110    10    12     -0.319875+i*     0.054864
  0.33333  0.00000  0.00000    -4.5946561    -0.0464668     0.0008890     9    11     -0.000050+i*     0.000085
  0.33333  0.00000  0.00000    -2.8335705    -0.0464668     2.4377484    10    11     -0.253237+i*    -0.096109
  0.33333  0.00000  0.00000    -2.8335705     2.6619915     2.1044748    10    12     -0.218614+i*    -0.082973
  0.00000  0.33333  0.00000    -5.1496778    -1.5869842     0.0011457     9    11     -0.000068+i*    -0.000108
  0.00000  0.33333  0.00000    -3.1203342    -1.5869842     0.0048239    10    11     -0.000458+i*     0.000278
  0.00000  0.33333  0.00000    -3.1203342     1.1932086     0.2082098    10    12      0.019808+i*    -0.011951
  0.33333  0.33333  0.00000    -4.2052738    -0.0451223     0.0010512     9    11      0.000107+i*     0.000047
  0.33333  0.33333  0.00000    -2.8912559    -0.0451223     2.7591497    10    11      0.168964+i*    -0.255808
  0.33333  0.33333  0.00000    -2.8912559     2.6226298     3.6491252    10    12     -0.228184+i*     0.335155
 -0.33333  0.33333  0.00000    -4.4620760    -0.0464668     0.0005694     9    11     -0.000063+i*    -0.000001
 -0.33333  0.33333  0.00000    -3.2688503    -0.0464668     0.0266231    10    11      0.002270+i*     0.001897
 -0.33333  0.33333  0.00000    -3.2688503     2.6619915     0.1340667    10    12      0.011433+i*     0.009549
 -0.33333  0.00000  0.00000    -4.5946561    -0.0451223     0.0010396     9    11     -0.000091+i*    -0.000071
 -0.33333  0.00000  0.00000    -2.8335705    -0.0451223     4.3550357    10    11      0.342159+i*    -0.342169
 -0.33333  0.00000  0.00000    -2.8335705     2.6226298     3.6413333    10    12     -0.282048+i*     0.290076
  0.00000 -0.33333  0.00000    -5.1496778    -2.3708546     0.3117123     9    11     -0.020154+i*     0.028167
  0.00000 -0.33333  0.00000    -3.1203342    -2.3708546     0.0073985    10    11      0.000677+i*     0.000466
  0.00000 -0.33333  0.00000    -5.1496778     0.4107230     0.3087252     9    12     -0.020048+i*     0.027835
  0.00000 -0.33333  0.00000    -3.1203342     0.4107230     0.1039164    10    12     -0.009475+i*    -0.006599
  0.33333 -0.33333  0.00000    -4.4620760    -0.8328566     0.0183208     9    11      0.000979+i*     0.001785
  0.33333 -0.33333  0.00000    -3.2688503    -0.8328566     0.6399061    10    11     -0.065690+i*    -0.027206
  0.33333 -0.33333  0.00000    -3.2688503     1.9685811     2.3701840    10    12      0.243311+i*     0.100772
 -0.33333 -0.33333  0.00000    -4.2052738    -0.8328566     0.0000747     9    11     -0.000003+i*     0.000008
 -0.33333 -0.33333  0.00000    -2.8912559    -0.8328566     0.0201818    10    11      0.002094+i*     0.000803
 -0.33333 -0.33333  0.00000    -2.8912559     1.9685811     0.6895260    10    12     -0.071490+i*    -0.027548
    13BSE eigenvalue    1.76646158      IP-eigenvalue:    3.56269363
  0.00000  0.00000  0.00000    -6.0785256    -1.5869842     0.0001444     9    11      0.000016+i*     0.000000
  0.00000  0.00000  0.00000    -4.1241113    -1.5869842     1.4773141    10    11      0.162845+i*    -0.020623
  0.00000  0.00000  0.00000    -4.1241113     1.1932086     3.6119141    10    12     -0.398147+i*     0.050399
  0.33333  0.00000  0.00000    -4.5946561    -0.0464668     0.0000330     9    11     -0.000002+i*     0.000003
  0.33333  0.00000  0.00000    -2.8335705    -0.0464668     6.5206443    10    11      0.665202+i*     0.287105
  0.33333  0.00000  0.00000    -2.8335705     2.6619915     3.6468752    10    12      0.372035+i*     0.160574
  0.00000  0.33333  0.00000    -5.1496778    -1.5869842     0.0030672     9    11      0.000169+i*     0.000296
  0.00000  0.33333  0.00000    -3.1203342    -1.5869842     0.0000671    10    11      0.000006+i*    -0.000005
  0.00000  0.33333  0.00000    -3.1203342     1.1932086     0.0071085    10    12     -0.000670+i*     0.000418
  0.33333  0.33333  0.00000    -4.2052738    -0.0451223     0.0003356     9    11      0.000033+i*     0.000017
  0.33333  0.33333  0.00000    -2.8912559    -0.0451223     0.0698315    10    11     -0.004245+i*     0.006495
  0.33333  0.33333  0.00000    -2.8912559     2.6226298     0.0730146    10    12      0.004534+i*    -0.006728
 -0.33333  0.33333  0.00000    -4.4620760    -0.0464668     0.0011743     9    11     -0.000130+i*    -0.000008
 -0.33333  0.33333  0.00000    -3.2688503    -0.0464668     0.0003197    10    11      0.000019+i*     0.000030
 -0.33333  0.33333  0.00000    -3.2688503     2.6619915     0.0004345    10    12     -0.000035+i*     0.000034
 -0.33333  0.00000  0.00000    -4.5946561    -0.0451223     0.0000756     9    11      0.000007+i*     0.000005
 -0.33333  0.00000  0.00000    -2.8335705    -0.0451223     2.3975599    10    11      0.196428+i*    -0.179951
 -0.33333  0.00000  0.00000    -2.8335705     2.6226298     1.2992923    10    12     -0.105070+i*     0.099004
  0.00000 -0.33333  0.00000    -5.1496778    -2.3708546     0.0265413     9    11     -0.001676+i*     0.002427
  0.00000 -0.33333  0.00000    -3.1203342    -2.3708546     0.0110909    10    11      0.000983+i*     0.000744
  0.00000 -0.33333  0.00000    -5.1496778     0.4107230     0.0183503     9    12     -0.001168+i*     0.001671
  0.00000 -0.33333  0.00000    -3.1203342     0.4107230     0.1793234    10    12     -0.015846+i*    -0.012079
  0.33333 -0.33333  0.00000    -4.4620760    -0.8328566     0.0002270     9    11      0.000010+i*     0.000023
  0.33333 -0.33333  0.00000    -3.2688503    -0.8328566     0.2453448    10    11      0.024700+i*     0.011534
  0.33333 -0.33333  0.00000    -3.2688503     1.9685811     1.5492094    10    12     -0.155976+i*    -0.072812
 -0.33333 -0.33333  0.00000    -4.2052738    -0.8328566     0.0002226     9    11     -0.000012+i*     0.000021
 -0.33333 -0.33333  0.00000    -2.8912559    -0.8328566     0.0401991    10    11     -0.004092+i*    -0.001791
 -0.33333 -0.33333  0.00000    -2.8912559     1.9685811     0.1058994    10    12      0.010775+i*     0.004729
    14BSE eigenvalue    1.79388178      IP-eigenvalue:    3.62921937
  0.00000  0.00000  0.00000    -6.0785256    -1.5869842     0.0438096     9    11     -0.004868+i*     0.000000
  0.00000  0.00000  0.00000    -4.1241113    -1.5869842     0.0035135    10    11     -0.000382+i*     0.000081
  0.00000  0.00000  0.00000    -4.1241113     1.1932086     0.0271710    10    12      0.002974+i*    -0.000519
  0.33333  0.00000  0.00000    -4.5946561    -0.0464668     0.0008393     9    11      0.000047+i*    -0.000081
  0.33333  0.00000  0.00000    -2.8335705    -0.0464668     0.0451099    10    11      0.004629+i*     0.001923
  0.33333  0.00000  0.00000    -2.8335705     2.6619915     0.0253958    10    12      0.002612+i*     0.001068
  0.00000  0.33333  0.00000    -5.1496778    -1.5869842     0.0037224     9    11     -0.000214+i*    -0.000354
  0.00000  0.33333  0.00000    -3.1203342    -1.5869842     0.0217865    10    11     -0.002068+i*     0.001259
  0.00000  0.33333  0.00000    -3.1203342     1.1932086     0.1449095    10    12     -0.013753+i*     0.008372
  0.33333  0.33333  0.00000    -4.2052738    -0.0451223     0.0018974     9    11      0.000191+i*     0.000089
  0.33333  0.33333  0.00000    -2.8912559    -0.0451223     0.6312908    10    11      0.038346+i*    -0.058734
  0.33333  0.33333  0.00000    -2.8912559     2.6226298     0.5115410    10    12     -0.031738+i*     0.047151
 -0.33333  0.33333  0.00000    -4.4620760    -0.0464668     0.0020113     9    11      0.000223+i*     0.000007
 -0.33333  0.33333  0.00000    -3.2688503    -0.0464668     0.0392826    10    11      0.003378+i*     0.002763
 -0.33333  0.33333  0.00000    -3.2688503     2.6619915     0.1496484    10    12      0.012871+i*     0.010527
 -0.33333  0.00000  0.00000    -4.5946561    -0.0451223     0.0011669     9    11     -0.000102+i*    -0.000080
 -0.33333  0.00000  0.00000    -2.8335705    -0.0451223     0.0298640    10    11      0.002576+i*    -0.002092
 -0.33333  0.00000  0.00000    -2.8335705     2.6226298     0.0177697    10    12     -0.001461+i*     0.001328
  0.00000 -0.33333  0.00000    -5.1496778    -2.3708546     8.4234299     9    11      0.543460+i*    -0.761990
  0.00000 -0.33333  0.00000    -3.1203342    -2.3708546     0.0006696    10    11     -0.000060+i*    -0.000043
  0.00000 -0.33333  0.00000    -5.1496778     0.4107230     3.0549252     9    12      0.197984+i*    -0.275716
  0.00000 -0.33333  0.00000    -3.1203342     0.4107230     0.0014177    10    12     -0.000127+i*    -0.000094
  0.33333 -0.33333  0.00000    -4.4620760    -0.8328566     0.0133473     9    11     -0.000719+i*    -0.001297
  0.33333 -0.33333  0.00000    -3.2688503    -0.8328566     0.0000436    10    11     -0.000001+i*    -0.000005
  0.33333 -0.33333  0.00000    -3.2688503     1.9685811     0.0123734    10    12      0.001255+i*     0.000561
 -0.33333 -0.33333  0.00000    -4.2052738    -0.8328566     0.0256557     9    11      0.001438+i*    -0.002461
 -0.33333 -0.33333  0.00000    -2.8912559    -0.8328566     0.0005979    10    11      0.000062+i*     0.000023
 -0.33333 -0.33333  0.00000    -2.8912559     1.9685811     0.0085632    10    12      0.000886+i*     0.000348
    15BSE eigenvalue    1.90822587      IP-eigenvalue:    4.16015147
  0.00000  0.00000  0.00000    -6.0785256    -1.5869842     0.0000940     9    11     -0.000010+i*     0.000000
  0.00000  0.00000  0.00000    -4.1241113    -1.5869842     0.2707095    10    11      0.030021+i*    -0.001861
  0.00000  0.00000  0.00000    -4.1241113     1.1932086     1.0468259    10    12     -0.116091+i*     0.007191
  0.33333  0.00000  0.00000    -4.5946561    -0.0464668     0.0001170     9    11      0.000007+i*    -0.000011
  0.33333  0.00000  0.00000    -2.8335705    -0.0464668     1.6209737    10    11      0.160444+i*     0.081833
  0.33333  0.00000  0.00000    -2.8335705     2.6619915     1.6151580    10    12     -0.159869+i*    -0.081539
  0.00000  0.33333  0.00000    -5.1496778    -1.5869842     0.0016739     9    11      0.000081+i*     0.000167
  0.00000  0.33333  0.00000    -3.1203342    -1.5869842     0.0001368    10    11     -0.000012+i*     0.000009
  0.00000  0.33333  0.00000    -3.1203342     1.1932086     0.0080693    10    12     -0.000817+i*     0.000370
  0.33333  0.33333  0.00000    -4.2052738    -0.0451223     0.0030710     9    11      0.000295+i*     0.000172
  0.33333  0.33333  0.00000    -2.8912559    -0.0451223     0.1764194    10    11      0.012580+i*    -0.015033
  0.33333  0.33333  0.00000    -2.8912559     2.6226298     0.0577506    10    12      0.004216+i*    -0.004837
 -0.33333  0.33333  0.00000    -4.4620760    -0.0464668     0.0010438     9    11      0.000115+i*     0.000014
 -0.33333  0.33333  0.00000    -3.2688503    -0.0464668     0.0009501    10    11     -0.000083+i*    -0.000065
 -0.33333  0.33333  0.00000    -3.2688503     2.6619915     0.0060700    10    12     -0.000509+i*    -0.000442
 -0.33333  0.00000  0.00000    -4.5946561    -0.0451223     0.0000539     9    11     -0.000005+i*    -0.000004
 -0.33333  0.00000  0.00000    -2.8335705    -0.0451223     6.2412737    10    11     -0.540314+i*     0.434705
 -0.33333  0.00000  0.00000    -2.8335705     2.6226298     5.8339703    10    12     -0.499300+i*     0.413385
  0.00000 -0.33333  0.00000    -5.1496778    -2.3708546     0.0025446     9    11     -0.000107+i*    -0.000262
  0.00000 -0.33333  0.00000    -3.1203342    -2.3708546     0.0001571    10    11      0.000013+i*     0.000011
  0.00000 -0.33333  0.00000    -5.1496778     0.4107230     0.0055470     9    12     -0.000176+i*     0.000591
  0.00000 -0.33333  0.00000    -3.1203342     0.4107230     0.0035207    10    12     -0.000293+i*    -0.000259
  0.33333 -0.33333  0.00000    -4.4620760    -0.8328566     0.0007434     9    11      0.000030+i*     0.000077
  0.33333 -0.33333  0.00000    -3.2688503    -0.8328566     0.1768502    10    11     -0.017238+i*    -0.009432
  0.33333 -0.33333  0.00000    -3.2688503     1.9685811     0.8563097    10    12      0.083469+i*     0.045668
 -0.33333 -0.33333  0.00000    -4.2052738    -0.8328566     0.0005181     9    11      0.000033+i*    -0.000047
 -0.33333 -0.33333  0.00000    -2.8912559    -0.8328566     0.1307529    10    11      0.012910+i*     0.006663
 -0.33333 -0.33333  0.00000    -2.8912559     1.9685811     0.8885999    10    12     -0.087736+i*    -0.045285
    16BSE eigenvalue    1.93607941      IP-eigenvalue:    4.31354279
  0.00000  0.00000  0.00000    -6.0785256    -1.5869842     0.0003128     9    11     -0.000035+i*     0.000000
  0.00000  0.00000  0.00000    -4.1241113    -1.5869842     0.4124542    10    11      0.045466+i*    -0.005748
  0.00000  0.00000  0.00000    -4.1241113     1.1932086     1.7717809    10    12     -0.195311+i*     0.024681
  0.33333  0.00000  0.00000    -4.5946561    -0.0464668     0.0001470     9    11      0.000008+i*    -0.000014
  0.33333  0.00000  0.00000    -2.8335705    -0.0464668     5.0506672    10    11     -0.515204+i*    -0.222472
  0.33333  0.00000  0.00000    -2.8335705     2.6619915     6.6560818    10    12      0.678966+i*     0.293191
  0.00000  0.33333  0.00000    -5.1496778    -1.5869842     0.0081331     9    11      0.000447+i*     0.000785
  0.00000  0.33333  0.00000    -3.1203342    -1.5869842     0.0008154    10    11     -0.000077+i*     0.000047
  0.00000  0.33333  0.00000    -3.1203342     1.1932086     0.0066404    10    12     -0.000646+i*     0.000357
  0.33333  0.33333  0.00000    -4.2052738    -0.0451223     0.0028363     9    11      0.000282+i*     0.000141
  0.33333  0.33333  0.00000    -2.8912559    -0.0451223     0.0239442    10    11     -0.000228+i*     0.002651
  0.33333  0.33333  0.00000    -2.8912559     2.6226298     0.0252073    10    12     -0.000789+i*     0.002688
 -0.33333  0.33333  0.00000    -4.4620760    -0.0464668     0.0011522     9    11      0.000128+i*     0.000008
 -0.33333  0.33333  0.00000    -3.2688503    -0.0464668     0.0166109    10    11      0.001406+i*     0.001195
 -0.33333  0.33333  0.00000    -3.2688503     2.6619915     0.0382185    10    12      0.003242+i*     0.002743
 -0.33333  0.00000  0.00000    -4.5946561    -0.0451223     0.0001218     9    11     -0.000011+i*    -0.000008
 -0.33333  0.00000  0.00000    -2.8335705    -0.0451223     1.3817442    10    11     -0.113203+i*     0.103710
 -0.33333  0.00000  0.00000    -2.8335705     2.6226298     1.7115926    10    12     -0.138408+i*     0.130424
  0.00000 -0.33333  0.00000    -5.1496778    -2.3708546     0.0333237     9    11      0.002097+i*    -0.003052
  0.00000 -0.33333  0.00000    -3.1203342    -2.3708546     0.0010242    10    11      0.000091+i*     0.000069
  0.00000 -0.33333  0.00000    -5.1496778     0.4107230     0.0484513     9    12     -0.003076+i*     0.004418
  0.00000 -0.33333  0.00000    -3.1203342     0.4107230     0.0333603    10    12     -0.002948+i*    -0.002247
  0.33333 -0.33333  0.00000    -4.4620760    -0.8328566     0.0003678     9    11     -0.000025+i*    -0.000033
  0.33333 -0.33333  0.00000    -3.2688503    -0.8328566     0.3528036    10    11      0.035519+i*     0.016584
  0.33333 -0.33333  0.00000    -3.2688503     1.9685811     1.7000868    10    12     -0.171160+i*    -0.079918
 -0.33333 -0.33333  0.00000    -4.2052738    -0.8328566     0.0011498     9    11      0.000067+i*    -0.000109
 -0.33333 -0.33333  0.00000    -2.8912559    -0.8328566     0.0016592    10    11      0.000169+i*     0.000073
 -0.33333 -0.33333  0.00000    -2.8912559     1.9685811     0.1297532    10    12      0.013199+i*     0.005799
    17BSE eigenvalue    1.94064351      IP-eigenvalue:    4.41560920
  0.00000  0.00000  0.00000    -6.0785256    -1.5869842     0.0015817     9    11     -0.000176+i*     0.000000
  0.00000  0.00000  0.00000    -4.1241113    -1.5869842     0.0010741    10    11     -0.000092+i*    -0.000076
  0.00000  0.00000  0.00000    -4.1241113     1.1932086     0.0061521    10    12      0.000616+i*     0.000297
  0.33333  0.00000  0.00000    -4.5946561    -0.0464668     0.0000747     9    11      0.000004+i*    -0.000007
  0.33333  0.00000  0.00000    -2.8335705    -0.0464668     0.0410116    10    11      0.003867+i*     0.002411
  0.33333  0.00000  0.00000    -2.8335705     2.6619915     0.0608362    10    12     -0.005783+i*    -0.003499
  0.00000  0.33333  0.00000    -5.1496778    -1.5869842     0.0020006     9    11     -0.000113+i*    -0.000191
  0.00000  0.33333  0.00000    -3.1203342    -1.5869842     0.0189058    10    11     -0.001794+i*     0.001093
  0.00000  0.33333  0.00000    -3.1203342     1.1932086     0.2491445    10    12      0.023638+i*    -0.014407
  0.33333  0.33333  0.00000    -4.2052738    -0.0451223     0.0004330     9    11     -0.000043+i*    -0.000021
  0.33333  0.33333  0.00000    -2.8912559    -0.0451223     7.1872601    10    11     -0.436838+i*     0.668513
  0.33333  0.33333  0.00000    -2.8912559     2.6226298     5.3416162    10    12     -0.331601+i*     0.492238
 -0.33333  0.33333  0.00000    -4.4620760    -0.0464668     0.0005300     9    11     -0.000059+i*    -0.000002
 -0.33333  0.33333  0.00000    -3.2688503    -0.0464668     0.1013219    10    11      0.008719+i*     0.007121
 -0.33333  0.33333  0.00000    -3.2688503     2.6619915     0.3166417    10    12      0.027247+i*     0.022257
 -0.33333  0.00000  0.00000    -4.5946561    -0.0451223     0.0019368     9    11     -0.000170+i*    -0.000132
 -0.33333  0.00000  0.00000    -2.8335705    -0.0451223     0.0974982    10    11     -0.007371+i*     0.007939
 -0.33333  0.00000  0.00000    -2.8335705     2.6226298     0.1312622    10    12     -0.009797+i*     0.010804
  0.00000 -0.33333  0.00000    -5.1496778    -2.3708546     0.4432632     9    11      0.028603+i*    -0.040095
  0.00000 -0.33333  0.00000    -3.1203342    -2.3708546     0.0001631    10    11     -0.000015+i*    -0.000011
  0.00000 -0.33333  0.00000    -5.1496778     0.4107230     0.6368934     9    12     -0.041275+i*     0.057482
  0.00000 -0.33333  0.00000    -3.1203342     0.4107230     0.0043235    10    12     -0.000395+i*    -0.000273
  0.33333 -0.33333  0.00000    -4.4620760    -0.8328566     0.0312760     9    11     -0.001687+i*    -0.003038
  0.33333 -0.33333  0.00000    -3.2688503    -0.8328566     0.0102766    10    11     -0.001024+i*    -0.000504
  0.33333 -0.33333  0.00000    -3.2688503     1.9685811     0.0447780    10    12      0.004453+i*     0.002219
 -0.33333 -0.33333  0.00000    -4.2052738    -0.8328566     0.0046104     9    11      0.000258+i*    -0.000442
 -0.33333 -0.33333  0.00000    -2.8912559    -0.8328566     0.0018335    10    11      0.000192+i*     0.000069
 -0.33333 -0.33333  0.00000    -2.8912559     1.9685811     0.0073303    10    12     -0.000771+i*    -0.000263
    18BSE eigenvalue    2.04752982      IP-eigenvalue:    4.49154140
  0.00000  0.00000  0.00000    -6.0785256    -1.5869842     0.0080619     9    11      0.000896+i*     0.000000
  0.00000  0.00000  0.00000    -4.1241113    -1.5869842     0.0027614    10    11      0.000305+i*    -0.000034
  0.00000  0.00000  0.00000    -4.1241113     1.1932086     0.0230274    10    12      0.002518+i*    -0.000453
  0.33333  0.00000  0.00000    -4.5946561    -0.0464668     0.0056950     9    11     -0.000319+i*     0.000546
  0.33333  0.00000  0.00000    -2.8335705    -0.0464668     0.0081242    10    11     -0.000832+i*    -0.000350
  0.33333  0.00000  0.00000    -2.8335705     2.6619915     0.0556361    10    12      0.005720+i*     0.002344
  0.00000  0.33333  0.00000    -5.1496778    -1.5869842     0.0244569     9    11      0.001403+i*     0.002327
  0.00000  0.33333  0.00000    -3.1203342    -1.5869842     0.0190210    10    11      0.001805+i*    -0.001099
  0.00000  0.33333  0.00000    -3.1203342     1.1932086     0.3599828    10    12     -0.034164+i*     0.020801
  0.33333  0.33333  0.00000    -4.2052738    -0.0451223     0.0072471     9    11      0.000730+i*     0.000340
  0.33333  0.33333  0.00000    -2.8912559    -0.0451223     0.3662850    10    11     -0.022256+i*     0.034074
  0.33333  0.33333  0.00000    -2.8912559     2.6226298     0.7045747    10    12     -0.043722+i*     0.064939
 -0.33333  0.33333  0.00000    -4.4620760    -0.0464668     0.0072324     9    11      0.000803+i*     0.000027
 -0.33333  0.33333  0.00000    -3.2688503    -0.0464668     0.4744654    10    11      0.040803+i*     0.033381
 -0.33333  0.33333  0.00000    -3.2688503     2.6619915     0.9986282    10    12      0.085881+i*     0.070259
 -0.33333  0.00000  0.00000    -4.5946561    -0.0451223     0.0051201     9    11      0.000450+i*     0.000348
 -0.33333  0.00000  0.00000    -2.8335705    -0.0451223     0.0058900    10    11     -0.000547+i*     0.000360
 -0.33333  0.00000  0.00000    -2.8335705     2.6226298     0.0422545    10    12     -0.003543+i*     0.003081
  0.00000 -0.33333  0.00000    -5.1496778    -2.3708546     3.0673406     9    11     -0.197902+i*     0.277471
  0.00000 -0.33333  0.00000    -3.1203342    -2.3708546     0.0013201    10    11     -0.000119+i*    -0.000086
  0.00000 -0.33333  0.00000    -5.1496778     0.4107230     8.3427651     9    12      0.540692+i*    -0.752949
  0.00000 -0.33333  0.00000    -3.1203342     0.4107230     0.0050208    10    12     -0.000452+i*    -0.000327
  0.33333 -0.33333  0.00000    -4.4620760    -0.8328566     0.0060071     9    11      0.000324+i*     0.000584
  0.33333 -0.33333  0.00000    -3.2688503    -0.8328566     0.0034297    10    11      0.000350+i*     0.000150
  0.33333 -0.33333  0.00000    -3.2688503     1.9685811     0.0129554    10    12      0.001311+i*     0.000595
 -0.33333 -0.33333  0.00000    -4.2052738    -0.8328566     0.0011577     9    11     -0.000065+i*     0.000111
 -0.33333 -0.33333  0.00000    -2.8912559    -0.8328566     0.0023169    10    11      0.000237+i*     0.000100
 -0.33333 -0.33333  0.00000    -2.8912559     1.9685811     0.0134958    10    12      0.001401+i*     0.000535
    19BSE eigenvalue    2.15937025      IP-eigenvalue:    4.54818925
  0.00000  0.00000  0.00000    -6.0785256    -1.5869842     0.0013909     9    11      0.000155+i*     0.000000
  0.00000  0.00000  0.00000    -4.1241113    -1.5869842     0.0012004    10    11      0.000133+i*    -0.000008
  0.00000  0.00000  0.00000    -4.1241113     1.1932086     0.0173026    10    12     -0.001913+i*     0.000193
  0.33333  0.00000  0.00000    -4.5946561    -0.0464668     0.0001731     9    11      0.000010+i*    -0.000017
  0.33333  0.00000  0.00000    -2.8335705    -0.0464668     0.0109646    10    11      0.001130+i*     0.000455
  0.33333  0.00000  0.00000    -2.8335705     2.6619915     0.0583826    10    12     -0.006017+i*    -0.002425
  0.00000  0.33333  0.00000    -5.1496778    -1.5869842     0.0034671     9    11     -0.000199+i*    -0.000330
  0.00000  0.33333  0.00000    -3.1203342    -1.5869842     0.0016835    10    11     -0.000160+i*     0.000097
  0.00000  0.33333  0.00000    -3.1203342     1.1932086     0.2249276    10    12     -0.021345+i*     0.013000
  0.33333  0.33333  0.00000    -4.2052738    -0.0451223     0.0010242     9    11     -0.000103+i*    -0.000048
  0.33333  0.33333  0.00000    -2.8912559    -0.0451223     0.1353659    10    11      0.008232+i*    -0.012588
  0.33333  0.33333  0.00000    -2.8912559     2.6226298     0.4350228    10    12      0.027021+i*    -0.040078
 -0.33333  0.33333  0.00000    -4.4620760    -0.0464668     0.0009812     9    11     -0.000109+i*    -0.000004
 -0.33333  0.33333  0.00000    -3.2688503    -0.0464668     6.3973641    10    11      0.550172+i*     0.450081
 -0.33333  0.33333  0.00000    -3.2688503     2.6619915     6.2254676    10    12      0.535391+i*     0.437985
 -0.33333  0.00000  0.00000    -4.5946561    -0.0451223     0.0034137     9    11     -0.000300+i*    -0.000232
 -0.33333  0.00000  0.00000    -2.8335705    -0.0451223     0.0036260    10    11      0.000290+i*    -0.000280
 -0.33333  0.00000  0.00000    -2.8335705     2.6226298     0.0182972    10    12      0.001442+i*    -0.001433
  0.00000 -0.33333  0.00000    -5.1496778    -2.3708546     0.2310385     9    11      0.014906+i*    -0.020900
  0.00000 -0.33333  0.00000    -3.1203342    -2.3708546     0.0004709    10    11      0.000042+i*     0.000031
  0.00000 -0.33333  0.00000    -5.1496778     0.4107230     0.9904245     9    12     -0.064186+i*     0.089390
  0.00000 -0.33333  0.00000    -3.1203342     0.4107230     0.0067559    10    12      0.000610+i*     0.000438
  0.33333 -0.33333  0.00000    -4.4620760    -0.8328566     0.0060685     9    11      0.000328+i*     0.000589
  0.33333 -0.33333  0.00000    -3.2688503    -0.8328566     0.0016704    10    11      0.000173+i*     0.000067
  0.33333 -0.33333  0.00000    -3.2688503     1.9685811     0.0372525    10    12     -0.003822+i*    -0.001590
 -0.33333 -0.33333  0.00000    -4.2052738    -0.8328566     0.1366496     9    11      0.007658+i*    -0.013111
 -0.33333 -0.33333  0.00000    -2.8912559    -0.8328566     0.0009994    10    11     -0.000103+i*    -0.000042
 -0.33333 -0.33333  0.00000    -2.8912559     1.9685811     0.0212231    10    12     -0.002184+i*    -0.000890
    20BSE eigenvalue    2.34179395      IP-eigenvalue:    4.54953373
  0.00000  0.00000  0.00000    -6.0785256    -1.5869842     0.0018794     9    11      0.000209+i*     0.000000
  0.00000  0.00000  0.00000    -4.1241113    -1.5869842     0.0005007    10    11      0.000056+i*    -0.000002
  0.00000  0.00000  0.00000    -4.1241113     1.1932086     0.0104948    10    12     -0.001161+i*     0.000107
  0.33333  0.00000  0.00000    -4.5946561    -0.0464668     0.0002062     9    11     -0.000012+i*     0.000020
  0.33333  0.00000  0.00000    -2.8335705    -0.0464668     0.0025155    10    11      0.000259+i*     0.000104
  0.33333  0.00000  0.00000    -2.8335705     2.6619915     0.0280436    10    12     -0.002890+i*    -0.001165
  0.00000  0.33333  0.00000    -5.1496778    -1.5869842     0.0015796     9    11     -0.000091+i*    -0.000150
  0.00000  0.33333  0.00000    -3.1203342    -1.5869842     0.0097374    10    11      0.000924+i*    -0.000563
  0.00000  0.33333  0.00000    -3.1203342     1.1932086     0.2075143    10    12     -0.019694+i*     0.011991
  0.33333  0.33333  0.00000    -4.2052738    -0.0451223     0.0003810     9    11     -0.000038+i*    -0.000018
  0.33333  0.33333  0.00000    -2.8912559    -0.0451223     0.0433491    10    11      0.002637+i*    -0.004031
  0.33333  0.33333  0.00000    -2.8912559     2.6226298     0.2405860    10    12      0.014948+i*    -0.022162
 -0.33333  0.33333  0.00000    -4.4620760    -0.0464668     0.0002485     9    11     -0.000028+i*    -0.000001
 -0.33333  0.33333  0.00000    -3.2688503    -0.0464668     6.3062160    10    11     -0.542276+i*    -0.443739
 -0.33333  0.33333  0.00000    -3.2688503     2.6619915     6.3980935    10    12      0.550178+i*     0.450202
 -0.33333  0.00000  0.00000    -4.5946561    -0.0451223     0.0002374     9    11      0.000021+i*     0.000016
 -0.33333  0.00000  0.00000    -2.8335705    -0.0451223     0.0008278    10    11      0.000066+i*    -0.000064
 -0.33333  0.00000  0.00000    -2.8335705     2.6226298     0.0066425    10    12      0.000520+i*    -0.000523
  0.00000 -0.33333  0.00000    -5.1496778    -2.3708546     0.0592955     9    11      0.003826+i*    -0.005364
  0.00000 -0.33333  0.00000    -3.1203342    -2.3708546     0.0002546    10    11      0.000023+i*     0.000017
  0.00000 -0.33333  0.00000    -5.1496778     0.4107230     0.3718821     9    12     -0.024104+i*     0.033561
  0.00000 -0.33333  0.00000    -3.1203342     0.4107230     0.0049762    10    12      0.000449+i*     0.000323
  0.33333 -0.33333  0.00000    -4.4620760    -0.8328566     0.0086472     9    11      0.000467+i*     0.000840
  0.33333 -0.33333  0.00000    -3.2688503    -0.8328566     0.0004215    10    11      0.000044+i*     0.000015
  0.33333 -0.33333  0.00000    -3.2688503     1.9685811     0.0238978    10    12     -0.002454+i*    -0.001014
 -0.33333 -0.33333  0.00000    -4.2052738    -0.8328566     0.2225117     9    11     -0.012473+i*     0.021347
 -0.33333 -0.33333  0.00000    -2.8912559    -0.8328566     0.0008862    10    11      0.000091+i*     0.000037
 -0.33333 -0.33333  0.00000    -2.8912559     1.9685811     0.0131104    10    12     -0.001349+i*    -0.000550
    21BSE eigenvalue    2.41676303      IP-eigenvalue:    4.85983696
  0.00000  0.00000  0.00000    -6.0785256    -1.5869842     0.0037941     9    11     -0.000422+i*     0.000000
  0.00000  0.00000  0.00000    -4.1241113    -1.5869842     0.0001416    10    11      0.000016+i*    -0.000002
  0.00000  0.00000  0.00000    -4.1241113     1.1932086     0.0001390    10    12     -0.000015+i*     0.000002
  0.33333  0.00000  0.00000    -4.5946561    -0.0464668     0.0010142     9    11     -0.000057+i*     0.000097
  0.33333  0.00000  0.00000    -2.8335705    -0.0464668     0.0002278    10    11      0.000024+i*     0.000009
  0.33333  0.00000  0.00000    -2.8335705     2.6619915     0.0008798    10    12     -0.000091+i*    -0.000036
  0.00000  0.33333  0.00000    -5.1496778    -1.5869842     0.0013904     9    11     -0.000082+i*    -0.000131
  0.00000  0.33333  0.00000    -3.1203342    -1.5869842     0.0009533    10    11     -0.000091+i*     0.000055
  0.00000  0.33333  0.00000    -3.1203342     1.1932086     0.0036068    10    12     -0.000342+i*     0.000209
  0.33333  0.33333  0.00000    -4.2052738    -0.0451223     0.0005792     9    11      0.000058+i*     0.000027
  0.33333  0.33333  0.00000    -2.8912559    -0.0451223     0.0004886    10    11      0.000030+i*    -0.000045
  0.33333  0.33333  0.00000    -2.8912559     2.6226298     0.0038336    10    12      0.000238+i*    -0.000353
 -0.33333  0.33333  0.00000    -4.4620760    -0.0464668     0.0063055     9    11     -0.000700+i*    -0.000024
 -0.33333  0.33333  0.00000    -3.2688503    -0.0464668     0.2532801    10    11     -0.021781+i*    -0.017820
 -0.33333  0.33333  0.00000    -3.2688503     2.6619915     0.0631078    10    12      0.005427+i*     0.004440
 -0.33333  0.00000  0.00000    -4.5946561    -0.0451223     0.0642501     9    11     -0.005644+i*    -0.004372
 -0.33333  0.00000  0.00000    -2.8335705    -0.0451223     0.0007922    10    11      0.000063+i*    -0.000061
 -0.33333  0.00000  0.00000    -2.8335705     2.6226298     0.0003004    10    12      0.000024+i*    -0.000024
  0.00000 -0.33333  0.00000    -5.1496778    -2.3708546     0.0266985     9    11     -0.001723+i*     0.002415
  0.00000 -0.33333  0.00000    -3.1203342    -2.3708546     0.0000217    10    11     -0.000002+i*    -0.000001
  0.00000 -0.33333  0.00000    -5.1496778     0.4107230     0.0014667     9    12     -0.000095+i*     0.000132
  0.00000 -0.33333  0.00000    -3.1203342     0.4107230     0.0001021    10    12      0.000009+i*     0.000007
  0.33333 -0.33333  0.00000    -4.4620760    -0.8328566     0.0028159     9    11      0.000152+i*     0.000274
  0.33333 -0.33333  0.00000    -3.2688503    -0.8328566     0.0001008    10    11      0.000010+i*     0.000004
  0.33333 -0.33333  0.00000    -3.2688503     1.9685811     0.0003917    10    12     -0.000040+i*    -0.000017
 -0.33333 -0.33333  0.00000    -4.2052738    -0.8328566     8.9959395     9    11      0.504189+i*    -0.863071
 -0.33333 -0.33333  0.00000    -2.8912559    -0.8328566     0.0001829    10    11      0.000019+i*     0.000008
 -0.33333 -0.33333  0.00000    -2.8912559     1.9685811     0.0002519    10    12     -0.000026+i*    -0.000011
    22BSE eigenvalue    2.60742575      IP-eigenvalue:    5.23743139
  0.00000  0.00000  0.00000    -6.0785256    -1.5869842     0.0000670     9    11     -0.000007+i*     0.000000
  0.00000  0.00000  0.00000    -4.1241113    -1.5869842     0.0011017    10    11      0.000121+i*    -0.000018
  0.00000  0.00000  0.00000    -4.1241113     1.1932086     0.0016474    10    12     -0.000181+i*     0.000027
  0.33333  0.00000  0.00000    -4.5946561    -0.0464668     0.0005156     9    11      0.000029+i*    -0.000049
  0.33333  0.00000  0.00000    -2.8335705    -0.0464668     0.0006716    10    11      0.000069+i*     0.000028
  0.33333  0.00000  0.00000    -2.8335705     2.6619915     0.0100055    10    12     -0.001031+i*    -0.000415
  0.00000  0.33333  0.00000    -5.1496778    -1.5869842     8.9998863     9    11      0.516670+i*     0.856170
  0.00000  0.33333  0.00000    -3.1203342    -1.5869842     0.0000491    10    11     -0.000005+i*     0.000003
  0.00000  0.33333  0.00000    -3.1203342     1.1932086     0.0005753    10    12      0.000055+i*    -0.000033
  0.33333  0.33333  0.00000    -4.2052738    -0.0451223     0.0269281     9    11      0.002709+i*     0.001270
  0.33333  0.33333  0.00000    -2.8912559    -0.0451223     0.0001023    10    11     -0.000006+i*     0.000010
  0.33333  0.33333  0.00000    -2.8912559     2.6226298     0.0004022    10    12      0.000025+i*    -0.000037
 -0.33333  0.33333  0.00000    -4.4620760    -0.0464668     0.0183035     9    11      0.002033+i*     0.000068
 -0.33333  0.33333  0.00000    -3.2688503    -0.0464668     0.0000448    10    11      0.000004+i*     0.000003
 -0.33333  0.33333  0.00000    -3.2688503     2.6619915     0.0008735    10    12      0.000075+i*     0.000061
 -0.33333  0.00000  0.00000    -4.5946561    -0.0451223     0.0003883     9    11     -0.000034+i*    -0.000026
 -0.33333  0.00000  0.00000    -2.8335705    -0.0451223     0.0007678    10    11      0.000061+i*    -0.000059
 -0.33333  0.00000  0.00000    -2.8335705     2.6226298     0.0051454    10    12      0.000407+i*    -0.000402
  0.00000 -0.33333  0.00000    -5.1496778    -2.3708546     0.0120041     9    11      0.000774+i*    -0.001086
  0.00000 -0.33333  0.00000    -3.1203342    -2.3708546     0.0134720    10    11     -0.001215+i*    -0.000874
  0.00000 -0.33333  0.00000    -5.1496778     0.4107230     0.0219693     9    12     -0.001423+i*     0.001983
  0.00000 -0.33333  0.00000    -3.1203342     0.4107230     0.0031934    10    12     -0.000287+i*    -0.000208
  0.33333 -0.33333  0.00000    -4.4620760    -0.8328566     0.0049501     9    11      0.000267+i*     0.000481
  0.33333 -0.33333  0.00000    -3.2688503    -0.8328566     0.0022023    10    11      0.000224+i*     0.000098
  0.33333 -0.33333  0.00000    -3.2688503     1.9685811     0.0005655    10    12     -0.000058+i*    -0.000025
 -0.33333 -0.33333  0.00000    -4.2052738    -0.8328566     0.0014236     9    11      0.000082+i*    -0.000135
 -0.33333 -0.33333  0.00000    -2.8912559    -0.8328566     0.0016390    10    11      0.000169+i*     0.000069
 -0.33333 -0.33333  0.00000    -2.8912559     1.9685811     0.0010086    10    12     -0.000104+i*    -0.000042
    23BSE eigenvalue    2.67537477      IP-eigenvalue:    5.31731987
  0.00000  0.00000  0.00000    -6.0785256    -1.5869842     0.0048608     9    11      0.000540+i*     0.000000
  0.00000  0.00000  0.00000    -4.1241113    -1.5869842     0.0000447    10    11     -0.000005+i*     0.000000
  0.00000  0.00000  0.00000    -4.1241113     1.1932086     0.0004969    10    12      0.000054+i*    -0.000011
  0.33333  0.00000  0.00000    -4.5946561    -0.0464668     0.0794678     9    11     -0.004457+i*     0.007622
  0.33333  0.00000  0.00000    -2.8335705    -0.0464668     0.0005297    10    11     -0.000055+i*    -0.000022
  0.33333  0.00000  0.00000    -2.8335705     2.6619915     0.0000617    10    12      0.000006+i*     0.000003
  0.00000  0.33333  0.00000    -5.1496778    -1.5869842     0.0050045     9    11     -0.000287+i*    -0.000476
  0.00000  0.33333  0.00000    -3.1203342    -1.5869842     0.0010787    10    11      0.000102+i*    -0.000062
  0.00000  0.33333  0.00000    -3.1203342     1.1932086     0.0013600    10    12      0.000129+i*    -0.000079
  0.33333  0.33333  0.00000    -4.2052738    -0.0451223     0.0125355     9    11      0.001261+i*     0.000592
  0.33333  0.33333  0.00000    -2.8912559    -0.0451223     0.0453062    10    11     -0.002757+i*     0.004212
  0.33333  0.33333  0.00000    -2.8912559     2.6226298     0.0092204    10    12      0.000573+i*    -0.000849
 -0.33333  0.33333  0.00000    -4.4620760    -0.0464668     0.0006955     9    11     -0.000077+i*    -0.000003
 -0.33333  0.33333  0.00000    -3.2688503    -0.0464668     0.0017132    10    11      0.000147+i*     0.000121
 -0.33333  0.33333  0.00000    -3.2688503     2.6619915     0.0107217    10    12     -0.000921+i*    -0.000755
 -0.33333  0.00000  0.00000    -4.5946561    -0.0451223     0.0008022     9    11     -0.000070+i*    -0.000055
 -0.33333  0.00000  0.00000    -2.8335705    -0.0451223     0.0001050    10    11     -0.000008+i*     0.000008
 -0.33333  0.00000  0.00000    -2.8335705     2.6226298     0.0002451    10    12     -0.000020+i*     0.000019
  0.00000 -0.33333  0.00000    -5.1496778    -2.3708546     0.0183711     9    11      0.001186+i*    -0.001662
  0.00000 -0.33333  0.00000    -3.1203342    -2.3708546     0.0000301    10    11      0.000003+i*     0.000002
  0.00000 -0.33333  0.00000    -5.1496778     0.4107230     0.0002476     9    12      0.000016+i*    -0.000022
  0.00000 -0.33333  0.00000    -3.1203342     0.4107230     0.0000420    10    12     -0.000004+i*    -0.000003
  0.33333 -0.33333  0.00000    -4.4620760    -0.8328566     8.9994930     9    11      0.484899+i*     0.874506
  0.33333 -0.33333  0.00000    -3.2688503    -0.8328566     0.0001257    10    11     -0.000013+i*    -0.000006
  0.33333 -0.33333  0.00000    -3.2688503     1.9685811     0.0002179    10    12      0.000022+i*     0.000010
 -0.33333 -0.33333  0.00000    -4.2052738    -0.8328566     0.0026544     9    11     -0.000149+i*     0.000255
 -0.33333 -0.33333  0.00000    -2.8912559    -0.8328566     0.0000581    10    11     -0.000006+i*    -0.000002
 -0.33333 -0.33333  0.00000    -2.8912559     1.9685811     0.0001283    10    12      0.000013+i*     0.000005
    24BSE eigenvalue    3.20364366      IP-eigenvalue:    5.45620037
  0.00000  0.00000  0.00000    -6.0785256    -1.5869842     0.0009414     9    11      0.000105+i*     0.000000
  0.00000  0.00000  0.00000    -4.1241113    -1.5869842     0.0002326    10    11     -0.000026+i*     0.000004
  0.00000  0.00000  0.00000    -4.1241113     1.1932086     0.0026317    10    12      0.000289+i*    -0.000044
  0.33333  0.00000  0.00000    -4.5946561    -0.0464668     0.0001174     9    11     -0.000007+i*     0.000011
  0.33333  0.00000  0.00000    -2.8335705    -0.0464668     0.0008324    10    11     -0.000086+i*    -0.000035
  0.33333  0.00000  0.00000    -2.8335705     2.6619915     0.0020137    10    12      0.000208+i*     0.000084
  0.00000  0.33333  0.00000    -5.1496778    -1.5869842     0.0269474     9    11      0.001546+i*     0.002564
  0.00000  0.33333  0.00000    -3.1203342    -1.5869842     0.0000381    10    11     -0.000004+i*     0.000002
  0.00000  0.33333  0.00000    -3.1203342     1.1932086     0.0002111    10    12     -0.000020+i*     0.000012
  0.33333  0.33333  0.00000    -4.2052738    -0.0451223     8.9999184     9    11     -0.905296+i*    -0.424760
  0.33333  0.33333  0.00000    -2.8912559    -0.0451223     0.0000897    10    11     -0.000005+i*     0.000008
  0.33333  0.33333  0.00000    -2.8912559     2.6226298     0.0000712    10    12     -0.000004+i*     0.000007
 -0.33333  0.33333  0.00000    -4.4620760    -0.0464668     0.0026237     9    11      0.000291+i*     0.000010
 -0.33333  0.33333  0.00000    -3.2688503    -0.0464668     0.0000834    10    11     -0.000007+i*    -0.000006
 -0.33333  0.33333  0.00000    -3.2688503     2.6619915     0.0001646    10    12     -0.000014+i*    -0.000012
 -0.33333  0.00000  0.00000    -4.5946561    -0.0451223     0.0011277     9    11      0.000100+i*     0.000075
 -0.33333  0.00000  0.00000    -2.8335705    -0.0451223     0.0001849    10    11     -0.000015+i*     0.000014
 -0.33333  0.00000  0.00000    -2.8335705     2.6226298     0.0063459    10    12     -0.000501+i*     0.000496
  0.00000 -0.33333  0.00000    -5.1496778    -2.3708546     0.0006560     9    11     -0.000043+i*     0.000059
  0.00000 -0.33333  0.00000    -3.1203342    -2.3708546     0.0006779    10    11      0.000061+i*     0.000044
  0.00000 -0.33333  0.00000    -5.1496778     0.4107230     0.0074488     9    12      0.000485+i*    -0.000671
  0.00000 -0.33333  0.00000    -3.1203342     0.4107230     0.0003367    10    12     -0.000030+i*    -0.000022
  0.33333 -0.33333  0.00000    -4.4620760    -0.8328566     0.0125500     9    11      0.000676+i*     0.001219
  0.33333 -0.33333  0.00000    -3.2688503    -0.8328566     0.0208272    10    11     -0.002120+i*    -0.000927
  0.33333 -0.33333  0.00000    -3.2688503     1.9685811     0.0051245    10    12     -0.000522+i*    -0.000228
 -0.33333 -0.33333  0.00000    -4.2052738    -0.8328566     0.0005885     9    11      0.000033+i*    -0.000056
 -0.33333 -0.33333  0.00000    -2.8912559    -0.8328566     0.0000359    10    11     -0.000004+i*    -0.000002
 -0.33333 -0.33333  0.00000    -2.8912559     1.9685811     0.0027130    10    12      0.000279+i*     0.000114
    25BSE eigenvalue    3.46145438      IP-eigenvalue:    5.49556207
  0.00000  0.00000  0.00000    -6.0785256    -1.5869842     0.0066154     9    11     -0.000735+i*     0.000000
  0.00000  0.00000  0.00000    -4.1241113    -1.5869842     0.0000215    10    11      0.000002+i*    -0.000000
  0.00000  0.00000  0.00000    -4.1241113     1.1932086     0.0045002    10    12     -0.000494+i*     0.000076
  0.33333  0.00000  0.00000    -4.5946561    -0.0464668     0.0038209     9    11      0.000213+i*    -0.000367
  0.33333  0.00000  0.00000    -2.8335705    -0.0464668     0.0000522    10    11      0.000005+i*     0.000002
  0.33333  0.00000  0.00000    -2.8335705     2.6619915     0.0034557    10    12     -0.000356+i*    -0.000143
  0.00000  0.33333  0.00000    -5.1496778    -1.5869842     0.0183414     9    11     -0.001056+i*    -0.001743
  0.00000  0.33333  0.00000    -3.1203342    -1.5869842     0.0000329    10    11      0.000003+i*    -0.000002
  0.00000  0.33333  0.00000    -3.1203342     1.1932086     0.0001685    10    12      0.000016+i*    -0.000010
  0.33333  0.33333  0.00000    -4.2052738    -0.0451223     0.0025634     9    11      0.000258+i*     0.000120
  0.33333  0.33333  0.00000    -2.8912559    -0.0451223     0.0000467    10    11     -0.000003+i*     0.000004
  0.33333  0.33333  0.00000    -2.8912559     2.6226298     0.0000661    10    12      0.000004+i*    -0.000006
 -0.33333  0.33333  0.00000    -4.4620760    -0.0464668     8.9999549     9    11      0.999497+i*     0.031546
 -0.33333  0.33333  0.00000    -3.2688503    -0.0464668     0.0000469    10    11     -0.000004+i*    -0.000003
 -0.33333  0.33333  0.00000    -3.2688503     2.6619915     0.0000438    10    12      0.000004+i*     0.000003
 -0.33333  0.00000  0.00000    -4.5946561    -0.0451223     0.0002965     9    11     -0.000026+i*    -0.000020
 -0.33333  0.00000  0.00000    -2.8335705    -0.0451223     0.0006855    10    11      0.000055+i*    -0.000053
 -0.33333  0.00000  0.00000    -2.8335705     2.6226298     0.0017874    10    12      0.000141+i*    -0.000140
  0.00000 -0.33333  0.00000    -5.1496778    -2.3708546     0.0005444     9    11      0.000035+i*    -0.000049
  0.00000 -0.33333  0.00000    -3.1203342    -2.3708546     0.0006488    10    11     -0.000059+i*    -0.000042
  0.00000 -0.33333  0.00000    -5.1496778     0.4107230     0.0074899     9    12     -0.000484+i*     0.000677
  0.00000 -0.33333  0.00000    -3.1203342     0.4107230     0.0003466    10    12      0.000031+i*     0.000023
  0.33333 -0.33333  0.00000    -4.4620760    -0.8328566     0.0007202     9    11      0.000039+i*     0.000070
  0.33333 -0.33333  0.00000    -3.2688503    -0.8328566     0.0000302    10    11      0.000003+i*     0.000001
  0.33333 -0.33333  0.00000    -3.2688503     1.9685811     0.0048310    10    12     -0.000492+i*    -0.000214
 -0.33333 -0.33333  0.00000    -4.2052738    -0.8328566     0.0062985     9    11      0.000352+i*    -0.000605
 -0.33333 -0.33333  0.00000    -2.8912559    -0.8328566     0.0155649    10    11      0.001602+i*     0.000651
 -0.33333 -0.33333  0.00000    -2.8912559     1.9685811     0.0033508    10    12      0.000345+i*     0.000140
    26BSE eigenvalue    3.53576223      IP-eigenvalue:    5.51388569
  0.00000  0.00000  0.00000    -6.0785256    -1.5869842     8.9912138     9    11      0.999024+i*     0.000000
  0.00000  0.00000  0.00000    -4.1241113    -1.5869842     0.0000463    10    11     -0.000005+i*     0.000001
  0.00000  0.00000  0.00000    -4.1241113     1.1932086     0.0001600    10    12      0.000018+i*    -0.000003
  0.33333  0.00000  0.00000    -4.5946561    -0.0464668     0.2807711     9    11     -0.015741+i*     0.026934
  0.33333  0.00000  0.00000    -2.8335705    -0.0464668     0.0000536    10    11     -0.000006+i*    -0.000002
  0.33333  0.00000  0.00000    -2.8335705     2.6619915     0.0002214    10    12      0.000023+i*     0.000009
  0.00000  0.33333  0.00000    -5.1496778    -1.5869842     0.0000414     9    11      0.000002+i*     0.000004
  0.00000  0.33333  0.00000    -3.1203342    -1.5869842     0.0003232    10    11      0.000031+i*    -0.000019
  0.00000  0.33333  0.00000    -3.1203342     1.1932086     0.0007597    10    12      0.000072+i*    -0.000044
  0.33333  0.33333  0.00000    -4.2052738    -0.0451223     0.0009745     9    11      0.000098+i*     0.000046
  0.33333  0.33333  0.00000    -2.8912559    -0.0451223     0.0001406    10    11     -0.000009+i*     0.000013
  0.33333  0.33333  0.00000    -2.8912559     2.6226298     0.0001358    10    12      0.000008+i*    -0.000013
 -0.33333  0.33333  0.00000    -4.4620760    -0.0464668     0.0067373     9    11      0.000748+i*     0.000024
 -0.33333  0.33333  0.00000    -3.2688503    -0.0464668     0.0000032    10    11      0.000000+i*     0.000000
 -0.33333  0.33333  0.00000    -3.2688503     2.6619915     0.0023927    10    12     -0.000206+i*    -0.000168
 -0.33333  0.00000  0.00000    -4.5946561    -0.0451223     0.2776568     9    11      0.024389+i*     0.018893
 -0.33333  0.00000  0.00000    -2.8335705    -0.0451223     0.0000481    10    11     -0.000004+i*     0.000004
 -0.33333  0.00000  0.00000    -2.8335705     2.6226298     0.0002298    10    12     -0.000018+i*     0.000018
  0.00000 -0.33333  0.00000    -5.1496778    -2.3708546     0.0441507     9    11      0.002849+i*    -0.003994
  0.00000 -0.33333  0.00000    -3.1203342    -2.3708546     0.0000959    10    11     -0.000009+i*    -0.000006
  0.00000 -0.33333  0.00000    -5.1496778     0.4107230     0.0075014     9    12      0.000486+i*    -0.000677
  0.00000 -0.33333  0.00000    -3.1203342     0.4107230     0.0001422    10    12     -0.000013+i*    -0.000009
  0.33333 -0.33333  0.00000    -4.4620760    -0.8328566     0.0074042     9    11     -0.000399+i*    -0.000719
  0.33333 -0.33333  0.00000    -3.2688503    -0.8328566     0.0000627    10    11     -0.000006+i*    -0.000003
  0.33333 -0.33333  0.00000    -3.2688503     1.9685811     0.0000337    10    12      0.000004+i*     0.000000
 -0.33333 -0.33333  0.00000    -4.2052738    -0.8328566     0.0058999     9    11      0.000331+i*    -0.000566
 -0.33333 -0.33333  0.00000    -2.8912559    -0.8328566     0.0000034    10    11     -0.000000+i*    -0.000000
 -0.33333 -0.33333  0.00000    -2.8912559     1.9685811     0.0002002    10    12      0.000021+i*     0.000008
    27BSE eigenvalue    3.59314560      IP-eigenvalue:    5.56040079
  0.00000  0.00000  0.00000    -6.0785256    -1.5869842     0.2379838     9    11     -0.026443+i*     0.000000
  0.00000  0.00000  0.00000    -4.1241113    -1.5869842     0.0000378    10    11     -0.000004+i*     0.000001
  0.00000  0.00000  0.00000    -4.1241113     1.1932086     0.0000935    10    12      0.000010+i*    -0.000002
  0.33333  0.00000  0.00000    -4.5946561    -0.0464668     8.9024042     9    11     -0.499098+i*     0.854009
  0.33333  0.00000  0.00000    -2.8335705    -0.0464668     0.0000414    10    11     -0.000004+i*    -0.000002
  0.33333  0.00000  0.00000    -2.8335705     2.6619915     0.0001247    10    12      0.000013+i*     0.000005
  0.00000  0.33333  0.00000    -5.1496778    -1.5869842     0.0004786     9    11      0.000028+i*     0.000045
  0.00000  0.33333  0.00000    -3.1203342    -1.5869842     0.0000698    10    11     -0.000007+i*     0.000004
  0.00000  0.33333  0.00000    -3.1203342     1.1932086     0.0010096    10    12     -0.000096+i*     0.000058
  0.33333  0.33333  0.00000    -4.2052738    -0.0451223     0.0001832     9    11     -0.000018+i*    -0.000009
  0.33333  0.33333  0.00000    -2.8912559    -0.0451223     0.0004330    10    11     -0.000026+i*     0.000040
  0.33333  0.33333  0.00000    -2.8912559     2.6226298     0.0019667    10    12      0.000122+i*    -0.000181
 -0.33333  0.33333  0.00000    -4.4620760    -0.0464668     0.0035730     9    11      0.000397+i*     0.000013
 -0.33333  0.33333  0.00000    -3.2688503    -0.0464668     0.0001076    10    11     -0.000009+i*    -0.000008
 -0.33333  0.33333  0.00000    -3.2688503     2.6619915     0.0008946    10    12     -0.000077+i*    -0.000063
 -0.33333  0.00000  0.00000    -4.5946561    -0.0451223     1.2977817     9    11     -0.113994+i*    -0.088308
 -0.33333  0.00000  0.00000    -2.8335705    -0.0451223     0.0000380    10    11     -0.000003+i*     0.000003
 -0.33333  0.00000  0.00000    -2.8335705     2.6226298     0.0001598    10    12     -0.000013+i*     0.000012
  0.00000 -0.33333  0.00000    -5.1496778    -2.3708546     0.0011127     9    11      0.000072+i*    -0.000101
  0.00000 -0.33333  0.00000    -3.1203342    -2.3708546     0.0000081    10    11      0.000001+i*     0.000001
  0.00000 -0.33333  0.00000    -5.1496778     0.4107230     0.0043762     9    12     -0.000284+i*     0.000395
  0.00000 -0.33333  0.00000    -3.1203342     0.4107230     0.0000894    10    12     -0.000008+i*    -0.000006
  0.33333 -0.33333  0.00000    -4.4620760    -0.8328566     0.0786072     9    11     -0.004237+i*    -0.007638
  0.33333 -0.33333  0.00000    -3.2688503    -0.8328566     0.0001659    10    11      0.000017+i*     0.000007
  0.33333 -0.33333  0.00000    -3.2688503     1.9685811     0.0002214    10    12      0.000023+i*     0.000010
 -0.33333 -0.33333  0.00000    -4.2052738    -0.8328566     0.0103411     9    11     -0.000580+i*     0.000992
 -0.33333 -0.33333  0.00000    -2.8912559    -0.8328566     0.0000502    10    11     -0.000005+i*    -0.000002
 -0.33333 -0.33333  0.00000    -2.8912559     1.9685811     0.0000137    10    12      0.000001+i*     0.000000
    28BSE eigenvalue    3.59406565      IP-eigenvalue:    5.93084182
  0.00000  0.00000  0.00000    -6.0785256    -1.5869842     0.3151928     9    11      0.035021+i*     0.000000
  0.00000  0.00000  0.00000    -4.1241113    -1.5869842     0.0000525    10    11      0.000006+i*    -0.000001
  0.00000  0.00000  0.00000    -4.1241113     1.1932086     0.0000375    10    12     -0.000004+i*     0.000001
  0.33333  0.00000  0.00000    -4.5946561    -0.0464668     1.2891849     9    11      0.072277+i*    -0.123671
  0.33333  0.00000  0.00000    -2.8335705    -0.0464668     0.0000587    10    11      0.000006+i*     0.000002
  0.33333  0.00000  0.00000    -2.8335705     2.6619915     0.0000538    10    12     -0.000006+i*    -0.000002
  0.00000  0.33333  0.00000    -5.1496778    -1.5869842     0.0004305     9    11     -0.000025+i*    -0.000041
  0.00000  0.33333  0.00000    -3.1203342    -1.5869842     0.0000585    10    11     -0.000006+i*     0.000003
  0.00000  0.33333  0.00000    -3.1203342     1.1932086     0.0002412    10    12     -0.000023+i*     0.000014
  0.33333  0.33333  0.00000    -4.2052738    -0.0451223     0.0010854     9    11     -0.000108+i*    -0.000053
  0.33333  0.33333  0.00000    -2.8912559    -0.0451223     0.0000614    10    11      0.000004+i*    -0.000006
  0.33333  0.33333  0.00000    -2.8912559     2.6226298     0.0019678    10    12      0.000122+i*    -0.000181
 -0.33333  0.33333  0.00000    -4.4620760    -0.0464668     0.0005608     9    11     -0.000062+i*    -0.000002
 -0.33333  0.33333  0.00000    -3.2688503    -0.0464668     0.0005455    10    11     -0.000047+i*    -0.000038
 -0.33333  0.33333  0.00000    -3.2688503     2.6619915     0.0021991    10    12     -0.000189+i*    -0.000155
 -0.33333  0.00000  0.00000    -4.5946561    -0.0451223     8.9013758     9    11     -0.781874+i*    -0.605704
 -0.33333  0.00000  0.00000    -2.8335705    -0.0451223     0.0000514    10    11      0.000004+i*    -0.000004
 -0.33333  0.00000  0.00000    -2.8335705     2.6226298     0.0000999    10    12      0.000008+i*    -0.000008
  0.00000 -0.33333  0.00000    -5.1496778    -2.3708546     0.0015088     9    11     -0.000097+i*     0.000136
  0.00000 -0.33333  0.00000    -3.1203342    -2.3708546     0.0000473    10    11     -0.000004+i*    -0.000003
  0.00000 -0.33333  0.00000    -5.1496778     0.4107230     0.0059243     9    12      0.000385+i*    -0.000534
  0.00000 -0.33333  0.00000    -3.1203342     0.4107230     0.0000462    10    12     -0.000004+i*    -0.000003
  0.33333 -0.33333  0.00000    -4.4620760    -0.8328566     0.0104015     9    11      0.000561+i*     0.001011
  0.33333 -0.33333  0.00000    -3.2688503    -0.8328566     0.0000171    10    11      0.000002+i*     0.000001
  0.33333 -0.33333  0.00000    -3.2688503     1.9685811     0.0001193    10    12     -0.000012+i*    -0.000005
 -0.33333 -0.33333  0.00000    -4.2052738    -0.8328566     0.0633045     9    11     -0.003548+i*     0.006073
 -0.33333 -0.33333  0.00000    -2.8912559    -0.8328566     0.0001346    10    11     -0.000014+i*    -0.000006
 -0.33333 -0.33333  0.00000    -2.8912559     1.9685811     0.0001254    10    12     -0.000013+i*    -0.000005
