                27                27
     1BSE eigenvalue    1.53335147      IP-eigenvalue:    1.53335004
  0.00000  0.00000  0.00000    -6.0785256    -2.3708546     0.0000000     9    11     -0.000000+i*     0.000000
  0.00000  0.00000  0.00000    -4.1241113    -2.3708546     0.0000000    10    11      0.000000+i*     0.000000
  0.00000  0.00000  0.00000    -4.1241113     0.4107230     0.0000000    10    12      0.000000+i*     0.000000
  0.33333  0.00000  0.00000    -4.5946561    -0.8328566     0.0000000     9    11     -0.000000+i*     0.000000
  0.33333  0.00000  0.00000    -2.8335705    -0.8328566     0.0000096    10    11     -0.000000+i*    -0.000001
  0.33333  0.00000  0.00000    -2.8335705     1.9685811     0.0000560    10    12     -0.000001+i*    -0.000006
  0.00000  0.33333  0.00000    -5.1496778    -1.5869842     0.0000000     9    11     -0.000000+i*     0.000000
  0.00000  0.33333  0.00000    -3.1203342    -1.5869842     6.3639610    10    11     -0.068906+i*    -0.703741
  0.00000  0.33333  0.00000    -3.1203342     1.1932086     0.0001268    10    12      0.000001+i*     0.000014
  0.33333  0.33333  0.00000    -4.2052738    -0.0464668     0.0000000     9    11     -0.000000+i*     0.000000
  0.33333  0.33333  0.00000    -2.8912559    -0.0464668     0.0000110    10    11      0.000000+i*    -0.000001
  0.33333  0.33333  0.00000    -2.8912559     2.6619915     0.0001294    10    12      0.000001+i*    -0.000014
 -0.33333  0.33333  0.00000    -4.4620760    -0.0451223     0.0000000     9    11     -0.000000+i*     0.000000
 -0.33333  0.33333  0.00000    -3.2688503    -0.0451223     0.0000127    10    11     -0.000001+i*    -0.000000
 -0.33333  0.33333  0.00000    -3.2688503     2.6226298     0.0001606    10    12      0.000018+i*     0.000002
 -0.33333  0.00000  0.00000    -4.5946561    -0.8328566     0.0000000     9    11     -0.000000+i*     0.000000
 -0.33333  0.00000  0.00000    -2.8335705    -0.8328566     0.0000096    10    11     -0.000000+i*     0.000001
 -0.33333  0.00000  0.00000    -2.8335705     1.9685811     0.0000560    10    12     -0.000000+i*     0.000006
  0.00000 -0.33333  0.00000    -5.1496778    -1.5869842     0.0000000     9    11     -0.000000+i*     0.000000
  0.00000 -0.33333  0.00000    -3.1203342    -1.5869842     6.3639610    10    11      0.063083+i*     0.704287
  0.00000 -0.33333  0.00000    -3.1203342     1.1932086     0.0001268    10    12     -0.000001+i*    -0.000014
  0.33333 -0.33333  0.00000    -4.4620760    -0.0451223     0.0000000     9    11     -0.000000+i*    -0.000000
  0.33333 -0.33333  0.00000    -3.2688503    -0.0451223     0.0000127    10    11     -0.000001+i*     0.000000
  0.33333 -0.33333  0.00000    -3.2688503     2.6226298     0.0001606    10    12      0.000017+i*    -0.000006
 -0.33333 -0.33333  0.00000    -4.2052738    -0.0464668     0.0000000     9    11     -0.000000+i*     0.000000
 -0.33333 -0.33333  0.00000    -2.8912559    -0.0464668     0.0000110    10    11      0.000000+i*     0.000001
 -0.33333 -0.33333  0.00000    -2.8912559     2.6619915     0.0001294    10    12      0.000003+i*     0.000014
     2BSE eigenvalue    1.53344977      IP-eigenvalue:    1.53335004
  0.00000  0.00000  0.00000    -6.0785256    -2.3708546     0.0000000     9    11     -0.000000+i*     0.000000
  0.00000  0.00000  0.00000    -4.1241113    -2.3708546     0.0027400    10    11     -0.000296+i*    -0.000072
  0.00000  0.00000  0.00000    -4.1241113     0.4107230     0.0067122    10    12     -0.000724+i*    -0.000179
  0.33333  0.00000  0.00000    -4.5946561    -0.8328566     0.0000000     9    11      0.000000+i*    -0.000000
  0.33333  0.00000  0.00000    -2.8335705    -0.8328566     0.0013099    10    11     -0.000032+i*     0.000142
  0.33333  0.00000  0.00000    -2.8335705     1.9685811     0.0062320    10    12     -0.000153+i*     0.000675
  0.00000  0.33333  0.00000    -5.1496778    -1.5869842     0.0000000     9    11     -0.000000+i*    -0.000000
  0.00000  0.33333  0.00000    -3.1203342    -1.5869842     6.3639474    10    11     -0.252229+i*     0.660590
  0.00000  0.33333  0.00000    -3.1203342     1.1932086     0.0074590    10    12      0.000296+i*    -0.000774
  0.33333  0.33333  0.00000    -4.2052738    -0.0464668     0.0000000     9    11      0.000000+i*    -0.000000
  0.33333  0.33333  0.00000    -2.8912559    -0.0464668     0.0005076    10    11     -0.000028+i*     0.000049
  0.33333  0.33333  0.00000    -2.8912559     2.6619915     0.0052122    10    12     -0.000282+i*     0.000506
 -0.33333  0.33333  0.00000    -4.4620760    -0.0451223     0.0000000     9    11      0.000000+i*    -0.000000
 -0.33333  0.33333  0.00000    -3.2688503    -0.0451223     0.0004197    10    11      0.000038+i*     0.000027
 -0.33333  0.33333  0.00000    -3.2688503     2.6226298     0.0048102    10    12     -0.000441+i*    -0.000303
 -0.33333  0.00000  0.00000    -4.5946561    -0.8328566     0.0000000     9    11     -0.000000+i*    -0.000000
 -0.33333  0.00000  0.00000    -2.8335705    -0.8328566     0.0013099    10    11     -0.000072+i*     0.000127
 -0.33333  0.00000  0.00000    -2.8335705     1.9685811     0.0062320    10    12     -0.000341+i*     0.000603
  0.00000 -0.33333  0.00000    -5.1496778    -1.5869842     0.0000000     9    11      0.000000+i*    -0.000000
  0.00000 -0.33333  0.00000    -3.1203342    -1.5869842     6.3639474    10    11     -0.257684+i*     0.658481
  0.00000 -0.33333  0.00000    -3.1203342     1.1932086     0.0074590    10    12      0.000302+i*    -0.000772
  0.33333 -0.33333  0.00000    -4.4620760    -0.0451223     0.0000000     9    11      0.000000+i*    -0.000000
  0.33333 -0.33333  0.00000    -3.2688503    -0.0451223     0.0004197    10    11     -0.000046+i*    -0.000006
  0.33333 -0.33333  0.00000    -3.2688503     2.6226298     0.0048102    10    12      0.000530+i*     0.000072
 -0.33333 -0.33333  0.00000    -4.2052738    -0.0464668     0.0000000     9    11      0.000000+i*    -0.000000
 -0.33333 -0.33333  0.00000    -2.8912559    -0.0464668     0.0005076    10    11     -0.000013+i*     0.000055
 -0.33333 -0.33333  0.00000    -2.8912559     2.6619915     0.0052122    10    12     -0.000131+i*     0.000564
     3BSE eigenvalue    1.75330140      IP-eigenvalue:    1.75325663
  0.00000  0.00000  0.00000    -6.0785256    -2.3708546     0.0000000     9    11      0.000000+i*     0.000000
  0.00000  0.00000  0.00000    -4.1241113    -2.3708546     8.9999902    10    11      0.782662+i*     0.622445
  0.00000  0.00000  0.00000    -4.1241113     0.4107230     0.0047453    10    12     -0.000412+i*    -0.000330
  0.33333  0.00000  0.00000    -4.5946561    -0.8328566     0.0000000     9    11      0.000000+i*     0.000000
  0.33333  0.00000  0.00000    -2.8335705    -0.8328566     0.0016520    10    11     -0.000112+i*     0.000146
  0.33333  0.00000  0.00000    -2.8335705     1.9685811     0.0043687    10    12     -0.000296+i*     0.000385
  0.00000  0.33333  0.00000    -5.1496778    -1.5869842     0.0000000     9    11      0.000000+i*    -0.000000
  0.00000  0.33333  0.00000    -3.1203342    -1.5869842     0.0019187    10    11     -0.000152+i*     0.000149
  0.00000  0.33333  0.00000    -3.1203342     1.1932086     0.0052760    10    12      0.000419+i*    -0.000410
  0.33333  0.33333  0.00000    -4.2052738    -0.0464668     0.0000000     9    11      0.000000+i*    -0.000000
  0.33333  0.33333  0.00000    -2.8912559    -0.0464668     0.0004037    10    11     -0.000036+i*     0.000026
  0.33333  0.33333  0.00000    -2.8912559     2.6619915     0.0035797    10    12     -0.000322+i*     0.000234
 -0.33333  0.33333  0.00000    -4.4620760    -0.0451223     0.0000000     9    11      0.000000+i*    -0.000000
 -0.33333  0.33333  0.00000    -3.2688503    -0.0451223     0.0003177    10    11      0.000018+i*     0.000031
 -0.33333  0.33333  0.00000    -3.2688503     2.6226298     0.0032794    10    12     -0.000186+i*    -0.000313
 -0.33333  0.00000  0.00000    -4.5946561    -0.8328566     0.0000000     9    11      0.000000+i*     0.000000
 -0.33333  0.00000  0.00000    -2.8335705    -0.8328566     0.0016520    10    11     -0.000149+i*     0.000107
 -0.33333  0.00000  0.00000    -2.8335705     1.9685811     0.0043687    10    12     -0.000394+i*     0.000284
  0.00000 -0.33333  0.00000    -5.1496778    -1.5869842     0.0000000     9    11      0.000000+i*     0.000000
  0.00000 -0.33333  0.00000    -3.1203342    -1.5869842     0.0019187    10    11     -0.000154+i*     0.000148
  0.00000 -0.33333  0.00000    -3.1203342     1.1932086     0.0052760    10    12      0.000423+i*    -0.000406
  0.33333 -0.33333  0.00000    -4.4620760    -0.0451223     0.0000000     9    11      0.000000+i*     0.000000
  0.33333 -0.33333  0.00000    -3.2688503    -0.0451223     0.0003177    10    11     -0.000030+i*    -0.000019
  0.33333 -0.33333  0.00000    -3.2688503     2.6226298     0.0032794    10    12      0.000307+i*     0.000196
 -0.33333 -0.33333  0.00000    -4.2052738    -0.0464668     0.0000000     9    11      0.000000+i*    -0.000000
 -0.33333 -0.33333  0.00000    -2.8912559    -0.0464668     0.0004037    10    11     -0.000028+i*     0.000035
 -0.33333 -0.33333  0.00000    -2.8912559     2.6619915     0.0035797    10    12     -0.000244+i*     0.000314
     4BSE eigenvalue    2.00071426      IP-eigenvalue:    2.00071389
  0.00000  0.00000  0.00000    -6.0785256    -2.3708546     0.0000000     9    11     -0.000000+i*     0.000000
  0.00000  0.00000  0.00000    -4.1241113    -2.3708546     0.0000000    10    11      0.000000+i*    -0.000000
  0.00000  0.00000  0.00000    -4.1241113     0.4107230     0.0000000    10    12     -0.000000+i*    -0.000000
  0.33333  0.00000  0.00000    -4.5946561    -0.8328566     0.0000000     9    11     -0.000000+i*     0.000000
  0.33333  0.00000  0.00000    -2.8335705    -0.8328566     6.3639610    10    11      0.217057+i*     0.672968
  0.33333  0.00000  0.00000    -2.8335705     1.9685811     0.0000335    10    12     -0.000001+i*    -0.000004
  0.00000  0.33333  0.00000    -5.1496778    -1.5869842     0.0000000     9    11     -0.000000+i*     0.000000
  0.00000  0.33333  0.00000    -3.1203342    -1.5869842     0.0000096    10    11     -0.000000+i*    -0.000001
  0.00000  0.33333  0.00000    -3.1203342     1.1932086     0.0000758    10    12      0.000001+i*     0.000008
  0.33333  0.33333  0.00000    -4.2052738    -0.0464668     0.0000000     9    11     -0.000000+i*     0.000000
  0.33333  0.33333  0.00000    -2.8912559    -0.0464668     0.0000082    10    11     -0.000000+i*    -0.000001
  0.33333  0.33333  0.00000    -2.8912559     2.6619915     0.0000710    10    12     -0.000000+i*    -0.000008
 -0.33333  0.33333  0.00000    -4.4620760    -0.0451223     0.0000000     9    11     -0.000000+i*     0.000000
 -0.33333  0.33333  0.00000    -3.2688503    -0.0451223     0.0000083    10    11     -0.000001+i*    -0.000000
 -0.33333  0.33333  0.00000    -3.2688503     2.6226298     0.0000856    10    12      0.000009+i*     0.000001
 -0.33333  0.00000  0.00000    -4.5946561    -0.8328566     0.0000000     9    11     -0.000000+i*     0.000000
 -0.33333  0.00000  0.00000    -2.8335705    -0.8328566     6.3639610    10    11     -0.014609+i*    -0.706956
 -0.33333  0.00000  0.00000    -2.8335705     1.9685811     0.0000335    10    12      0.000000+i*     0.000004
  0.00000 -0.33333  0.00000    -5.1496778    -1.5869842     0.0000000     9    11     -0.000000+i*     0.000000
  0.00000 -0.33333  0.00000    -3.1203342    -1.5869842     0.0000096    10    11      0.000000+i*     0.000001
  0.00000 -0.33333  0.00000    -3.1203342     1.1932086     0.0000758    10    12     -0.000001+i*    -0.000008
  0.33333 -0.33333  0.00000    -4.4620760    -0.0451223     0.0000000     9    11     -0.000000+i*    -0.000000
  0.33333 -0.33333  0.00000    -3.2688503    -0.0451223     0.0000083    10    11     -0.000001+i*     0.000000
  0.33333 -0.33333  0.00000    -3.2688503     2.6226298     0.0000856    10    12      0.000009+i*    -0.000004
 -0.33333 -0.33333  0.00000    -4.2052738    -0.0464668     0.0000000     9    11     -0.000000+i*     0.000000
 -0.33333 -0.33333  0.00000    -2.8912559    -0.0464668     0.0000082    10    11      0.000000+i*     0.000001
 -0.33333 -0.33333  0.00000    -2.8912559     2.6619915     0.0000710    10    12      0.000002+i*     0.000008
     5BSE eigenvalue    2.00080498      IP-eigenvalue:    2.00071389
  0.00000  0.00000  0.00000    -6.0785256    -2.3708546     0.0000000     9    11     -0.000000+i*     0.000000
  0.00000  0.00000  0.00000    -4.1241113    -2.3708546     0.0023074    10    11      0.000040+i*    -0.000253
  0.00000  0.00000  0.00000    -4.1241113     0.4107230     0.0073994    10    12     -0.000131+i*     0.000812
  0.33333  0.00000  0.00000    -4.5946561    -0.8328566     0.0000000     9    11     -0.000000+i*    -0.000000
  0.33333  0.00000  0.00000    -2.8335705    -0.8328566     6.3639452    10    11     -0.700157+i*    -0.098881
  0.33333  0.00000  0.00000    -2.8335705     1.9685811     0.0067588    10    12      0.000744+i*     0.000105
  0.00000  0.33333  0.00000    -5.1496778    -1.5869842     0.0000000     9    11     -0.000000+i*    -0.000000
  0.00000  0.33333  0.00000    -3.1203342    -1.5869842     0.0012818    10    11      0.000137+i*     0.000040
  0.00000  0.33333  0.00000    -3.1203342     1.1932086     0.0083127    10    12     -0.000887+i*    -0.000257
  0.33333  0.33333  0.00000    -4.2052738    -0.0464668     0.0000000     9    11     -0.000000+i*    -0.000000
  0.33333  0.33333  0.00000    -2.8912559    -0.0464668     0.0007421    10    11      0.000075+i*     0.000034
  0.33333  0.33333  0.00000    -2.8912559     2.6619915     0.0054555    10    12      0.000552+i*     0.000251
 -0.33333  0.33333  0.00000    -4.4620760    -0.0451223     0.0000000     9    11     -0.000000+i*     0.000000
 -0.33333  0.33333  0.00000    -3.2688503    -0.0451223     0.0005436    10    11      0.000031+i*    -0.000052
 -0.33333  0.33333  0.00000    -3.2688503     2.6226298     0.0049738    10    12     -0.000274+i*     0.000480
 -0.33333  0.00000  0.00000    -4.5946561    -0.8328566     0.0000000     9    11     -0.000000+i*    -0.000000
 -0.33333  0.00000  0.00000    -2.8335705    -0.8328566     6.3639452    10    11     -0.642250+i*    -0.295824
 -0.33333  0.00000  0.00000    -2.8335705     1.9685811     0.0067588    10    12      0.000682+i*     0.000314
  0.00000 -0.33333  0.00000    -5.1496778    -1.5869842     0.0000000     9    11     -0.000000+i*    -0.000000
  0.00000 -0.33333  0.00000    -3.1203342    -1.5869842     0.0012818    10    11      0.000136+i*     0.000041
  0.00000 -0.33333  0.00000    -3.1203342     1.1932086     0.0083127    10    12     -0.000885+i*    -0.000264
  0.33333 -0.33333  0.00000    -4.4620760    -0.0451223     0.0000000     9    11     -0.000000+i*    -0.000000
  0.33333 -0.33333  0.00000    -3.2688503    -0.0451223     0.0005436    10    11     -0.000002+i*     0.000060
  0.33333 -0.33333  0.00000    -3.2688503     2.6226298     0.0049738    10    12      0.000029+i*    -0.000552
 -0.33333 -0.33333  0.00000    -4.2052738    -0.0464668     0.0000000     9    11     -0.000000+i*    -0.000000
 -0.33333 -0.33333  0.00000    -2.8912559    -0.0464668     0.0007421    10    11      0.000082+i*     0.000012
 -0.33333 -0.33333  0.00000    -2.8912559     2.6619915     0.0054555    10    12      0.000600+i*     0.000088
     6BSE eigenvalue    2.84479270      IP-eigenvalue:    2.84478904
  0.00000  0.00000  0.00000    -6.0785256    -2.3708546     0.0000000     9    11      0.000000+i*     0.000000
  0.00000  0.00000  0.00000    -4.1241113    -2.3708546     0.0000000    10    11     -0.000000+i*    -0.000000
  0.00000  0.00000  0.00000    -4.1241113     0.4107230     0.0000000    10    12      0.000000+i*    -0.000000
  0.33333  0.00000  0.00000    -4.5946561    -0.8328566     0.0000000     9    11      0.000000+i*     0.000000
  0.33333  0.00000  0.00000    -2.8335705    -0.8328566     0.0000082    10    11      0.000000+i*     0.000001
  0.33333  0.00000  0.00000    -2.8335705     1.9685811     0.0001432    10    12     -0.000000+i*    -0.000016
  0.00000  0.33333  0.00000    -5.1496778    -1.5869842     0.0000000     9    11      0.000000+i*     0.000000
  0.00000  0.33333  0.00000    -3.1203342    -1.5869842     0.0000110    10    11      0.000000+i*    -0.000001
  0.00000  0.33333  0.00000    -3.1203342     1.1932086     0.0003767    10    12     -0.000005+i*     0.000042
  0.33333  0.33333  0.00000    -4.2052738    -0.0464668     0.0000000     9    11      0.000000+i*    -0.000000
  0.33333  0.33333  0.00000    -2.8912559    -0.0464668     6.3639610    10    11     -0.190752+i*     0.680892
  0.33333  0.33333  0.00000    -2.8912559     2.6619915     0.0003078    10    12      0.000009+i*    -0.000033
 -0.33333  0.33333  0.00000    -4.4620760    -0.0451223     0.0000000     9    11      0.000000+i*    -0.000000
 -0.33333  0.33333  0.00000    -3.2688503    -0.0451223     0.0000930    10    11     -0.000010+i*    -0.000004
 -0.33333  0.33333  0.00000    -3.2688503     2.6226298     0.0003735    10    12      0.000039+i*     0.000015
 -0.33333  0.00000  0.00000    -4.5946561    -0.8328566     0.0000000     9    11      0.000000+i*     0.000000
 -0.33333  0.00000  0.00000    -2.8335705    -0.8328566     0.0000082    10    11      0.000000+i*    -0.000001
 -0.33333  0.00000  0.00000    -2.8335705     1.9685811     0.0001432    10    12     -0.000004+i*     0.000015
  0.00000 -0.33333  0.00000    -5.1496778    -1.5869842     0.0000000     9    11      0.000000+i*     0.000000
  0.00000 -0.33333  0.00000    -3.1203342    -1.5869842     0.0000110    10    11     -0.000000+i*     0.000001
  0.00000 -0.33333  0.00000    -3.1203342     1.1932086     0.0003767    10    12      0.000006+i*    -0.000041
  0.33333 -0.33333  0.00000    -4.4620760    -0.0451223     0.0000000     9    11      0.000000+i*     0.000000
  0.33333 -0.33333  0.00000    -3.2688503    -0.0451223     0.0000930    10    11     -0.000010+i*     0.000001
  0.33333 -0.33333  0.00000    -3.2688503     2.6226298     0.0003735    10    12      0.000041+i*    -0.000004
 -0.33333 -0.33333  0.00000    -4.2052738    -0.0464668     0.0000000     9    11      0.000000+i*     0.000000
 -0.33333 -0.33333  0.00000    -2.8912559    -0.0464668     6.3639610    10    11     -0.005781+i*    -0.707083
 -0.33333 -0.33333  0.00000    -2.8912559     2.6619915     0.0003078    10    12      0.000000+i*     0.000034
     7BSE eigenvalue    2.84488974      IP-eigenvalue:    2.84478904
  0.00000  0.00000  0.00000    -6.0785256    -2.3708546     0.0000000     9    11      0.000000+i*     0.000000
  0.00000  0.00000  0.00000    -4.1241113    -2.3708546     0.0005284    10    11     -0.000017+i*     0.000056
  0.00000  0.00000  0.00000    -4.1241113     0.4107230     0.0114239    10    12      0.000375+i*    -0.001213
  0.33333  0.00000  0.00000    -4.5946561    -0.8328566     0.0000000     9    11      0.000000+i*     0.000000
  0.33333  0.00000  0.00000    -2.8335705    -0.8328566     0.0006952    10    11      0.000074+i*     0.000021
  0.33333  0.00000  0.00000    -2.8335705     1.9685811     0.0099855    10    12     -0.001066+i*    -0.000307
  0.00000  0.33333  0.00000    -5.1496778    -1.5869842     0.0000000     9    11      0.000000+i*     0.000000
  0.00000  0.33333  0.00000    -3.1203342    -1.5869842     0.0004649    10    11     -0.000047+i*    -0.000021
  0.00000  0.33333  0.00000    -3.1203342     1.1932086     0.0135775    10    12      0.001376+i*     0.000618
  0.33333  0.33333  0.00000    -4.2052738    -0.0464668     0.0000000     9    11      0.000000+i*     0.000000
  0.33333  0.33333  0.00000    -2.8912559    -0.0464668     6.3639254    10    11      0.596522+i*     0.379679
  0.33333  0.33333  0.00000    -2.8912559     2.6619915     0.0074545    10    12     -0.000699+i*    -0.000445
 -0.33333  0.33333  0.00000    -4.4620760    -0.0451223     0.0000000     9    11      0.000000+i*     0.000000
 -0.33333  0.33333  0.00000    -3.2688503    -0.0451223     0.0018068    10    11     -0.000125+i*     0.000157
 -0.33333  0.33333  0.00000    -3.2688503     2.6226298     0.0066425    10    12      0.000452+i*    -0.000583
 -0.33333  0.00000  0.00000    -4.5946561    -0.8328566     0.0000000     9    11      0.000000+i*     0.000000
 -0.33333  0.00000  0.00000    -2.8335705    -0.8328566     0.0006952    10    11      0.000065+i*     0.000042
 -0.33333  0.00000  0.00000    -2.8335705     1.9685811     0.0099855    10    12     -0.000933+i*    -0.000600
  0.00000 -0.33333  0.00000    -5.1496778    -1.5869842     0.0000000     9    11      0.000000+i*     0.000000
  0.00000 -0.33333  0.00000    -3.1203342    -1.5869842     0.0004649    10    11     -0.000047+i*    -0.000022
  0.00000 -0.33333  0.00000    -3.1203342     1.1932086     0.0135775    10    12      0.001371+i*     0.000629
  0.33333 -0.33333  0.00000    -4.4620760    -0.0451223     0.0000000     9    11      0.000000+i*     0.000000
  0.33333 -0.33333  0.00000    -3.2688503    -0.0451223     0.0018068    10    11      0.000036+i*    -0.000198
  0.33333 -0.33333  0.00000    -3.2688503     2.6226298     0.0066425    10    12     -0.000142+i*     0.000724
 -0.33333 -0.33333  0.00000    -4.2052738    -0.0464668     0.0000000     9    11      0.000000+i*     0.000000
 -0.33333 -0.33333  0.00000    -2.8912559    -0.0464668     6.3639254    10    11      0.678481+i*     0.199142
 -0.33333 -0.33333  0.00000    -2.8912559     2.6619915     0.0074545    10    12     -0.000795+i*    -0.000233
     8BSE eigenvalue    3.22373641      IP-eigenvalue:    3.22372795
  0.00000  0.00000  0.00000    -6.0785256    -2.3708546     0.0000000     9    11      0.000000+i*     0.000000
  0.00000  0.00000  0.00000    -4.1241113    -2.3708546     0.0000000    10    11     -0.000000+i*    -0.000000
  0.00000  0.00000  0.00000    -4.1241113     0.4107230     0.0000000    10    12      0.000000+i*    -0.000000
  0.33333  0.00000  0.00000    -4.5946561    -0.8328566     0.0000000     9    11      0.000000+i*     0.000000
  0.33333  0.00000  0.00000    -2.8335705    -0.8328566     0.0000082    10    11     -0.000000+i*     0.000001
  0.33333  0.00000  0.00000    -2.8335705     1.9685811     0.0002575    10    12      0.000014+i*    -0.000025
  0.00000  0.33333  0.00000    -5.1496778    -1.5869842     0.0000000     9    11      0.000000+i*     0.000000
  0.00000  0.33333  0.00000    -3.1203342    -1.5869842     0.0000126    10    11      0.000001+i*    -0.000001
  0.00000  0.33333  0.00000    -3.1203342     1.1932086     0.0007493    10    12     -0.000051+i*     0.000066
  0.33333  0.33333  0.00000    -4.2052738    -0.0464668     0.0000000     9    11      0.000000+i*     0.000000
  0.33333  0.33333  0.00000    -2.8912559    -0.0464668     0.0000928    10    11     -0.000007+i*     0.000007
  0.33333  0.33333  0.00000    -2.8912559     2.6619915     0.0005356    10    12      0.000043+i*    -0.000041
 -0.33333  0.33333  0.00000    -4.4620760    -0.0451223     0.0000000     9    11      0.000000+i*     0.000000
 -0.33333  0.33333  0.00000    -3.2688503    -0.0451223     6.3639609    10    11      0.436346+i*     0.556419
 -0.33333  0.33333  0.00000    -3.2688503     2.6226298     0.0006444    10    12      0.000045+i*     0.000056
 -0.33333  0.00000  0.00000    -4.5946561    -0.8328566     0.0000000     9    11      0.000000+i*     0.000000
 -0.33333  0.00000  0.00000    -2.8335705    -0.8328566     0.0000082    10    11      0.000001+i*    -0.000001
 -0.33333  0.00000  0.00000    -2.8335705     1.9685811     0.0002575    10    12     -0.000021+i*     0.000020
  0.00000 -0.33333  0.00000    -5.1496778    -1.5869842     0.0000000     9    11      0.000000+i*     0.000000
  0.00000 -0.33333  0.00000    -3.1203342    -1.5869842     0.0000126    10    11     -0.000001+i*     0.000001
  0.00000 -0.33333  0.00000    -3.1203342     1.1932086     0.0007493    10    12      0.000051+i*    -0.000066
  0.33333 -0.33333  0.00000    -4.4620760    -0.0451223     0.0000000     9    11      0.000000+i*     0.000000
  0.33333 -0.33333  0.00000    -3.2688503    -0.0451223     6.3639609    10    11      0.648040+i*     0.282921
  0.33333 -0.33333  0.00000    -3.2688503     2.6226298     0.0006444    10    12      0.000065+i*     0.000030
 -0.33333 -0.33333  0.00000    -4.2052738    -0.0464668     0.0000000     9    11      0.000000+i*     0.000000
 -0.33333 -0.33333  0.00000    -2.8912559    -0.0464668     0.0000928    10    11      0.000005+i*    -0.000009
 -0.33333 -0.33333  0.00000    -2.8912559     2.6619915     0.0005356    10    12     -0.000029+i*     0.000052
     9BSE eigenvalue    3.22383759      IP-eigenvalue:    3.22372795
  0.00000  0.00000  0.00000    -6.0785256    -2.3708546     0.0000000     9    11      0.000000+i*     0.000000
  0.00000  0.00000  0.00000    -4.1241113    -2.3708546     0.0003943    10    11     -0.000006+i*     0.000043
  0.00000  0.00000  0.00000    -4.1241113     0.4107230     0.0151042    10    12      0.000217+i*    -0.001664
  0.33333  0.00000  0.00000    -4.5946561    -0.8328566     0.0000000     9    11      0.000000+i*     0.000000
  0.33333  0.00000  0.00000    -2.8335705    -0.8328566     0.0004830    10    11      0.000053+i*     0.000006
  0.33333  0.00000  0.00000    -2.8335705     1.9685811     0.0127163    10    12     -0.001404+i*    -0.000155
  0.00000  0.33333  0.00000    -5.1496778    -1.5869842     0.0000000     9    11      0.000000+i*     0.000000
  0.00000  0.33333  0.00000    -3.1203342    -1.5869842     0.0003643    10    11     -0.000039+i*    -0.000010
  0.00000  0.33333  0.00000    -3.1203342     1.1932086     0.0188356    10    12      0.002027+i*     0.000521
  0.33333  0.33333  0.00000    -4.2052738    -0.0464668     0.0000000     9    11      0.000000+i*     0.000000
  0.33333  0.33333  0.00000    -2.8912559    -0.0464668     0.0017144    10    11      0.000176+i*     0.000074
  0.33333  0.33333  0.00000    -2.8912559     2.6619915     0.0089422    10    12     -0.000917+i*    -0.000383
 -0.33333  0.33333  0.00000    -4.4620760    -0.0451223     0.0000000     9    11      0.000000+i*    -0.000000
 -0.33333  0.33333  0.00000    -3.2688503    -0.0451223     6.3639001    10    11      0.340606+i*    -0.619660
 -0.33333  0.33333  0.00000    -3.2688503     2.6226298     0.0078456    10    12      0.000409+i*    -0.000770
 -0.33333  0.00000  0.00000    -4.5946561    -0.8328566     0.0000000     9    11      0.000000+i*     0.000000
 -0.33333  0.00000  0.00000    -2.8335705    -0.8328566     0.0004830    10    11      0.000049+i*     0.000021
 -0.33333  0.00000  0.00000    -2.8335705     1.9685811     0.0127163    10    12     -0.001301+i*    -0.000552
  0.00000 -0.33333  0.00000    -5.1496778    -1.5869842     0.0000000     9    11      0.000000+i*     0.000000
  0.00000 -0.33333  0.00000    -3.1203342    -1.5869842     0.0003643    10    11     -0.000039+i*    -0.000010
  0.00000 -0.33333  0.00000    -3.1203342     1.1932086     0.0188356    10    12      0.002023+i*     0.000537
  0.33333 -0.33333  0.00000    -4.4620760    -0.0451223     0.0000000     9    11      0.000000+i*     0.000000
  0.33333 -0.33333  0.00000    -3.2688503    -0.0451223     6.3639001    10    11     -0.005984+i*     0.707075
  0.33333 -0.33333  0.00000    -3.2688503     2.6226298     0.0078456    10    12     -0.000020+i*     0.000872
 -0.33333 -0.33333  0.00000    -4.2052738    -0.0464668     0.0000000     9    11      0.000000+i*     0.000000
 -0.33333 -0.33333  0.00000    -2.8912559    -0.0464668     0.0017144    10    11      0.000189+i*     0.000022
 -0.33333 -0.33333  0.00000    -2.8912559     2.6619915     0.0089422    10    12     -0.000987+i*    -0.000114
    10BSE eigenvalue    3.56269417      IP-eigenvalue:    3.56269363
  0.00000  0.00000  0.00000    -6.0785256    -2.3708546     0.0000000     9    11      0.000000+i*     0.000000
  0.00000  0.00000  0.00000    -4.1241113    -2.3708546     0.0000000    10    11     -0.000000+i*     0.000000
  0.00000  0.00000  0.00000    -4.1241113     0.4107230     0.0000000    10    12      0.000000+i*    -0.000000
  0.33333  0.00000  0.00000    -4.5946561    -0.8328566     0.0000080     9    11      0.000001+i*    -0.000001
  0.33333  0.00000  0.00000    -2.8335705    -0.8328566     0.0000000    10    11      0.000000+i*     0.000000
  0.33333  0.00000  0.00000    -2.8335705     1.9685811     0.0000000    10    12     -0.000000+i*    -0.000000
  0.00000  0.33333  0.00000    -5.1496778    -1.5869842     6.3639610     9    11     -0.557008+i*     0.435594
  0.00000  0.33333  0.00000    -3.1203342    -1.5869842     0.0000000    10    11     -0.000000+i*    -0.000000
  0.00000  0.33333  0.00000    -3.1203342     1.1932086     0.0000000    10    12      0.000000+i*     0.000000
  0.33333  0.33333  0.00000    -4.2052738    -0.0464668     0.0000097     9    11      0.000001+i*    -0.000001
  0.33333  0.33333  0.00000    -2.8912559    -0.0464668     0.0000000    10    11      0.000000+i*     0.000000
  0.33333  0.33333  0.00000    -2.8912559     2.6619915     0.0000000    10    12     -0.000000+i*    -0.000000
 -0.33333  0.33333  0.00000    -4.4620760    -0.0451223     0.0000108     9    11      0.000001+i*    -0.000001
 -0.33333  0.33333  0.00000    -3.2688503    -0.0451223     0.0000000    10    11      0.000000+i*    -0.000000
 -0.33333  0.33333  0.00000    -3.2688503     2.6226298     0.0000000    10    12      0.000000+i*    -0.000000
 -0.33333  0.00000  0.00000    -4.5946561    -0.8328566     0.0000080     9    11     -0.000001+i*     0.000001
 -0.33333  0.00000  0.00000    -2.8335705    -0.8328566     0.0000000    10    11      0.000000+i*     0.000000
 -0.33333  0.00000  0.00000    -2.8335705     1.9685811     0.0000000    10    12     -0.000000+i*    -0.000000
  0.00000 -0.33333  0.00000    -5.1496778    -1.5869842     6.3639610     9    11      0.556950+i*    -0.435668
  0.00000 -0.33333  0.00000    -3.1203342    -1.5869842     0.0000000    10    11     -0.000000+i*    -0.000000
  0.00000 -0.33333  0.00000    -3.1203342     1.1932086     0.0000000    10    12      0.000000+i*     0.000000
  0.33333 -0.33333  0.00000    -4.4620760    -0.0451223     0.0000108     9    11     -0.000001+i*     0.000000
  0.33333 -0.33333  0.00000    -3.2688503    -0.0451223     0.0000000    10    11     -0.000000+i*     0.000000
  0.33333 -0.33333  0.00000    -3.2688503     2.6226298     0.0000000    10    12     -0.000000+i*     0.000000
 -0.33333 -0.33333  0.00000    -4.2052738    -0.0464668     0.0000097     9    11     -0.000001+i*     0.000001
 -0.33333 -0.33333  0.00000    -2.8912559    -0.0464668     0.0000000    10    11      0.000000+i*     0.000000
 -0.33333 -0.33333  0.00000    -2.8912559     2.6619915     0.0000000    10    12     -0.000000+i*    -0.000000
    11BSE eigenvalue    3.56321592      IP-eigenvalue:    3.56269363
  0.00000  0.00000  0.00000    -6.0785256    -2.3708546     0.0231746     9    11     -0.002575+i*     0.000000
  0.00000  0.00000  0.00000    -4.1241113    -2.3708546     0.0000000    10    11     -0.000000+i*    -0.000000
  0.00000  0.00000  0.00000    -4.1241113     0.4107230     0.0000000    10    12      0.000000+i*    -0.000000
  0.33333  0.00000  0.00000    -4.5946561    -0.8328566     0.0168267     9    11     -0.001869+i*     0.000039
  0.33333  0.00000  0.00000    -2.8335705    -0.8328566     0.0000000    10    11     -0.000000+i*     0.000000
  0.33333  0.00000  0.00000    -2.8335705     1.9685811     0.0000000    10    12     -0.000000+i*     0.000000
  0.00000  0.33333  0.00000    -5.1496778    -1.5869842     6.3639141     9    11      0.706947+i*    -0.014771
  0.00000  0.33333  0.00000    -3.1203342    -1.5869842     0.0000000    10    11      0.000000+i*    -0.000000
  0.00000  0.33333  0.00000    -3.1203342     1.1932086     0.0000000    10    12     -0.000000+i*     0.000000
  0.33333  0.33333  0.00000    -4.2052738    -0.0464668     0.0055385     9    11     -0.000615+i*     0.000013
  0.33333  0.33333  0.00000    -2.8912559    -0.0464668     0.0000000    10    11     -0.000000+i*    -0.000000
  0.33333  0.33333  0.00000    -2.8912559     2.6619915     0.0000000    10    12      0.000000+i*    -0.000000
 -0.33333  0.33333  0.00000    -4.4620760    -0.0451223     0.0038404     9    11     -0.000389+i*     0.000176
 -0.33333  0.33333  0.00000    -3.2688503    -0.0451223     0.0000000    10    11     -0.000000+i*     0.000000
 -0.33333  0.33333  0.00000    -3.2688503     2.6226298     0.0000000    10    12     -0.000000+i*     0.000000
 -0.33333  0.00000  0.00000    -4.5946561    -0.8328566     0.0168267     9    11     -0.001869+i*     0.000039
 -0.33333  0.00000  0.00000    -2.8335705    -0.8328566     0.0000000    10    11     -0.000000+i*    -0.000000
 -0.33333  0.00000  0.00000    -2.8335705     1.9685811     0.0000000    10    12     -0.000000+i*    -0.000000
  0.00000 -0.33333  0.00000    -5.1496778    -1.5869842     6.3639141     9    11      0.706945+i*    -0.014865
  0.00000 -0.33333  0.00000    -3.1203342    -1.5869842     0.0000000    10    11      0.000000+i*     0.000000
  0.00000 -0.33333  0.00000    -3.1203342     1.1932086     0.0000000    10    12     -0.000000+i*    -0.000000
  0.33333 -0.33333  0.00000    -4.4620760    -0.0451223     0.0038404     9    11     -0.000396+i*    -0.000160
  0.33333 -0.33333  0.00000    -3.2688503    -0.0451223     0.0000000    10    11     -0.000000+i*    -0.000000
  0.33333 -0.33333  0.00000    -3.2688503     2.6226298     0.0000000    10    12     -0.000000+i*    -0.000000
 -0.33333 -0.33333  0.00000    -4.2052738    -0.0464668     0.0055385     9    11     -0.000615+i*     0.000013
 -0.33333 -0.33333  0.00000    -2.8912559    -0.0464668     0.0000000    10    11     -0.000000+i*     0.000000
 -0.33333 -0.33333  0.00000    -2.8912559     2.6619915     0.0000000    10    12      0.000000+i*     0.000000
    12BSE eigenvalue    3.70793552      IP-eigenvalue:    3.70767091
  0.00000  0.00000  0.00000    -6.0785256    -2.3708546     8.9997501     9    11      0.999972+i*     0.000000
  0.00000  0.00000  0.00000    -4.1241113    -2.3708546     0.0000000    10    11     -0.000000+i*    -0.000000
  0.00000  0.00000  0.00000    -4.1241113     0.4107230     0.0000000    10    12     -0.000000+i*    -0.000000
  0.33333  0.00000  0.00000    -4.5946561    -0.8328566     0.0441188     9    11     -0.004901+i*     0.000102
  0.33333  0.00000  0.00000    -2.8335705    -0.8328566     0.0000000    10    11     -0.000000+i*    -0.000000
  0.33333  0.00000  0.00000    -2.8335705     1.9685811     0.0000000    10    12     -0.000000+i*     0.000000
  0.00000  0.33333  0.00000    -5.1496778    -1.5869842     0.0162634     9    11      0.001807+i*    -0.000038
  0.00000  0.33333  0.00000    -3.1203342    -1.5869842     0.0000000    10    11     -0.000000+i*    -0.000000
  0.00000  0.33333  0.00000    -3.1203342     1.1932086     0.0000000    10    12      0.000000+i*    -0.000000
  0.33333  0.33333  0.00000    -4.2052738    -0.0464668     0.0051927     9    11     -0.000577+i*     0.000012
  0.33333  0.33333  0.00000    -2.8912559    -0.0464668     0.0000000    10    11     -0.000000+i*    -0.000000
  0.33333  0.33333  0.00000    -2.8912559     2.6619915     0.0000000    10    12     -0.000000+i*     0.000000
 -0.33333  0.33333  0.00000    -4.4620760    -0.0451223     0.0032753     9    11     -0.000331+i*     0.000150
 -0.33333  0.33333  0.00000    -3.2688503    -0.0451223     0.0000000    10    11     -0.000000+i*     0.000000
 -0.33333  0.33333  0.00000    -3.2688503     2.6226298     0.0000000    10    12     -0.000000+i*    -0.000000
 -0.33333  0.00000  0.00000    -4.5946561    -0.8328566     0.0441188     9    11     -0.004901+i*     0.000103
 -0.33333  0.00000  0.00000    -2.8335705    -0.8328566     0.0000000    10    11     -0.000000+i*    -0.000000
 -0.33333  0.00000  0.00000    -2.8335705     1.9685811     0.0000000    10    12     -0.000000+i*     0.000000
  0.00000 -0.33333  0.00000    -5.1496778    -1.5869842     0.0162634     9    11      0.001807+i*    -0.000038
  0.00000 -0.33333  0.00000    -3.1203342    -1.5869842     0.0000000    10    11     -0.000000+i*     0.000000
  0.00000 -0.33333  0.00000    -3.1203342     1.1932086     0.0000000    10    12      0.000000+i*    -0.000000
  0.33333 -0.33333  0.00000    -4.4620760    -0.0451223     0.0032753     9    11     -0.000337+i*    -0.000136
  0.33333 -0.33333  0.00000    -3.2688503    -0.0451223     0.0000000    10    11     -0.000000+i*    -0.000000
  0.33333 -0.33333  0.00000    -3.2688503     2.6226298     0.0000000    10    12      0.000000+i*     0.000000
 -0.33333 -0.33333  0.00000    -4.2052738    -0.0464668     0.0051927     9    11     -0.000577+i*     0.000012
 -0.33333 -0.33333  0.00000    -2.8912559    -0.0464668     0.0000000    10    11     -0.000000+i*     0.000000
 -0.33333 -0.33333  0.00000    -2.8912559     2.6619915     0.0000000    10    12     -0.000000+i*     0.000000
    13BSE eigenvalue    3.76179954      IP-eigenvalue:    3.76179942
  0.00000  0.00000  0.00000    -6.0785256    -2.3708546     0.0000000     9    11      0.000000+i*     0.000000
  0.00000  0.00000  0.00000    -4.1241113    -2.3708546     0.0000000    10    11     -0.000000+i*     0.000000
  0.00000  0.00000  0.00000    -4.1241113     0.4107230     0.0000000    10    12      0.000000+i*    -0.000000
  0.33333  0.00000  0.00000    -4.5946561    -0.8328566     6.3639610     9    11      0.577069+i*    -0.408646
  0.33333  0.00000  0.00000    -2.8335705    -0.8328566     0.0000000    10    11      0.000000+i*     0.000000
  0.33333  0.00000  0.00000    -2.8335705     1.9685811     0.0000000    10    12     -0.000000+i*    -0.000000
  0.00000  0.33333  0.00000    -5.1496778    -1.5869842     0.0000080     9    11      0.000001+i*    -0.000001
  0.00000  0.33333  0.00000    -3.1203342    -1.5869842     0.0000000    10    11     -0.000000+i*    -0.000000
  0.00000  0.33333  0.00000    -3.1203342     1.1932086     0.0000000    10    12      0.000000+i*     0.000000
  0.33333  0.33333  0.00000    -4.2052738    -0.0464668     0.0000068     9    11     -0.000001+i*     0.000000
  0.33333  0.33333  0.00000    -2.8912559    -0.0464668     0.0000000    10    11      0.000000+i*     0.000000
  0.33333  0.33333  0.00000    -2.8912559     2.6619915     0.0000000    10    12     -0.000000+i*    -0.000000
 -0.33333  0.33333  0.00000    -4.4620760    -0.0451223     0.0000066     9    11     -0.000000+i*     0.000001
 -0.33333  0.33333  0.00000    -3.2688503    -0.0451223     0.0000000    10    11      0.000000+i*    -0.000000
 -0.33333  0.33333  0.00000    -3.2688503     2.6226298     0.0000000    10    12      0.000000+i*    -0.000000
 -0.33333  0.00000  0.00000    -4.5946561    -0.8328566     6.3639610     9    11     -0.576946+i*     0.408820
 -0.33333  0.00000  0.00000    -2.8335705    -0.8328566     0.0000000    10    11      0.000000+i*     0.000000
 -0.33333  0.00000  0.00000    -2.8335705     1.9685811     0.0000000    10    12     -0.000000+i*    -0.000000
  0.00000 -0.33333  0.00000    -5.1496778    -1.5869842     0.0000080     9    11     -0.000001+i*     0.000001
  0.00000 -0.33333  0.00000    -3.1203342    -1.5869842     0.0000000    10    11     -0.000000+i*    -0.000000
  0.00000 -0.33333  0.00000    -3.1203342     1.1932086     0.0000000    10    12      0.000000+i*     0.000000
  0.33333 -0.33333  0.00000    -4.4620760    -0.0451223     0.0000066     9    11      0.000001+i*    -0.000000
  0.33333 -0.33333  0.00000    -3.2688503    -0.0451223     0.0000000    10    11     -0.000000+i*    -0.000000
  0.33333 -0.33333  0.00000    -3.2688503     2.6226298     0.0000000    10    12     -0.000000+i*     0.000000
 -0.33333 -0.33333  0.00000    -4.2052738    -0.0464668     0.0000068     9    11      0.000001+i*    -0.000000
 -0.33333 -0.33333  0.00000    -2.8912559    -0.0464668     0.0000000    10    11     -0.000000+i*     0.000000
 -0.33333 -0.33333  0.00000    -2.8912559     2.6619915     0.0000000    10    12     -0.000000+i*    -0.000000
    14BSE eigenvalue    3.76233364      IP-eigenvalue:    3.76179942
  0.00000  0.00000  0.00000    -6.0785256    -2.3708546     0.0623187     9    11     -0.006924+i*     0.000000
  0.00000  0.00000  0.00000    -4.1241113    -2.3708546     0.0000000    10    11      0.000000+i*     0.000000
  0.00000  0.00000  0.00000    -4.1241113     0.4107230     0.0000000    10    12      0.000000+i*     0.000000
  0.33333  0.00000  0.00000    -4.5946561    -0.8328566     6.3637783     9    11     -0.706933+i*     0.014712
  0.33333  0.00000  0.00000    -2.8335705    -0.8328566     0.0000000    10    11      0.000000+i*    -0.000000
  0.33333  0.00000  0.00000    -2.8335705     1.9685811     0.0000000    10    12      0.000000+i*    -0.000000
  0.00000  0.33333  0.00000    -5.1496778    -1.5869842     0.0169294     9    11     -0.001881+i*     0.000039
  0.00000  0.33333  0.00000    -3.1203342    -1.5869842     0.0000000    10    11     -0.000000+i*     0.000000
  0.00000  0.33333  0.00000    -3.1203342     1.1932086     0.0000000    10    12     -0.000000+i*    -0.000000
  0.33333  0.33333  0.00000    -4.2052738    -0.0464668     0.0084519     9    11      0.000939+i*    -0.000020
  0.33333  0.33333  0.00000    -2.8912559    -0.0464668     0.0000000    10    11      0.000000+i*     0.000000
  0.33333  0.33333  0.00000    -2.8912559     2.6619915     0.0000000    10    12      0.000000+i*     0.000000
 -0.33333  0.33333  0.00000    -4.4620760    -0.0451223     0.0050799     9    11      0.000514+i*    -0.000233
 -0.33333  0.33333  0.00000    -3.2688503    -0.0451223     0.0000000    10    11      0.000000+i*    -0.000000
 -0.33333  0.33333  0.00000    -3.2688503     2.6226298     0.0000000    10    12     -0.000000+i*     0.000000
 -0.33333  0.00000  0.00000    -4.5946561    -0.8328566     6.3637783     9    11     -0.706929+i*     0.014924
 -0.33333  0.00000  0.00000    -2.8335705    -0.8328566     0.0000000    10    11      0.000000+i*     0.000000
 -0.33333  0.00000  0.00000    -2.8335705     1.9685811     0.0000000    10    12      0.000000+i*     0.000000
  0.00000 -0.33333  0.00000    -5.1496778    -1.5869842     0.0169294     9    11     -0.001881+i*     0.000040
  0.00000 -0.33333  0.00000    -3.1203342    -1.5869842     0.0000000    10    11     -0.000000+i*    -0.000000
  0.00000 -0.33333  0.00000    -3.1203342     1.1932086     0.0000000    10    12     -0.000000+i*     0.000000
  0.33333 -0.33333  0.00000    -4.4620760    -0.0451223     0.0050799     9    11      0.000523+i*     0.000212
  0.33333 -0.33333  0.00000    -3.2688503    -0.0451223     0.0000000    10    11      0.000000+i*     0.000000
  0.33333 -0.33333  0.00000    -3.2688503     2.6226298     0.0000000    10    12     -0.000000+i*    -0.000000
 -0.33333 -0.33333  0.00000    -4.2052738    -0.0464668     0.0084519     9    11      0.000939+i*    -0.000020
 -0.33333 -0.33333  0.00000    -2.8912559    -0.0464668     0.0000000    10    11      0.000000+i*    -0.000000
 -0.33333 -0.33333  0.00000    -2.8912559     2.6619915     0.0000000    10    12      0.000000+i*    -0.000000
    15BSE eigenvalue    4.15880854      IP-eigenvalue:    4.15880699
  0.00000  0.00000  0.00000    -6.0785256    -2.3708546     0.0000000     9    11     -0.000000+i*     0.000000
  0.00000  0.00000  0.00000    -4.1241113    -2.3708546     0.0000000    10    11      0.000000+i*    -0.000000
  0.00000  0.00000  0.00000    -4.1241113     0.4107230     0.0000000    10    12      0.000000+i*    -0.000000
  0.33333  0.00000  0.00000    -4.5946561    -0.8328566     0.0000068     9    11     -0.000000+i*     0.000001
  0.33333  0.00000  0.00000    -2.8335705    -0.8328566     0.0000000    10    11     -0.000000+i*    -0.000000
  0.33333  0.00000  0.00000    -2.8335705     1.9685811     0.0000000    10    12     -0.000000+i*    -0.000000
  0.00000  0.33333  0.00000    -5.1496778    -1.5869842     0.0000097     9    11     -0.000001+i*     0.000001
  0.00000  0.33333  0.00000    -3.1203342    -1.5869842     0.0000000    10    11      0.000000+i*     0.000000
  0.00000  0.33333  0.00000    -3.1203342     1.1932086     0.0000000    10    12      0.000000+i*     0.000000
  0.33333  0.33333  0.00000    -4.2052738    -0.0464668     6.3639610     9    11     -0.442680+i*     0.551393
  0.33333  0.33333  0.00000    -2.8912559    -0.0464668     0.0000000    10    11     -0.000000+i*     0.000000
  0.33333  0.33333  0.00000    -2.8912559     2.6619915     0.0000000    10    12     -0.000000+i*    -0.000000
 -0.33333  0.33333  0.00000    -4.4620760    -0.0451223     0.0000611     9    11      0.000002+i*    -0.000007
 -0.33333  0.33333  0.00000    -3.2688503    -0.0451223     0.0000000    10    11      0.000000+i*     0.000000
 -0.33333  0.33333  0.00000    -3.2688503     2.6226298     0.0000000    10    12      0.000000+i*    -0.000000
 -0.33333  0.00000  0.00000    -4.5946561    -0.8328566     0.0000068     9    11      0.000000+i*    -0.000001
 -0.33333  0.00000  0.00000    -2.8335705    -0.8328566     0.0000000    10    11     -0.000000+i*    -0.000000
 -0.33333  0.00000  0.00000    -2.8335705     1.9685811     0.0000000    10    12     -0.000000+i*    -0.000000
  0.00000 -0.33333  0.00000    -5.1496778    -1.5869842     0.0000097     9    11      0.000001+i*    -0.000001
  0.00000 -0.33333  0.00000    -3.1203342    -1.5869842     0.0000000    10    11      0.000000+i*     0.000000
  0.00000 -0.33333  0.00000    -3.1203342     1.1932086     0.0000000    10    12      0.000000+i*     0.000000
  0.33333 -0.33333  0.00000    -4.4620760    -0.0451223     0.0000611     9    11     -0.000006+i*     0.000003
  0.33333 -0.33333  0.00000    -3.2688503    -0.0451223     0.0000000    10    11      0.000000+i*    -0.000000
  0.33333 -0.33333  0.00000    -3.2688503     2.6226298     0.0000000    10    12     -0.000000+i*     0.000000
 -0.33333 -0.33333  0.00000    -4.2052738    -0.0464668     6.3639610     9    11      0.442652+i*    -0.551416
 -0.33333 -0.33333  0.00000    -2.8912559    -0.0464668     0.0000000    10    11     -0.000000+i*    -0.000000
 -0.33333 -0.33333  0.00000    -2.8912559     2.6619915     0.0000000    10    12     -0.000000+i*    -0.000000
    16BSE eigenvalue    4.15932583      IP-eigenvalue:    4.15880699
  0.00000  0.00000  0.00000    -6.0785256    -2.3708546     0.0073966     9    11      0.000822+i*     0.000000
  0.00000  0.00000  0.00000    -4.1241113    -2.3708546     0.0000000    10    11     -0.000000+i*    -0.000000
  0.00000  0.00000  0.00000    -4.1241113     0.4107230     0.0000000    10    12      0.000000+i*     0.000000
  0.33333  0.00000  0.00000    -4.5946561    -0.8328566     0.0083909     9    11      0.000932+i*    -0.000019
  0.33333  0.00000  0.00000    -2.8335705    -0.8328566     0.0000000    10    11     -0.000000+i*     0.000000
  0.33333  0.00000  0.00000    -2.8335705     1.9685811     0.0000000    10    12      0.000000+i*    -0.000000
  0.00000  0.33333  0.00000    -5.1496778    -1.5869842     0.0055665     9    11      0.000618+i*    -0.000013
  0.00000  0.33333  0.00000    -3.1203342    -1.5869842     0.0000000    10    11      0.000000+i*    -0.000000
  0.00000  0.33333  0.00000    -3.1203342     1.1932086     0.0000000    10    12     -0.000000+i*     0.000000
  0.33333  0.33333  0.00000    -4.2052738    -0.0464668     6.3639381     9    11      0.706949+i*    -0.014800
  0.33333  0.33333  0.00000    -2.8912559    -0.0464668     0.0000000    10    11     -0.000000+i*    -0.000000
  0.33333  0.33333  0.00000    -2.8912559     2.6619915     0.0000000    10    12      0.000000+i*    -0.000000
 -0.33333  0.33333  0.00000    -4.4620760    -0.0451223     0.0127744     9    11     -0.001293+i*     0.000587
 -0.33333  0.33333  0.00000    -3.2688503    -0.0451223     0.0000000    10    11     -0.000000+i*     0.000000
 -0.33333  0.33333  0.00000    -3.2688503     2.6226298     0.0000000    10    12     -0.000000+i*     0.000000
 -0.33333  0.00000  0.00000    -4.5946561    -0.8328566     0.0083909     9    11      0.000932+i*    -0.000020
 -0.33333  0.00000  0.00000    -2.8335705    -0.8328566     0.0000000    10    11     -0.000000+i*    -0.000000
 -0.33333  0.00000  0.00000    -2.8335705     1.9685811     0.0000000    10    12      0.000000+i*     0.000000
  0.00000 -0.33333  0.00000    -5.1496778    -1.5869842     0.0055665     9    11      0.000618+i*    -0.000013
  0.00000 -0.33333  0.00000    -3.1203342    -1.5869842     0.0000000    10    11      0.000000+i*     0.000000
  0.00000 -0.33333  0.00000    -3.1203342     1.1932086     0.0000000    10    12     -0.000000+i*    -0.000000
  0.33333 -0.33333  0.00000    -4.4620760    -0.0451223     0.0127744     9    11     -0.001316+i*    -0.000532
  0.33333 -0.33333  0.00000    -3.2688503    -0.0451223     0.0000000    10    11     -0.000000+i*    -0.000000
  0.33333 -0.33333  0.00000    -3.2688503     2.6226298     0.0000000    10    12     -0.000000+i*    -0.000000
 -0.33333 -0.33333  0.00000    -4.2052738    -0.0464668     6.3639381     9    11      0.706949+i*    -0.014837
 -0.33333 -0.33333  0.00000    -2.8912559    -0.0464668     0.0000000    10    11     -0.000000+i*     0.000000
 -0.33333 -0.33333  0.00000    -2.8912559     2.6619915     0.0000000    10    12      0.000000+i*     0.000000
    17BSE eigenvalue    4.31578821      IP-eigenvalue:    4.31354279
  0.00000  0.00000  0.00000    -6.0785256    -2.3708546     0.0000000     9    11      0.000000+i*     0.000000
  0.00000  0.00000  0.00000    -4.1241113    -2.3708546     0.0000000    10    11      0.000000+i*     0.000000
  0.00000  0.00000  0.00000    -4.1241113     0.4107230     0.0000000    10    12      0.000000+i*    -0.000000
  0.33333  0.00000  0.00000    -4.5946561    -0.8328566     0.0000000     9    11      0.000000+i*    -0.000000
  0.33333  0.00000  0.00000    -2.8335705    -0.8328566     0.0000753    10    11      0.000003+i*     0.000008
  0.33333  0.00000  0.00000    -2.8335705     1.9685811     0.0152409    10    12     -0.000675+i*    -0.001553
  0.00000  0.33333  0.00000    -5.1496778    -1.5869842     0.0000000     9    11      0.000000+i*    -0.000000
  0.00000  0.33333  0.00000    -3.1203342    -1.5869842     0.0001258    10    11     -0.000004+i*    -0.000013
  0.00000  0.33333  0.00000    -3.1203342     1.1932086     6.3638944    10    12     -0.187314+i*    -0.681838
  0.33333  0.33333  0.00000    -4.2052738    -0.0464668     0.0000000     9    11      0.000000+i*    -0.000000
  0.33333  0.33333  0.00000    -2.8912559    -0.0464668     0.0003745    10    11      0.000005+i*     0.000041
  0.33333  0.33333  0.00000    -2.8912559     2.6619915     0.0170538    10    12     -0.000233+i*    -0.001880
 -0.33333  0.33333  0.00000    -4.4620760    -0.0451223     0.0000000     9    11      0.000000+i*     0.000000
 -0.33333  0.33333  0.00000    -3.2688503    -0.0451223     0.0007455    10    11      0.000083+i*    -0.000001
 -0.33333  0.33333  0.00000    -3.2688503     2.6226298     0.0180214    10    12      0.002001+i*    -0.000062
 -0.33333  0.00000  0.00000    -4.5946561    -0.8328566     0.0000000     9    11      0.000000+i*    -0.000000
 -0.33333  0.00000  0.00000    -2.8335705    -0.8328566     0.0000753    10    11     -0.000001+i*    -0.000008
 -0.33333  0.00000  0.00000    -2.8335705     1.9685811     0.0152409    10    12      0.000200+i*     0.001682
  0.00000 -0.33333  0.00000    -5.1496778    -1.5869842     0.0000000     9    11      0.000000+i*    -0.000000
  0.00000 -0.33333  0.00000    -3.1203342    -1.5869842     0.0001258    10    11      0.000004+i*     0.000014
  0.00000 -0.33333  0.00000    -3.1203342     1.1932086     6.3638944    10    12      0.181746+i*     0.683343
  0.33333 -0.33333  0.00000    -4.4620760    -0.0451223     0.0000000     9    11      0.000000+i*    -0.000000
  0.33333 -0.33333  0.00000    -3.2688503    -0.0451223     0.0007455    10    11      0.000072+i*    -0.000041
  0.33333 -0.33333  0.00000    -3.2688503     2.6226298     0.0180214    10    12      0.001760+i*    -0.000955
 -0.33333 -0.33333  0.00000    -4.2052738    -0.0464668     0.0000000     9    11      0.000000+i*    -0.000000
 -0.33333 -0.33333  0.00000    -2.8912559    -0.0464668     0.0003745    10    11     -0.000016+i*    -0.000038
 -0.33333 -0.33333  0.00000    -2.8912559     2.6619915     0.0170538    10    12      0.000746+i*     0.001742
    18BSE eigenvalue    4.38765249      IP-eigenvalue:    4.31354279
  0.00000  0.00000  0.00000    -6.0785256    -2.3708546     0.0000000     9    11      0.000000+i*     0.000000
  0.00000  0.00000  0.00000    -4.1241113    -2.3708546     0.0038986    10    11      0.000373+i*     0.000221
  0.00000  0.00000  0.00000    -4.1241113     0.4107230     2.8789680    10    12     -0.274676+i*    -0.163950
  0.33333  0.00000  0.00000    -4.5946561    -0.8328566     0.0000000     9    11      0.000000+i*    -0.000000
  0.33333  0.00000  0.00000    -2.8335705    -0.8328566     0.0043999    10    11      0.000242+i*    -0.000425
  0.33333  0.00000  0.00000    -2.8335705     1.9685811     1.0357268    10    12     -0.057034+i*     0.099954
  0.00000  0.33333  0.00000    -5.1496778    -1.5869842     0.0000000     9    11      0.000000+i*     0.000000
  0.00000  0.33333  0.00000    -3.1203342    -1.5869842     0.0038719    10    11     -0.000264+i*     0.000340
  0.00000  0.33333  0.00000    -3.1203342     1.1932086     5.9201826    10    12     -0.403366+i*     0.519610
  0.33333  0.33333  0.00000    -4.2052738    -0.0464668     0.0000000     9    11      0.000000+i*     0.000000
  0.33333  0.33333  0.00000    -2.8912559    -0.0464668     0.0076661    10    11      0.000614+i*    -0.000590
  0.33333  0.33333  0.00000    -2.8912559     2.6619915     0.3818531    10    12     -0.030579+i*     0.029412
 -0.33333  0.33333  0.00000    -4.4620760    -0.0451223     0.0000001     9    11      0.000000+i*     0.000000
 -0.33333  0.33333  0.00000    -3.2688503    -0.0451223     0.0111303    10    11     -0.000758+i*    -0.000977
 -0.33333  0.33333  0.00000    -3.2688503     2.6226298     0.2973934    10    12     -0.020612+i*    -0.025827
 -0.33333  0.00000  0.00000    -4.5946561    -0.8328566     0.0000000     9    11      0.000000+i*    -0.000000
 -0.33333  0.00000  0.00000    -2.8335705    -0.8328566     0.0043999    10    11      0.000354+i*    -0.000337
 -0.33333  0.00000  0.00000    -2.8335705     1.9685811     1.0357268    10    12     -0.083341+i*     0.079359
  0.00000 -0.33333  0.00000    -5.1496778    -1.5869842     0.0000000     9    11     -0.000000+i*    -0.000000
  0.00000 -0.33333  0.00000    -3.1203342    -1.5869842     0.0038719    10    11     -0.000267+i*     0.000338
  0.00000 -0.33333  0.00000    -3.1203342     1.1932086     5.9201826    10    12     -0.407591+i*     0.516302
  0.33333 -0.33333  0.00000    -4.4620760    -0.0451223     0.0000001     9    11     -0.000000+i*    -0.000000
  0.33333 -0.33333  0.00000    -3.2688503    -0.0451223     0.0111303    10    11      0.001131+i*     0.000501
  0.33333 -0.33333  0.00000    -3.2688503     2.6226298     0.2973934    10    12      0.030020+i*     0.013810
 -0.33333 -0.33333  0.00000    -4.2052738    -0.0464668     0.0000000     9    11     -0.000000+i*    -0.000000
 -0.33333 -0.33333  0.00000    -2.8912559    -0.0464668     0.0076661    10    11      0.000426+i*    -0.000738
 -0.33333 -0.33333  0.00000    -2.8912559     2.6619915     0.3818531    10    12     -0.021211+i*     0.036745
    19BSE eigenvalue    4.41695766      IP-eigenvalue:    4.41695368
  0.00000  0.00000  0.00000    -6.0785256    -2.3708546     0.0000000     9    11      0.000000+i*     0.000000
  0.00000  0.00000  0.00000    -4.1241113    -2.3708546     0.0000000    10    11      0.000000+i*     0.000000
  0.00000  0.00000  0.00000    -4.1241113     0.4107230     0.0000000    10    12      0.000000+i*    -0.000000
  0.33333  0.00000  0.00000    -4.5946561    -0.8328566     0.0000066     9    11      0.000000+i*    -0.000001
  0.33333  0.00000  0.00000    -2.8335705    -0.8328566     0.0000000    10    11     -0.000000+i*     0.000000
  0.33333  0.00000  0.00000    -2.8335705     1.9685811     0.0000000    10    12     -0.000000+i*    -0.000000
  0.00000  0.33333  0.00000    -5.1496778    -1.5869842     0.0000108     9    11      0.000000+i*    -0.000001
  0.00000  0.33333  0.00000    -3.1203342    -1.5869842     0.0000000    10    11     -0.000000+i*    -0.000000
  0.00000  0.33333  0.00000    -3.1203342     1.1932086     0.0000000    10    12     -0.000000+i*    -0.000000
  0.33333  0.33333  0.00000    -4.2052738    -0.0464668     0.0000611     9    11      0.000002+i*    -0.000007
  0.33333  0.33333  0.00000    -2.8912559    -0.0464668     0.0000000    10    11      0.000000+i*    -0.000000
  0.33333  0.33333  0.00000    -2.8912559     2.6619915     0.0000000    10    12     -0.000000+i*    -0.000000
 -0.33333  0.33333  0.00000    -4.4620760    -0.0451223     6.3639610     9    11     -0.118467+i*    -0.697112
 -0.33333  0.33333  0.00000    -3.2688503    -0.0451223     0.0000000    10    11      0.000000+i*     0.000000
 -0.33333  0.33333  0.00000    -3.2688503     2.6226298     0.0000000    10    12      0.000000+i*    -0.000000
 -0.33333  0.00000  0.00000    -4.5946561    -0.8328566     0.0000066     9    11     -0.000000+i*     0.000001
 -0.33333  0.00000  0.00000    -2.8335705    -0.8328566     0.0000000    10    11     -0.000000+i*    -0.000000
 -0.33333  0.00000  0.00000    -2.8335705     1.9685811     0.0000000    10    12     -0.000000+i*    -0.000000
  0.00000 -0.33333  0.00000    -5.1496778    -1.5869842     0.0000108     9    11     -0.000000+i*     0.000001
  0.00000 -0.33333  0.00000    -3.1203342    -1.5869842     0.0000000    10    11     -0.000000+i*     0.000000
  0.00000 -0.33333  0.00000    -3.1203342     1.1932086     0.0000000    10    12     -0.000000+i*     0.000000
  0.33333 -0.33333  0.00000    -4.4620760    -0.0451223     6.3639610     9    11     -0.423281+i*     0.566421
  0.33333 -0.33333  0.00000    -3.2688503    -0.0451223     0.0000000    10    11      0.000000+i*     0.000000
  0.33333 -0.33333  0.00000    -3.2688503     2.6226298     0.0000000    10    12      0.000000+i*     0.000000
 -0.33333 -0.33333  0.00000    -4.2052738    -0.0464668     0.0000611     9    11     -0.000002+i*     0.000007
 -0.33333 -0.33333  0.00000    -2.8912559    -0.0464668     0.0000000    10    11      0.000000+i*     0.000000
 -0.33333 -0.33333  0.00000    -2.8912559     2.6619915     0.0000000    10    12     -0.000000+i*     0.000000
    20BSE eigenvalue    4.41747301      IP-eigenvalue:    4.41695368
  0.00000  0.00000  0.00000    -6.0785256    -2.3708546     0.0046825     9    11      0.000520+i*     0.000000
  0.00000  0.00000  0.00000    -4.1241113    -2.3708546     0.0000000    10    11     -0.000000+i*    -0.000000
  0.00000  0.00000  0.00000    -4.1241113     0.4107230     0.0000001    10    12     -0.000000+i*    -0.000000
  0.33333  0.00000  0.00000    -4.5946561    -0.8328566     0.0050638     9    11      0.000563+i*    -0.000012
  0.33333  0.00000  0.00000    -2.8335705    -0.8328566     0.0000000    10    11     -0.000000+i*     0.000000
  0.33333  0.00000  0.00000    -2.8335705     1.9685811     0.0000000    10    12     -0.000000+i*     0.000000
  0.00000  0.33333  0.00000    -5.1496778    -1.5869842     0.0038735     9    11      0.000430+i*    -0.000009
  0.00000  0.33333  0.00000    -3.1203342    -1.5869842     0.0000000    10    11      0.000000+i*    -0.000000
  0.00000  0.33333  0.00000    -3.1203342     1.1932086     0.0000001    10    12     -0.000000+i*     0.000000
  0.33333  0.33333  0.00000    -4.2052738    -0.0464668     0.0127617     9    11      0.001418+i*    -0.000030
  0.33333  0.33333  0.00000    -2.8912559    -0.0464668     0.0000000    10    11     -0.000000+i*    -0.000000
  0.33333  0.33333  0.00000    -2.8912559     2.6619915     0.0000000    10    12     -0.000000+i*     0.000000
 -0.33333  0.33333  0.00000    -4.4620760    -0.0451223     6.3639442     9    11      0.643906+i*    -0.292202
 -0.33333  0.33333  0.00000    -3.2688503    -0.0451223     0.0000000    10    11     -0.000000+i*     0.000000
 -0.33333  0.33333  0.00000    -3.2688503     2.6226298     0.0000000    10    12     -0.000000+i*    -0.000000
 -0.33333  0.00000  0.00000    -4.5946561    -0.8328566     0.0050638     9    11      0.000563+i*    -0.000012
 -0.33333  0.00000  0.00000    -2.8335705    -0.8328566     0.0000000    10    11     -0.000000+i*    -0.000000
 -0.33333  0.00000  0.00000    -2.8335705     1.9685811     0.0000000    10    12     -0.000000+i*    -0.000000
  0.00000 -0.33333  0.00000    -5.1496778    -1.5869842     0.0038735     9    11      0.000430+i*    -0.000009
  0.00000 -0.33333  0.00000    -3.1203342    -1.5869842     0.0000000    10    11      0.000000+i*     0.000000
  0.00000 -0.33333  0.00000    -3.1203342     1.1932086     0.0000001    10    12     -0.000000+i*     0.000000
  0.33333 -0.33333  0.00000    -4.4620760    -0.0451223     6.3639442     9    11      0.655585+i*     0.264964
  0.33333 -0.33333  0.00000    -3.2688503    -0.0451223     0.0000000    10    11     -0.000000+i*    -0.000000
  0.33333 -0.33333  0.00000    -3.2688503     2.6226298     0.0000000    10    12     -0.000000+i*     0.000000
 -0.33333 -0.33333  0.00000    -4.2052738    -0.0464668     0.0127617     9    11      0.001418+i*    -0.000030
 -0.33333 -0.33333  0.00000    -2.8912559    -0.0464668     0.0000000    10    11     -0.000000+i*     0.000000
 -0.33333 -0.33333  0.00000    -2.8912559     2.6619915     0.0000000    10    12     -0.000000+i*    -0.000000
    21BSE eigenvalue    4.58668749      IP-eigenvalue:    4.53483427
  0.00000  0.00000  0.00000    -6.0785256    -2.3708546     0.0000000     9    11     -0.000000+i*     0.000000
  0.00000  0.00000  0.00000    -4.1241113    -2.3708546     0.0036554    10    11     -0.000352+i*    -0.000203
  0.00000  0.00000  0.00000    -4.1241113     0.4107230     8.2027785    10    12     -0.787317+i*    -0.459149
  0.33333  0.00000  0.00000    -4.5946561    -0.8328566     0.0000000     9    11     -0.000000+i*     0.000000
  0.33333  0.00000  0.00000    -2.8335705    -0.8328566     0.0040841    10    11     -0.000221+i*     0.000396
  0.33333  0.00000  0.00000    -2.8335705     1.9685811     1.9942455    10    12      0.107853+i*    -0.193563
  0.00000  0.33333  0.00000    -5.1496778    -1.5869842     0.0000000     9    11     -0.000000+i*    -0.000000
  0.00000  0.33333  0.00000    -3.1203342    -1.5869842     0.0036204    10    11      0.000243+i*    -0.000320
  0.00000  0.33333  0.00000    -3.1203342     1.1932086     1.5991352    10    12      0.107523+i*    -0.141455
  0.33333  0.33333  0.00000    -4.2052738    -0.0464668     0.0000000     9    11     -0.000000+i*    -0.000000
  0.33333  0.33333  0.00000    -2.8912559    -0.0464668     0.0067590    10    11     -0.000536+i*     0.000526
  0.33333  0.33333  0.00000    -2.8912559     2.6619915     0.4563468    10    12      0.036186+i*    -0.035519
 -0.33333  0.33333  0.00000    -4.4620760    -0.0451223     0.0000000     9    11      0.000000+i*     0.000000
 -0.33333  0.33333  0.00000    -3.2688503    -0.0451223     0.0094216    10    11      0.000650+i*     0.000821
 -0.33333  0.33333  0.00000    -3.2688503     2.6226298     0.3384385    10    12      0.023755+i*     0.029151
 -0.33333  0.00000  0.00000    -4.5946561    -0.8328566     0.0000000     9    11     -0.000000+i*     0.000000
 -0.33333  0.00000  0.00000    -2.8335705    -0.8328566     0.0040841    10    11     -0.000325+i*     0.000316
 -0.33333  0.00000  0.00000    -2.8335705     1.9685811     1.9942455    10    12      0.158907+i*    -0.154427
  0.00000 -0.33333  0.00000    -5.1496778    -1.5869842     0.0000000     9    11      0.000000+i*     0.000000
  0.00000 -0.33333  0.00000    -3.1203342    -1.5869842     0.0036204    10    11      0.000246+i*    -0.000318
  0.00000 -0.33333  0.00000    -3.1203342     1.1932086     1.5991352    10    12      0.108673+i*    -0.140573
  0.33333 -0.33333  0.00000    -4.4620760    -0.0451223     0.0000000     9    11     -0.000000+i*    -0.000000
  0.33333 -0.33333  0.00000    -3.2688503    -0.0451223     0.0094216    10    11     -0.000961+i*    -0.000414
  0.33333 -0.33333  0.00000    -3.2688503     2.6226298     0.3384385    10    12     -0.034321+i*    -0.015368
 -0.33333 -0.33333  0.00000    -4.2052738    -0.0464668     0.0000000     9    11      0.000000+i*     0.000000
 -0.33333 -0.33333  0.00000    -2.8912559    -0.0464668     0.0067590    10    11     -0.000369+i*     0.000654
 -0.33333 -0.33333  0.00000    -2.8912559     2.6619915     0.4563468    10    12      0.024902+i*    -0.044169
    22BSE eigenvalue    4.80277447      IP-eigenvalue:    4.80215164
  0.00000  0.00000  0.00000    -6.0785256    -2.3708546     0.0000000     9    11     -0.000000+i*     0.000000
  0.00000  0.00000  0.00000    -4.1241113    -2.3708546     0.0000000    10    11      0.000000+i*     0.000000
  0.00000  0.00000  0.00000    -4.1241113     0.4107230     0.0000000    10    12     -0.000000+i*    -0.000000
  0.33333  0.00000  0.00000    -4.5946561    -0.8328566     0.0000000     9    11     -0.000000+i*     0.000000
  0.33333  0.00000  0.00000    -2.8335705    -0.8328566     0.0000334    10    11     -0.000003+i*    -0.000003
  0.33333  0.00000  0.00000    -2.8335705     1.9685811     6.3639138    10    12     -0.489001+i*    -0.510755
  0.00000  0.33333  0.00000    -5.1496778    -1.5869842     0.0000000     9    11      0.000000+i*    -0.000000
  0.00000  0.33333  0.00000    -3.1203342    -1.5869842     0.0000557    10    11      0.000004+i*     0.000005
  0.00000  0.33333  0.00000    -3.1203342     1.1932086     0.0151659    10    12      0.000982+i*     0.001369
  0.33333  0.33333  0.00000    -4.2052738    -0.0464668     0.0000000     9    11     -0.000000+i*     0.000000
  0.33333  0.33333  0.00000    -2.8912559    -0.0464668     0.0001426    10    11     -0.000007+i*    -0.000014
  0.33333  0.33333  0.00000    -2.8912559     2.6619915     0.0142388    10    12      0.000727+i*     0.001405
 -0.33333  0.33333  0.00000    -4.4620760    -0.0451223     0.0000000     9    11      0.000000+i*    -0.000000
 -0.33333  0.33333  0.00000    -3.2688503    -0.0451223     0.0002568    10    11     -0.000027+i*     0.000010
 -0.33333  0.33333  0.00000    -3.2688503     2.6226298     0.0129842    10    12     -0.001337+i*     0.000542
 -0.33333  0.00000  0.00000    -4.5946561    -0.8328566     0.0000000     9    11     -0.000000+i*     0.000000
 -0.33333  0.00000  0.00000    -2.8335705    -0.8328566     0.0000334    10    11      0.000002+i*     0.000003
 -0.33333  0.00000  0.00000    -2.8335705     1.9685811     6.3639138    10    12      0.321686+i*     0.629691
  0.00000 -0.33333  0.00000    -5.1496778    -1.5869842     0.0000000     9    11      0.000000+i*    -0.000000
  0.00000 -0.33333  0.00000    -3.1203342    -1.5869842     0.0000557    10    11     -0.000004+i*    -0.000005
  0.00000 -0.33333  0.00000    -3.1203342     1.1932086     0.0151659    10    12     -0.000971+i*    -0.001377
  0.33333 -0.33333  0.00000    -4.4620760    -0.0451223     0.0000000     9    11      0.000000+i*    -0.000000
  0.33333 -0.33333  0.00000    -3.2688503    -0.0451223     0.0002568    10    11     -0.000019+i*     0.000022
  0.33333 -0.33333  0.00000    -3.2688503     2.6226298     0.0129842    10    12     -0.000951+i*     0.001085
 -0.33333 -0.33333  0.00000    -4.2052738    -0.0464668     0.0000000     9    11     -0.000000+i*     0.000000
 -0.33333 -0.33333  0.00000    -2.8912559    -0.0464668     0.0001426    10    11      0.000011+i*     0.000011
 -0.33333 -0.33333  0.00000    -2.8912559     2.6619915     0.0142388    10    12     -0.001088+i*    -0.001148
    23BSE eigenvalue    4.95014250      IP-eigenvalue:    4.80215164
  0.00000  0.00000  0.00000    -6.0785256    -2.3708546     0.0000000     9    11      0.000000+i*     0.000000
  0.00000  0.00000  0.00000    -4.1241113    -2.3708546     0.0064632    10    11      0.000615+i*     0.000370
  0.00000  0.00000  0.00000    -4.1241113     0.4107230     2.0425894    10    12      0.194081+i*     0.117648
  0.33333  0.00000  0.00000    -4.5946561    -0.8328566     0.0000000     9    11      0.000000+i*    -0.000000
  0.33333  0.00000  0.00000    -2.8335705    -0.8328566     0.0071437    10    11      0.000398+i*    -0.000687
  0.33333  0.00000  0.00000    -2.8335705     1.9685811     5.7910628    10    12      0.322699+i*    -0.556682
  0.00000  0.33333  0.00000    -5.1496778    -1.5869842     0.0000000     9    11      0.000000+i*     0.000000
  0.00000  0.33333  0.00000    -3.1203342    -1.5869842     0.0064549    10    11     -0.000444+i*     0.000564
  0.00000  0.33333  0.00000    -3.1203342     1.1932086     1.3686336    10    12     -0.094068+i*     0.119485
  0.33333  0.33333  0.00000    -4.2052738    -0.0464668     0.0000000     9    11      0.000000+i*     0.000000
  0.33333  0.33333  0.00000    -2.8912559    -0.0464668     0.0111571    10    11      0.000899+i*    -0.000853
  0.33333  0.33333  0.00000    -2.8912559     2.6619915     1.4588744    10    12     -0.117593+i*     0.111568
 -0.33333  0.33333  0.00000    -4.4620760    -0.0451223     0.0000000     9    11     -0.000000+i*    -0.000000
 -0.33333  0.33333  0.00000    -3.2688503    -0.0451223     0.0148388    10    11     -0.001001+i*    -0.001310
 -0.33333  0.33333  0.00000    -3.2688503     2.6226298     0.9357214    10    12     -0.064298+i*    -0.081702
 -0.33333  0.00000  0.00000    -4.5946561    -0.8328566     0.0000000     9    11      0.000000+i*    -0.000000
 -0.33333  0.00000  0.00000    -2.8335705    -0.8328566     0.0071437    10    11      0.000579+i*    -0.000543
 -0.33333  0.00000  0.00000    -2.8335705     1.9685811     5.7910628    10    12      0.469000+i*    -0.440532
  0.00000 -0.33333  0.00000    -5.1496778    -1.5869842     0.0000000     9    11     -0.000000+i*    -0.000000
  0.00000 -0.33333  0.00000    -3.1203342    -1.5869842     0.0064549    10    11     -0.000448+i*     0.000560
  0.00000 -0.33333  0.00000    -3.1203342     1.1932086     1.3686336    10    12     -0.095040+i*     0.118713
  0.33333 -0.33333  0.00000    -4.4620760    -0.0451223     0.0000000     9    11      0.000000+i*     0.000000
  0.33333 -0.33333  0.00000    -3.2688503    -0.0451223     0.0148388    10    11      0.001503+i*     0.000678
  0.33333 -0.33333  0.00000    -3.2688503     2.6226298     0.9357214    10    12      0.094155+i*     0.044095
 -0.33333 -0.33333  0.00000    -4.2052738    -0.0464668     0.0000000     9    11     -0.000000+i*    -0.000000
 -0.33333 -0.33333  0.00000    -2.8912559    -0.0464668     0.0111571    10    11      0.000627+i*    -0.001069
 -0.33333 -0.33333  0.00000    -2.8912559     2.6619915     1.4588744    10    12     -0.081995+i*     0.139830
    24BSE eigenvalue    5.55817507      IP-eigenvalue:    5.55324738
  0.00000  0.00000  0.00000    -6.0785256    -2.3708546     0.0000000     9    11      0.000000+i*     0.000000
  0.00000  0.00000  0.00000    -4.1241113    -2.3708546     0.0000000    10    11      0.000000+i*     0.000000
  0.00000  0.00000  0.00000    -4.1241113     0.4107230     0.0000000    10    12     -0.000000+i*    -0.000000
  0.33333  0.00000  0.00000    -4.5946561    -0.8328566     0.0000000     9    11      0.000000+i*    -0.000000
  0.33333  0.00000  0.00000    -2.8335705    -0.8328566     0.0000695    10    11      0.000005+i*     0.000006
  0.33333  0.00000  0.00000    -2.8335705     1.9685811     0.0139344    10    12      0.000925+i*     0.001241
  0.00000  0.33333  0.00000    -5.1496778    -1.5869842     0.0000000     9    11      0.000000+i*     0.000000
  0.00000  0.33333  0.00000    -3.1203342    -1.5869842     0.0001266    10    11     -0.000007+i*    -0.000012
  0.00000  0.33333  0.00000    -3.1203342     1.1932086     0.0167206    10    12     -0.000889+i*    -0.001631
  0.33333  0.33333  0.00000    -4.2052738    -0.0464668     0.0000000     9    11      0.000000+i*    -0.000000
  0.33333  0.33333  0.00000    -2.8912559    -0.0464668     0.0003015    10    11      0.000012+i*     0.000031
  0.33333  0.33333  0.00000    -2.8912559     2.6619915     6.3626315    10    12      0.245242+i*     0.663059
 -0.33333  0.33333  0.00000    -4.4620760    -0.0451223     0.0000000     9    11     -0.000000+i*     0.000000
 -0.33333  0.33333  0.00000    -3.2688503    -0.0451223     0.0005250    10    11      0.000057+i*    -0.000014
 -0.33333  0.33333  0.00000    -3.2688503     2.6226298     0.1282422    10    12      0.013763+i*    -0.003689
 -0.33333  0.00000  0.00000    -4.5946561    -0.8328566     0.0000000     9    11      0.000000+i*    -0.000000
 -0.33333  0.00000  0.00000    -2.8335705    -0.8328566     0.0000695    10    11     -0.000003+i*    -0.000007
 -0.33333  0.00000  0.00000    -2.8335705     1.9685811     0.0139344    10    12     -0.000530+i*    -0.001455
  0.00000 -0.33333  0.00000    -5.1496778    -1.5869842     0.0000000     9    11      0.000000+i*    -0.000000
  0.00000 -0.33333  0.00000    -3.1203342    -1.5869842     0.0001266    10    11      0.000007+i*     0.000012
  0.00000 -0.33333  0.00000    -3.1203342     1.1932086     0.0167206    10    12      0.000876+i*     0.001638
  0.33333 -0.33333  0.00000    -4.4620760    -0.0451223     0.0000000     9    11     -0.000000+i*     0.000000
  0.33333 -0.33333  0.00000    -3.2688503    -0.0451223     0.0005250    10    11      0.000043+i*    -0.000039
  0.33333 -0.33333  0.00000    -3.2688503     2.6226298     0.1282422    10    12      0.010638+i*    -0.009481
 -0.33333 -0.33333  0.00000    -4.2052738    -0.0464668     0.0000000     9    11      0.000000+i*    -0.000000
 -0.33333 -0.33333  0.00000    -2.8912559    -0.0464668     0.0003015    10    11     -0.000020+i*    -0.000027
 -0.33333 -0.33333  0.00000    -2.8912559     2.6619915     6.3626315    10    12     -0.419688+i*    -0.568905
    25BSE eigenvalue    5.66946502      IP-eigenvalue:    5.55324738
  0.00000  0.00000  0.00000    -6.0785256    -2.3708546     0.0000000     9    11     -0.000000+i*     0.000000
  0.00000  0.00000  0.00000    -4.1241113    -2.3708546     0.0038434    10    11     -0.000367+i*    -0.000218
  0.00000  0.00000  0.00000    -4.1241113     0.4107230     0.5460911    10    12     -0.052044+i*    -0.031195
  0.33333  0.00000  0.00000    -4.5946561    -0.8328566     0.0000000     9    11     -0.000000+i*     0.000000
  0.33333  0.00000  0.00000    -2.8335705    -0.8328566     0.0041905    10    11     -0.000232+i*     0.000404
  0.33333  0.00000  0.00000    -2.8335705     1.9685811     0.7229756    10    12     -0.039940+i*     0.069698
  0.00000  0.33333  0.00000    -5.1496778    -1.5869842     0.0000000     9    11     -0.000000+i*    -0.000000
  0.00000  0.33333  0.00000    -3.1203342    -1.5869842     0.0039030    10    11      0.000267+i*    -0.000342
  0.00000  0.33333  0.00000    -3.1203342     1.1932086     0.4716143    10    12      0.032209+i*    -0.041334
  0.33333  0.33333  0.00000    -4.2052738    -0.0464668     0.0000000     9    11     -0.000000+i*    -0.000000
  0.33333  0.33333  0.00000    -2.8912559    -0.0464668     0.0061042    10    11     -0.000490+i*     0.000469
  0.33333  0.33333  0.00000    -2.8912559     2.6619915     5.5716371    10    12     -0.446974+i*     0.428325
 -0.33333  0.33333  0.00000    -4.4620760    -0.0451223     0.0000000     9    11      0.000000+i*     0.000000
 -0.33333  0.33333  0.00000    -3.2688503    -0.0451223     0.0077078    10    11      0.000524+i*     0.000678
 -0.33333  0.33333  0.00000    -3.2688503     2.6226298     2.9261752    10    12      0.202344+i*     0.254494
 -0.33333  0.00000  0.00000    -4.5946561    -0.8328566     0.0000000     9    11     -0.000000+i*     0.000000
 -0.33333  0.00000  0.00000    -2.8335705    -0.8328566     0.0041905    10    11     -0.000338+i*     0.000320
 -0.33333  0.00000  0.00000    -2.8335705     1.9685811     0.7229756    10    12     -0.058277+i*     0.055288
  0.00000 -0.33333  0.00000    -5.1496778    -1.5869842     0.0000000     9    11      0.000000+i*     0.000000
  0.00000 -0.33333  0.00000    -3.1203342    -1.5869842     0.0039030    10    11      0.000269+i*    -0.000340
  0.00000 -0.33333  0.00000    -3.1203342     1.1932086     0.4716143    10    12      0.032545+i*    -0.041070
  0.33333 -0.33333  0.00000    -4.4620760    -0.0451223     0.0000000     9    11     -0.000000+i*    -0.000000
  0.33333 -0.33333  0.00000    -3.2688503    -0.0451223     0.0077078    10    11     -0.000782+i*    -0.000348
  0.33333 -0.33333  0.00000    -3.2688503     2.6226298     2.9261752    10    12     -0.295123+i*    -0.136426
 -0.33333 -0.33333  0.00000    -4.2052738    -0.0464668     0.0000000     9    11      0.000000+i*     0.000000
 -0.33333 -0.33333  0.00000    -2.8912559    -0.0464668     0.0061042    10    11     -0.000340+i*     0.000587
 -0.33333 -0.33333  0.00000    -2.8912559     2.6619915     5.5716371    10    12     -0.310485+i*     0.535582
    26BSE eigenvalue    5.90111694      IP-eigenvalue:    5.89148012
  0.00000  0.00000  0.00000    -6.0785256    -2.3708546     0.0000000     9    11      0.000000+i*     0.000000
  0.00000  0.00000  0.00000    -4.1241113    -2.3708546     0.0000000    10    11      0.000000+i*    -0.000000
  0.00000  0.00000  0.00000    -4.1241113     0.4107230     0.0000000    10    12     -0.000000+i*     0.000000
  0.33333  0.00000  0.00000    -4.5946561    -0.8328566     0.0000000     9    11      0.000000+i*    -0.000000
  0.33333  0.00000  0.00000    -2.8335705    -0.8328566     0.0000873    10    11      0.000010+i*    -0.000000
  0.33333  0.00000  0.00000    -2.8335705     1.9685811     0.0132245    10    12      0.001469+i*    -0.000012
  0.00000  0.33333  0.00000    -5.1496778    -1.5869842     0.0000000     9    11     -0.000000+i*     0.000000
  0.00000  0.33333  0.00000    -3.1203342    -1.5869842     0.0001637    10    11     -0.000018+i*    -0.000002
  0.00000  0.33333  0.00000    -3.1203342     1.1932086     0.0183929    10    12     -0.002026+i*    -0.000272
  0.33333  0.33333  0.00000    -4.2052738    -0.0464668     0.0000000     9    11      0.000000+i*    -0.000000
  0.33333  0.33333  0.00000    -2.8912559    -0.0464668     0.0003810    10    11      0.000041+i*     0.000012
  0.33333  0.33333  0.00000    -2.8912559     2.6619915     0.1281648    10    12      0.013694+i*     0.003909
 -0.33333  0.33333  0.00000    -4.4620760    -0.0451223     0.0000000     9    11     -0.000000+i*     0.000000
 -0.33333  0.33333  0.00000    -3.2688503    -0.0451223     0.0006577    10    11      0.000027+i*    -0.000068
 -0.33333  0.33333  0.00000    -3.2688503     2.6226298     6.3626300    10    12     -0.255919+i*     0.659012
 -0.33333  0.00000  0.00000    -4.5946561    -0.8328566     0.0000000     9    11     -0.000000+i*    -0.000000
 -0.33333  0.00000  0.00000    -2.8335705    -0.8328566     0.0000873    10    11     -0.000009+i*    -0.000003
 -0.33333  0.00000  0.00000    -2.8335705     1.9685811     0.0132245    10    12     -0.001411+i*    -0.000410
  0.00000 -0.33333  0.00000    -5.1496778    -1.5869842     0.0000000     9    11     -0.000000+i*     0.000000
  0.00000 -0.33333  0.00000    -3.1203342    -1.5869842     0.0001637    10    11      0.000018+i*     0.000003
  0.00000 -0.33333  0.00000    -3.1203342     1.1932086     0.0183929    10    12      0.002023+i*     0.000288
  0.33333 -0.33333  0.00000    -4.4620760    -0.0451223     0.0000000     9    11     -0.000000+i*     0.000000
  0.33333 -0.33333  0.00000    -3.2688503    -0.0451223     0.0006577    10    11     -0.000008+i*    -0.000073
  0.33333 -0.33333  0.00000    -3.2688503     2.6226298     6.3626300    10    12      0.067509+i*     0.703728
 -0.33333 -0.33333  0.00000    -4.2052738    -0.0464668     0.0000000     9    11     -0.000000+i*    -0.000000
 -0.33333 -0.33333  0.00000    -2.8912559    -0.0464668     0.0003810    10    11     -0.000042+i*     0.000000
 -0.33333 -0.33333  0.00000    -2.8912559     2.6619915     0.1281648    10    12     -0.014240+i*     0.000047
    27BSE eigenvalue    6.20107626      IP-eigenvalue:    5.89148012
  0.00000  0.00000  0.00000    -6.0785256    -2.3708546     0.0000000     9    11     -0.000000+i*     0.000000
  0.00000  0.00000  0.00000    -4.1241113    -2.3708546     0.0088586    10    11     -0.000863+i*    -0.000474
  0.00000  0.00000  0.00000    -4.1241113     0.4107230     0.9772921    10    12     -0.094985+i*    -0.052624
  0.33333  0.00000  0.00000    -4.5946561    -0.8328566     0.0000000     9    11     -0.000000+i*     0.000000
  0.33333  0.00000  0.00000    -2.8335705    -0.8328566     0.0095926    10    11     -0.000498+i*     0.000942
  0.33333  0.00000  0.00000    -2.8335705     1.9685811     1.1793165    10    12     -0.061242+i*     0.115843
  0.00000  0.33333  0.00000    -5.1496778    -1.5869842     0.0000000     9    11     -0.000000+i*    -0.000000
  0.00000  0.33333  0.00000    -3.1203342    -1.5869842     0.0090850    10    11      0.000593+i*    -0.000817
  0.00000  0.33333  0.00000    -3.1203342     1.1932086     0.8932718    10    12      0.058306+i*    -0.080321
  0.33333  0.33333  0.00000    -4.2052738    -0.0464668     0.0000000     9    11     -0.000000+i*    -0.000000
  0.33333  0.33333  0.00000    -2.8912559    -0.0464668     0.0135278    10    11     -0.001049+i*     0.001076
  0.33333  0.33333  0.00000    -2.8912559     2.6619915     2.6408854    10    12     -0.204827+i*     0.210115
 -0.33333  0.33333  0.00000    -4.4620760    -0.0451223     0.0000000     9    11      0.000000+i*     0.000000
 -0.33333  0.33333  0.00000    -3.2688503    -0.0451223     0.0167142    10    11      0.001185+i*     0.001430
 -0.33333  0.33333  0.00000    -3.2688503     2.6226298     5.5550676    10    12     -0.400353+i*    -0.469776
 -0.33333  0.00000  0.00000    -4.5946561    -0.8328566     0.0000000     9    11     -0.000000+i*     0.000000
 -0.33333  0.00000  0.00000    -2.8335705    -0.8328566     0.0095926    10    11     -0.000748+i*     0.000759
 -0.33333  0.00000  0.00000    -2.8335705     1.9685811     1.1793165    10    12     -0.091936+i*     0.093370
  0.00000 -0.33333  0.00000    -5.1496778    -1.5869842     0.0000000     9    11      0.000000+i*     0.000000
  0.00000 -0.33333  0.00000    -3.1203342    -1.5869842     0.0090850    10    11      0.000600+i*    -0.000812
  0.00000 -0.33333  0.00000    -3.1203342     1.1932086     0.8932718    10    12      0.058960+i*    -0.079842
  0.33333 -0.33333  0.00000    -4.4620760    -0.0451223     0.0000000     9    11     -0.000000+i*     0.000000
  0.33333 -0.33333  0.00000    -3.2688503    -0.0451223     0.0167142    10    11     -0.001721+i*    -0.000697
  0.33333 -0.33333  0.00000    -3.2688503     2.6226298     5.5550676    10    12      0.568755+i*     0.239771
 -0.33333 -0.33333  0.00000    -4.2052738    -0.0464668     0.0000000     9    11      0.000000+i*     0.000000
 -0.33333 -0.33333  0.00000    -2.8912559    -0.0464668     0.0135278    10    11     -0.000709+i*     0.001325
 -0.33333 -0.33333  0.00000    -2.8912559     2.6619915     2.6408854    10    12     -0.138439+i*     0.258721
