# AMAT exchange matrix
# mode paw_full
# implementation full_grid_only
# response_basis TODO
# shape 27 27
# q_ext 0.000000000000 0.000000000000 0.000000000000
# vasp_storage 0
# i j real imag
     1      1  0.0000000000000000e+00  0.0000000000000000e+00
     1      2 -1.0782240244974727e-10 -1.3762103476084740e-10
     1      3  2.4837190971727689e-09 -1.4519493002226153e-09
     1      4  2.5362972511366064e-04  5.2781890027838496e-06
     1      5 -1.2271199113324835e-10  6.6017845674510548e-11
     1      6  1.5330213451516433e-09  2.5093161752112704e-09
     1      7  2.5199352858275867e-04  5.2653626476607130e-06
     1      8 -2.4897747155458787e-08  9.9605767291908015e-07
     1      9 -1.1762102940742758e-06  4.6890124383175370e-05
     1     10  2.4968385033173797e-04  5.2271111635856897e-06
     1     11 -1.3408501909069766e-07 -1.1139359183495304e-06
     1     12 -5.8599656740563374e-06 -4.8735499853934272e-05
     1     13  2.2578354364322792e-04  1.0245967539488644e-04
     1     14  1.2695305523967004e-06 -2.9221186584376153e-07
     1     15 -5.0399998203851286e-05  1.0849222160052589e-05
     1     16  2.5362812554036239e-04  5.3543942312485710e-06
     1     17 -1.0813271213017140e-10  4.3611157922768771e-11
     1     18  2.0940385466577956e-09  2.1456888576595216e-09
     1     19  2.5199282516985306e-04  5.2986439192339346e-06
     1     20  1.6872823743992294e-08 -9.9634810336478935e-07
     1     21  7.9004374694737600e-07 -4.6902956008254913e-05
     1     22  2.2987861408704791e-04 -9.2908596349337478e-05
     1     23  1.2563008917874985e-06  3.4522035455820168e-07
     1     24 -4.9905612600537589e-05 -1.2953554805191288e-05
     1     25  2.4968356841399475e-04  5.2400720180003718e-06
     1     26 -1.8068268510024690e-07  1.1074652008730629e-06
     1     27 -7.8982476321680869e-06  4.8451802785182806e-05
     2      1 -1.0782240245050011e-10  1.3762103476154202e-10
     2      2  0.0000000000000000e+00  0.0000000000000000e+00
     2      3  1.6145383415296529e-03 -5.1900112274525176e-06
     2      4 -1.8697593682569152e-10  9.7782147872427924e-11
     2      5 -7.8822684395687829e-07  4.8083124784477239e-05
     2      6 -2.6799463473952256e-05  1.6347522460776838e-03
     2      7  2.8385394869002704e-08 -3.6748596665730576e-09
     2      8 -6.2191379463202874e-06 -4.9436805288357413e-05
     2      9 -2.0753773834220339e-04 -1.6489745746682491e-03
     2     10  3.5008915902137531e-08 -4.5557045560997230e-09
     2     11  1.3947046133005374e-05  5.0405996116725742e-05
     2     12  4.4782386780565039e-04  1.6184569275063951e-03
     2     13  5.8953080783033762e-08  1.6716535815591168e-08
     2     14 -5.2072375722983893e-05  2.0577751898113148e-05
     2     15  1.5776552459152004e-03 -5.9798800348789035e-04
     2     16 -1.5858428165271131e-10  9.4091646723277747e-11
     2     17  1.3056222186050833e-05  4.6283293902868477e-05
     2     18  4.4389259291052806e-04  1.5735605047138312e-03
     2     19 -2.8748204262236222e-08  3.7528880032923108e-09
     2     20 -6.6279010929224619e-06 -4.9383664015940829e-05
     2     21 -2.2098126663219940e-04 -1.6472269550773877e-03
     2     22 -5.3057025348175879e-08  3.1430663367841012e-08
     2     23  5.5602918916197916e-05  6.5795478215939268e-06
     2     24 -1.6781111159493163e-03 -1.7472571485540407e-04
     2     25 -3.5384622163143615e-08  4.5950925251766180e-09
     2     26 -5.9532070453017685e-07  5.2296555399964472e-05
     2     27 -1.9120653435594529e-05  1.6791616214212376e-03
     3      1  2.4837190971366973e-09  1.4519493001499535e-09
     3      2  1.6145383415296529e-03  5.1900112274525210e-06
     3      3  0.0000000000000000e+00  0.0000000000000000e+00
     3      4 -8.2505794155830019e-10  1.9551292007968324e-09
     3      5 -3.2381958314086703e-05  1.6514348196420975e-03
     3      6 -1.3044077747813325e-03  6.6520400906495220e-02
     3      7  3.3924001000908119e-07 -4.3138088964413046e-08
     3      8 -2.1065472663367454e-04 -1.7191354931283158e-03
     3      9 -8.2464503383372859e-03 -6.7266071240116784e-02
     3     10  4.1073006837165403e-07 -5.2883823709924861e-08
     3     11  4.8741006404656061e-04  1.7838373074945447e-03
     3     12  1.8094223477542824e-02  6.6220898562902433e-02
     3     13  8.2536062635614101e-07  2.3672846273904578e-07
     3     14 -1.8888391616828193e-03  7.3941256829603507e-04
     3     15  6.4798499249177757e-02 -2.4323011294111203e-02
     3     16  1.2266827994663829e-09  1.6950673676393703e-09
     3     17  4.4333467165146706e-04  1.5911442257829376e-03
     3     18  1.7857731870755626e-02  6.4091861189548446e-02
     3     19 -3.3933659720267758e-07  4.2862238144161712e-08
     3     20 -2.2487092982031819e-04 -1.7173337871025844e-03
     3     21 -8.7948565704507216e-03 -6.7196568394826184e-02
     3     22 -7.4026511143511373e-07  4.3517551923029810e-07
     3     23  2.0135790555620243e-03  2.4483424290497725e-04
     3     24 -6.8817564850217158e-02 -7.3889965258562848e-03
     3     25 -4.1099830380131731e-07  5.1259024175332766e-08
     3     26 -2.6993514985413638e-05  1.8490309621298714e-03
     3     27 -1.0023004155134986e-03  6.8641123105478291e-02
     4      1  2.5362972511366064e-04 -5.2781890027838666e-06
     4      2 -1.8697593682564631e-10 -9.7782147872373835e-11
     4      3 -8.2505794156885315e-10 -1.9551292007712254e-09
     4      4  0.0000000000000000e+00  0.0000000000000000e+00
     4      5 -1.5676693489268341e-10 -9.5782167258483396e-12
     4      6  2.1287220559874293e-09 -8.2680213113268380e-10
     4      7  2.5182344531016378e-04  2.1207427002491494e-08
     4      8 -4.0900651156340972e-09  9.8881089134667023e-07
     4      9 -1.9892173574316591e-07  4.6555569077378249e-05
     4     10  2.4966621930263476e-04  3.1036967308251418e-08
     4     11 -1.5609371957513548e-07 -1.1025299981394182e-06
     4     12 -6.8215354708422997e-06 -4.8241853790123563e-05
     4     13  2.2801187677330017e-04  9.7802225426316377e-05
     4     14  1.2535843181485760e-06 -3.1619298402536535e-07
     4     15 -4.9788837806183341e-05  1.1806606578323418e-05
     4     16  2.5326412033727411e-04  7.6099260767778909e-08
     4     17 -1.6201327511292311e-10 -1.8037297325619845e-11
     4     18  1.7521604412521643e-09 -1.2315743419627720e-09
     4     19  2.5161784510255053e-04  5.4424318600183009e-08
     4     20 -3.7920088173849241e-09 -9.8877325316966284e-07
     4     21 -1.8486531731598582e-07 -4.6551958237279810e-05
     4     22  2.2752423588139840e-04 -9.7512081405528109e-05
     4     23  1.2534595565971879e-06  3.1656835582637810e-07
     4     24 -4.9782804040971524e-05 -1.1821311881972128e-05
     4     25  2.4931876279276878e-04  4.3941561713867331e-08
     4     26 -1.5642621308046853e-07  1.1024560654936572e-06
     4     27 -6.8356304251235948e-06  4.8235717145332805e-05
     5      1 -1.2271199113376550e-10 -6.6017845675169346e-11
     5      2 -7.8822684395687850e-07 -4.8083124784477239e-05
     5      3 -3.2381958314086703e-05 -1.6514348196420973e-03
     5      4 -1.5676693489120741e-10  9.5782167243884305e-12
     5      5  0.0000000000000000e+00  0.0000000000000000e+00
     5      6  1.6810845443642603e-03  1.2908624891122701e-09
     5      7 -4.4836105567192375e-09 -2.9078628500003822e-08
     5      8 -5.0656286781988210e-05  7.2178330578934661e-06
     5      9 -1.6997362254316938e-03  2.4228974225348884e-04
     5     10 -5.4709894888477870e-09 -3.5684604356187179e-08
     5     11  5.1752150032626637e-05 -1.5236994923876725e-05
     5     12  1.6713897951354760e-03 -4.9210089490599911e-04
     5     13  1.5813694716719804e-08 -6.0352865479986239e-08
     5     14  2.2213522528532344e-05  5.3623189563793195e-05
     5     15 -6.4999575699168928e-04 -1.6335625589041797e-03
     5     16 -1.6201328179595883e-10 -1.8037274405488805e-11
     5     17  4.6744455926131225e-05 -1.4017414146898873e-05
     5     18  1.5960224962621868e-03 -4.7860545493456008e-04
     5     19  4.0824063174486937e-09  2.9313939932483068e-08
     5     20 -4.9897560177163845e-05  7.5314133822003039e-06
     5     21 -1.6705684942967696e-03  2.5205235505617208e-04
     5     22  3.2812282004605338e-08  5.3799532756264012e-08
     5     23  5.7158313943683794e-06 -5.6180522396563074e-05
     5     24 -1.4885764596651876e-04  1.6997166929292457e-03
     5     25  5.0703508212607505e-09  3.6169028981728173e-08
     5     26  5.2863405759216921e-05 -2.6477050940622811e-07
     5     27  1.7028315410326320e-03 -8.5226798515138869e-06
     6      1  1.5330213450872707e-09 -2.5093161751961996e-09
     6      2 -2.6799463473952270e-05 -1.6347522460776838e-03
     6      3 -1.3044077747813335e-03 -6.6520400906495220e-02
     6      4  2.1287220559618157e-09  8.2680213113268370e-10
     6      5  1.6810845443642605e-03 -1.2908624891023007e-09
     6      6  0.0000000000000000e+00  0.0000000000000000e+00
     6      7 -5.0648049063069925e-08 -3.4468270602990101e-07
     6      8 -1.7535215684736794e-03  2.4985350535116697e-04
     6      9 -6.8708008029995438e-02  9.7940733832023313e-03
     6     10 -6.1427734272361221e-08 -4.1341734400324658e-07
     6     11  1.8223495503188901e-03 -5.3654249987461608e-04
     6     12  6.7742223061206752e-02 -1.9945143636768792e-02
     6     13  2.2123472374091114e-07 -8.3228545033035207e-07
     6     14  8.0111659192156346e-04  1.9338820460839605e-03
     6     15 -2.6438388670828674e-02 -6.6444519053319009e-02
     6     16  1.7521604225347662e-09 -1.2315743065854835e-09
     6     17  1.5960224960777404e-03 -4.7860545487945534e-04
     6     18  6.4346331370971954e-02 -1.9295835808706301e-02
     6     19  5.2245570397898219e-08  3.5706603698582118e-07
     6     20 -1.7231330585691898e-03  2.6008722578913770e-04
     6     21 -6.7477488498228197e-02  1.0180928873389387e-02
     6     22  4.7058998031970233e-07  7.6545991389072553e-07
     6     23  2.0546878754252562e-04 -2.0195504347095884e-03
     6     24 -6.0467938119551628e-03  6.9045247009784275e-02
     6     25  6.2925562443625423e-08  4.3443700547948243e-07
     6     26  1.8558405822711971e-03 -9.2958113049691983e-06
     6     27  6.8943822492481460e-02 -3.4510977996784819e-04
     7      1  2.5199352858275867e-04 -5.2653626476607240e-06
     7      2  2.8385394869004187e-08  3.6748596665716195e-09
     7      3  3.3924001000908421e-07  4.3138088964455941e-08
     7      4  2.5182344531016372e-04 -2.1207427002501953e-08
     7      5 -4.4836105567185021e-09  2.9078628500003068e-08
     7      6 -5.0648049063041655e-08  3.4468270602989810e-07
     7      7  0.0000000000000000e+00  0.0000000000000000e+00
     7      8 -3.7029351194816806e-09  9.3048556684242337e-07
     7      9 -1.8597658330781174e-07  4.4905263907912685e-05
     7     10  2.4869237479994158e-04  9.9611882979609033e-09
     7     11 -1.4749310983389304e-07 -1.0406060042463631e-06
     7     12 -6.5889907451952594e-06 -4.6552716755647738e-05
     7     13  2.2760207077051543e-04  9.7603721051156941e-05
     7     14  1.1859679241199628e-06 -2.9933922940470444e-07
     7     15 -4.8074698566776366e-05  1.1406919298753702e-05
     7     16  2.5161784521674429e-04  5.4424318631636287e-08
     7     17  4.0824011091139325e-09  2.9313904361229085e-08
     7     18  5.2245508387828314e-08  3.5706561396940038e-07
     7     19  2.5005089690310716e-04  3.3031976479463608e-08
     7     20 -3.8303811894086017e-09 -9.9218635750715289e-07
     7     21 -1.8304286184891498e-07 -4.5655665496933632e-05
     7     22  2.2647812449742708e-04 -9.7086323655120281e-05
     7     23  1.2549419406066835e-06  3.1690267716193243e-07
     7     24 -4.8865774380313143e-05 -1.1601339164820753e-05
     7     25  2.4792906211209203e-04  2.2815330903195247e-08
     7     26 -1.5673241135116198e-07  1.1048085863030339e-06
     7     27 -6.7049374757932807e-06  4.7326999779147166e-05
     8      1 -2.4897747155458102e-08 -9.9605767291907931e-07
     8      2 -6.2191379463202866e-06  4.9436805288357413e-05
     8      3 -2.1065472663367454e-04  1.7191354931283158e-03
     8      4 -4.0900651156319068e-09 -9.8881089134666960e-07
     8      5 -5.0656286781988210e-05 -7.2178330578934678e-06
     8      6 -1.7535215684736794e-03 -2.4985350535116697e-04
     8      7 -3.7029351194808091e-09 -9.3048556684242263e-07
     8      8  0.0000000000000000e+00  0.0000000000000000e+00
     8      9  1.8198607213708654e-03 -1.0643903778750313e-07
     8     10 -3.4280564265555797e-09 -8.7635290293286367e-07
     8     11 -5.6237716020326117e-05  8.2005308294674432e-06
     8     12 -1.8372857773766359e-03  2.6791846099039545e-04
     8     13  3.0866968765342996e-07 -7.2777285810216991e-07
     8     14 -1.5307600665369973e-05 -5.9651011111072635e-05
     8     15  4.4262981717508118e-04  1.8312333025153858e-03
     8     16 -3.7920045417359925e-09 -9.8877218166402529e-07
     8     17 -4.9897560265984648e-05  7.5314133956131096e-06
     8     18 -1.7231330620483996e-03  2.6008722631423839e-04
     8     19 -3.8303771028876185e-09 -9.9218535399551838e-07
     8     20  5.2120416252700266e-05 -4.3119272708554459e-07
     8     21  1.7634691910708494e-03 -1.4487801227448101e-05
     8     22 -3.6601948334424284e-07 -8.4443510049462221e-07
     8     23 -1.4000578849710809e-05  5.6495044361899124e-05
     8     24  4.0234981245185160e-04 -1.7270369826950167e-03
     8     25 -3.6906117074790140e-09 -9.5207807166266249e-07
     8     26 -5.4046085609480385e-05 -7.4248510897092264e-06
     8     27 -1.7577548216082977e-03 -2.4148580372176931e-04
     9      1 -1.1762102940742517e-06 -4.6890124383175377e-05
     9      2 -2.0753773834220334e-04  1.6489745746682495e-03
     9      3 -8.2464503383372842e-03  6.7266071240116784e-02
     9      4 -1.9892173574318835e-07 -4.6555569077378263e-05
     9      5 -1.6997362254316938e-03 -2.4228974225348879e-04
     9      6 -6.8708008029995438e-02 -9.7940733832023296e-03
     9      7 -1.8597658330776208e-07 -4.4905263907912672e-05
     9      8  1.8198607213708654e-03  1.0643903778747447e-07
     9      9  0.0000000000000000e+00  0.0000000000000000e+00
     9     10 -1.7429411338511015e-07 -4.2655276009570394e-05
     9     11 -1.9419987553514089e-03  2.8306540776063866e-04
     9     12 -7.2349863889001359e-02  1.0545943410331961e-02
     9     13  1.5418232070710326e-05 -3.6369937577904708e-05
     9     14 -5.4044852104512991e-04 -2.1065432843094950e-03
     9     15  1.7485006120527329e-02  7.2356977489963253e-02
     9     16 -1.8486512014239460e-07 -4.6551908061503007e-05
     9     17 -1.6705684973566900e-03  2.5205235551797596e-04
     9     18 -6.7477488639272179e-02  1.0180928894669901e-02
     9     19 -1.8304266790741085e-07 -4.5655617169307585e-05
     9     20  1.7634691909471007e-03 -1.4487801226412254e-05
     9     21  6.9173534938854642e-02 -5.6425828593134890e-04
     9     22 -1.6439800449672026e-05 -3.7913498373312922e-05
     9     23 -4.9212535566684477e-04  1.9853281909079897e-03
     9     24  1.5870519104578963e-02 -6.8104252788878147e-02
     9     25 -1.7566552469454457e-07 -4.3557533952051868e-05
     9     26 -1.8572241016230479e-03 -2.5525545160211575e-04
     9     27 -6.9102277207374455e-02 -9.4975951997638332e-03
    10      1  2.4968385033173797e-04 -5.2271111635856914e-06
    10      2  3.5008915902137531e-08  4.5557045561013211e-09
    10      3  4.1073006837166928e-07  5.2883823709927865e-08
    10      4  2.4966621930263476e-04 -3.1036967308251874e-08
    10      5 -5.4709894888486092e-09  3.5684604356185578e-08
    10      6 -6.1427734272387148e-08  4.1341734400324997e-07
    10      7  2.4869237479994158e-04 -9.9611882979619770e-09
    10      8 -3.4280564265546731e-09  8.7635290293286367e-07
    10      9 -1.7429411338516240e-07  4.2655276009570394e-05
    10     10  0.0000000000000000e+00  0.0000000000000000e+00
    10     11 -1.3920506573024119e-07 -9.8164693032841059e-07
    10     12 -6.2631704782947999e-06 -4.4233462367715975e-05
    10     13  2.2727614187463021e-04  9.7453172772834739e-05
    10     14  1.1199212846453042e-06 -2.8275169197390435e-07
    10     15 -4.5693679876716751e-05  1.0844514346359483e-05
    10     16  2.4931876261588803e-04  4.3941561608462094e-08
    10     17  5.0703435818926611e-09  3.6168979553265723e-08
    10     18  6.2925484716310351e-08  4.3443647507424899e-07
    10     19  2.4792906182043633e-04  2.2815330797447330e-08
    10     20 -3.6906155541837721e-09 -9.5207900603969231e-07
    10     21 -1.7566571007467597e-07 -4.3557579667139399e-05
    10     22  2.2535487417987815e-04 -9.6615493149189977e-05
    10     23  1.2040553223404682e-06  3.0404323898721230e-07
    10     24 -4.6643676277369595e-05 -1.1072652837167407e-05
    10     25  2.4616990186375964e-04  1.2786867040993259e-08
    10     26 -1.5041715843607819e-07  1.0603547844715051e-06
    10     27 -6.3977167833250025e-06  4.5166175133631875e-05
    11      1 -1.3408501909069681e-07  1.1139359183495302e-06
    11      2  1.3947046133005370e-05 -5.0405996116725735e-05
    11      3  4.8741006404656061e-04 -1.7838373074945447e-03
    11      4 -1.5609371957513461e-07  1.1025299981394176e-06
    11      5  5.1752150032626637e-05  1.5236994923876725e-05
    11      6  1.8223495503188901e-03  5.3654249987461597e-04
    11      7 -1.4749310983389444e-07  1.0406060042463625e-06
    11      8 -5.6237716020326117e-05 -8.2005308294674415e-06
    11      9 -1.9419987553514094e-03 -2.8306540776063866e-04
    11     10 -1.3920506573024183e-07  9.8164693032841059e-07
    11     11  0.0000000000000000e+00  0.0000000000000000e+00
    11     12  2.0130180567899504e-03 -6.4601120056641264e-09
    11     13 -4.6662880145832718e-07  7.6809728742198208e-07
    11     14  7.0429301172326213e-06  6.5942896385180722e-05
    11     15 -1.8946532230966728e-04 -2.0454711574806610e-03
    11     16 -1.5642602573407222e-07  1.1024547438427026e-06
    11     17  5.2863405683618906e-05 -2.6477050902088805e-07
    11     18  1.8558405797993718e-03 -9.2958112917044049e-06
    11     19 -1.5673223498935119e-07  1.1048073414136300e-06
    11     20 -5.4046085431241363e-05 -7.4248510652379914e-06
    11     21 -1.8572240953640977e-03 -2.5525545074274214e-04
    11     22  2.7004945084165945e-07  9.9824068786104957e-07
    11     23  2.2996408024783921e-05 -5.6308994591415293e-05
    11     24 -6.8491171606006309e-04  1.7467275825184690e-03
    11     25 -1.5041699369807976e-07  1.0603536212682833e-06
    11     26  5.4812446392163505e-05  1.5840142934166240e-05
    11     27  1.8082637069138192e-03  5.2257364524684329e-04
    12      1 -5.8599656740563561e-06  4.8735499853934279e-05
    12      2  4.4782386780565028e-04 -1.6184569275063951e-03
    12      3  1.8094223477542824e-02 -6.6220898562902433e-02
    12      4 -6.8215354708422743e-06  4.8241853790123569e-05
    12      5  1.6713897951354760e-03  4.9210089490599911e-04
    12      6  6.7742223061206752e-02  1.9945143636768792e-02
    12      7 -6.5889907451952264e-06  4.6552716755647731e-05
    12      8 -1.8372857773766359e-03 -2.6791846099039551e-04
    12      9 -7.2349863889001359e-02 -1.0545943410331961e-02
    12     10 -6.2631704782947483e-06  4.4233462367715975e-05
    12     11  2.0130180567899504e-03  6.4601120056887748e-09
    12     12  0.0000000000000000e+00  0.0000000000000000e+00
    12     13 -2.1495267642526502e-05  3.5399725973958755e-05
    12     14  2.3825128535841494e-04  2.2308177062592611e-03
    12     15 -7.0971140116711682e-03 -7.6623225771530690e-02
    12     16 -6.8356222845321181e-06  4.8235659716995051e-05
    12     17  1.7028315383537584e-03 -8.5226798382386275e-06
    12     18  6.8943822385279574e-02 -3.4510977943119945e-04
    12     19 -6.7049296352741405e-06  4.7326944434581803e-05
    12     20 -1.7577548153342004e-03 -2.4148580285985330e-04
    12     21 -6.9102276950144093e-02 -9.4975951644094125e-03
    12     22  1.1315955630825809e-05  4.1796255128608789e-05
    12     23  7.7441026353373510e-04 -1.8962027624881328e-03
    12     24 -2.5608073332748962e-02  6.5307548713061409e-02
    12     25 -6.3977093662358022e-06  4.5166122762202402e-05
    12     26  1.8082637066598097e-03  5.2257364517253240e-04
    12     27  6.7417671000301840e-02  1.9483401767623632e-02
    13      1  2.2578354364322792e-04 -1.0245967539488641e-04
    13      2  5.8953080783033762e-08 -1.6716535815591270e-08
    13      3  8.2536062635615752e-07 -2.3672846273902019e-07
    13      4  2.2801187677330017e-04 -9.7802225426316377e-05
    13      5  1.5813694716718914e-08  6.0352865479986239e-08
    13      6  2.2123472374098414e-07  8.3228545033035482e-07
    13      7  2.2760207077051543e-04 -9.7603721051156941e-05
    13      8  3.0866968765343049e-07  7.2777285810216843e-07
    13      9  1.5418232070710349e-05  3.6369937577904715e-05
    13     10  2.2727614187463021e-04 -9.7453172772834725e-05
    13     11 -4.6662880145832792e-07 -7.6809728742198187e-07
    13     12 -2.1495267642526526e-05 -3.5399725973958748e-05
    13     13  0.0000000000000000e+00  0.0000000000000000e+00
    13     14  8.3550742241370636e-07 -6.3830261767423532e-07
    13     15 -3.5013040751921760e-05  2.5963960452307288e-05
    13     16  2.2752423509893546e-04 -9.7512081070173277e-05
    13     17  3.2812233531747466e-08  5.3799453819792202e-08
    13     18  4.7058930176052731e-07  7.6545880946699700e-07
    13     19  2.2647812362630386e-04 -9.7086323281689232e-05
    13     20 -3.6601980776547271e-07 -8.4443584859506609e-07
    13     21 -1.6439816965736119e-05 -3.7913536464984260e-05
    13     22  1.6894594969523192e-04 -1.7750445875488408e-04
    13     23  1.1813993384193043e-06 -1.8795437783731825e-07
    13     24 -4.4846506217668719e-05  7.7926379598842938e-06
    13     25  2.2535487360938206e-04 -9.6615492904528075e-05
    13     26  2.7004972201712405e-07  9.9824168956548466e-07
    13     27  1.1315968219679051e-05  4.1796301630742563e-05
    14      1  1.2695305523967013e-06  2.9221186584376307e-07
    14      2 -5.2072375722983899e-05 -2.0577751898113148e-05
    14      3 -1.8888391616828193e-03 -7.3941256829603507e-04
    14      4  1.2535843181485753e-06  3.1619298402536631e-07
    14      5  2.2213522528532344e-05 -5.3623189563793202e-05
    14      6  8.0111659192156346e-04 -1.9338820460839605e-03
    14      7  1.1859679241199626e-06  2.9933922940470746e-07
    14      8 -1.5307600665369973e-05  5.9651011111072622e-05
    14      9 -5.4044852104512980e-04  2.1065432843094950e-03
    14     10  1.1199212846453027e-06  2.8275169197390483e-07
    14     11  7.0429301172326213e-06 -6.5942896385180722e-05
    14     12  2.3825128535841494e-04 -2.2308177062592611e-03
    14     13  8.3550742241370562e-07  6.3830261767423405e-07
    14     14  0.0000000000000000e+00  0.0000000000000000e+00
    14     15 -2.3039362382877016e-03 -3.2341755086582088e-05
    14     16  1.2534579908241355e-06  3.1656796069990083e-07
    14     17  5.7158313545704636e-06 -5.6180522005326477e-05
    14     18  2.0546878605460475e-04 -2.0195504200791075e-03
    14     19  1.2549404619925642e-06  3.1690230416112338e-07
    14     20 -1.4000578724026466e-05  5.6495043854673542e-05
    14     21 -4.9212535103996223e-04  1.9853281722399777e-03
    14     22  1.1813980890595292e-06 -1.8795417876820226e-07
    14     23 -5.7053121828999746e-05 -3.0734350912525899e-05
    14     24  1.8048299569875556e-03  9.3981410794893492e-04
    14     25  1.2040539401606667e-06  3.0404289037843210e-07
    14     26  2.2996407895959791e-05 -5.6308994275989094e-05
    14     27  7.7441025908608061e-04 -1.8962027515962577e-03
    15      1 -5.0399998203851299e-05 -1.0849222160052613e-05
    15      2  1.5776552459152004e-03  5.9798800348789024e-04
    15      3  6.4798499249177757e-02  2.4323011294111203e-02
    15      4 -4.9788837806183355e-05 -1.1806606578323374e-05
    15      5 -6.4999575699168928e-04  1.6335625589041797e-03
    15      6 -2.6438388670828674e-02  6.6444519053319009e-02
    15      7 -4.8074698566776379e-05 -1.1406919298753706e-05
    15      8  4.4262981717508118e-04 -1.8312333025153858e-03
    15      9  1.7485006120527329e-02 -7.2356977489963253e-02
    15     10 -4.5693679876716765e-05 -1.0844514346359527e-05
    15     11 -1.8946532230966731e-04  2.0454711574806610e-03
    15     12 -7.0971140116711700e-03  7.6623225771530690e-02
    15     13 -3.5013040751921780e-05 -2.5963960452307311e-05
    15     14 -2.3039362382877016e-03  3.2341755086582101e-05
    15     15  0.0000000000000000e+00  0.0000000000000000e+00
    15     16 -4.9782742128924806e-05 -1.1821297178259225e-05
    15     17 -1.4885764485216905e-04  1.6997166802068310e-03
    15     18 -6.0467937643841566e-03  6.9045246466594781e-02
    15     19 -4.8865714710184434e-05 -1.1601324998780696e-05
    15     20  4.0234980858270007e-04 -1.7270369660869608e-03
    15     21  1.5870518943595126e-02 -6.8104252098057427e-02
    15     22 -4.4846454123882254e-05  7.7926289092751717e-06
    15     23  1.8048299565793608e-03  9.3981410773576743e-04
    15     24 -6.2410649252295336e-02 -3.1393015941870765e-02
    15     25 -4.6643619822453298e-05 -1.1072639436902631e-05
    15     26 -6.8491171189363970e-04  1.7467275718953353e-03
    15     27 -2.5608073171823356e-02  6.5307548302657337e-02
    16      1  2.5362812554036239e-04 -5.3543942312485769e-06
    16      2 -1.5858428165200549e-10 -9.4091646723536267e-11
    16      3  1.2266827994633478e-09 -1.6950673676619770e-09
    16      4  2.5326412033727411e-04 -7.6099260767783448e-08
    16      5 -1.6201328179649531e-10  1.8037274404169872e-11
    16      6  1.7521604225637810e-09  1.2315743065794060e-09
    16      7  2.5161784521674435e-04 -5.4424318631633607e-08
    16      8 -3.7920045417349428e-09  9.8877218166402550e-07
    16      9 -1.8486512014234809e-07  4.6551908061503014e-05
    16     10  2.4931876261588808e-04 -4.3941561608456972e-08
    16     11 -1.5642602573407474e-07 -1.1024547438427026e-06
    16     12 -6.8356222845321453e-06 -4.8235659716995085e-05
    16     13  2.2752423509893546e-04  9.7512081070173291e-05
    16     14  1.2534579908241351e-06 -3.1656796069990067e-07
    16     15 -4.9782742128924779e-05  1.1821297178259247e-05
    16     16  0.0000000000000000e+00  0.0000000000000000e+00
    16     17 -1.5676692800298928e-10  9.5781945286736608e-12
    16     18  2.1287220490053384e-09  8.2680212134209146e-10
    16     19  2.5182344592251867e-04 -2.1207427060210070e-08
    16     20 -4.0900697429834591e-09 -9.8881197061649617e-07
    16     21 -1.9892194933570982e-07 -4.6555619609339406e-05
    16     22  2.2801187820077322e-04 -9.7802226038611897e-05
    16     23  1.2535858936997961e-06  3.1619338112162992e-07
    16     24 -4.9788900098327447e-05 -1.1806621352740688e-05
    16     25  2.4966622018821364e-04 -3.1036967341956195e-08
    16     26 -1.5609390774791032e-07  1.1025313284700209e-06
    16     27 -6.8215436466851014e-06  4.8241911590808442e-05
    17      1 -1.0813271213398223e-10 -4.3611157922768765e-11
    17      2  1.3056222186050833e-05 -4.6283293902868470e-05
    17      3  4.4333467165146706e-04 -1.5911442257829380e-03
    17      4 -1.6201327511380475e-10  1.8037297325781727e-11
    17      5  4.6744455926131225e-05  1.4017414146898873e-05
    17      6  1.5960224960777404e-03  4.7860545487945534e-04
    17      7  4.0824011091138109e-09 -2.9313904361229015e-08
    17      8 -4.9897560265984648e-05 -7.5314133956131096e-06
    17      9 -1.6705684973566898e-03 -2.5205235551797601e-04
    17     10  5.0703435818940963e-09 -3.6168979553266662e-08
    17     11  5.2863405683618912e-05  2.6477050902088783e-07
    17     12  1.7028315383537584e-03  8.5226798382386376e-06
    17     13  3.2812233531748280e-08 -5.3799453819792996e-08
    17     14  5.7158313545704644e-06  5.6180522005326477e-05
    17     15 -1.4885764485216907e-04 -1.6997166802068312e-03
    17     16 -1.5676692800387723e-10 -9.5781945294262497e-12
    17     17  0.0000000000000000e+00  0.0000000000000000e+00
    17     18  1.6810845594910431e-03 -1.2908623244901614e-09
    17     19 -4.4836157703601878e-09  2.9078664095485687e-08
    17     20 -5.0656287118458536e-05 -7.2178331058419159e-06
    17     21 -1.6997362373303169e-03 -2.4228974394970902e-04
    17     22  1.5813718382296053e-08  6.0352954609213641e-08
    17     23  2.2213522869270845e-05 -5.3623190386352650e-05
    17     24 -6.4999576753341183e-04  1.6335625853972754e-03
    17     25 -5.4709967033951806e-09  3.5684653563401712e-08
    17     26  5.1752150545583888e-05  1.5236995074896152e-05
    17     27  1.6713898125897515e-03  4.9210090004510982e-04
    18      1  2.0940385466800352e-09 -2.1456888576459575e-09
    18      2  4.4389259291052806e-04 -1.5735605047138314e-03
    18      3  1.7857731870755629e-02 -6.4091861189548446e-02
    18      4  1.7521604412514033e-09  1.2315743419567181e-09
    18      5  1.5960224962621868e-03  4.7860545493456008e-04
    18      6  6.4346331370971954e-02  1.9295835808706297e-02
    18      7  5.2245508387777466e-08 -3.5706561396940192e-07
    18      8 -1.7231330620483996e-03 -2.6008722631423839e-04
    18      9 -6.7477488639272193e-02 -1.0180928894669901e-02
    18     10  6.2925484716314162e-08 -4.3443647507424693e-07
    18     11  1.8558405797993718e-03  9.2958112917044066e-06
    18     12  6.8943822385279574e-02  3.4510977943119972e-04
    18     13  4.7058930176052879e-07 -7.6545880946699721e-07
    18     14  2.0546878605460475e-04  2.0195504200791075e-03
    18     15 -6.0467937643841558e-03 -6.9045246466594781e-02
    18     16  2.1287220489586105e-09 -8.2680212136003197e-10
    18     17  1.6810845594910431e-03  1.2908623244875539e-09
    18     18  0.0000000000000000e+00  0.0000000000000000e+00
    18     19 -5.0648109440665929e-08  3.4468311721184545e-07
    18     20 -1.7535215808604631e-03 -2.4985350711605495e-04
    18     21 -6.8708008550148553e-02 -9.7940734573481996e-03
    18     22  2.2123504417653330e-07  8.3228665672085568e-07
    18     23  8.0111660497159869e-04 -1.9338820775880792e-03
    18     24 -2.6438389130719681e-02  6.6444520209109556e-02
    18     25 -6.1427808933573474e-08  4.1341785218585559e-07
    18     26  1.8223495694320616e-03  5.3654250550108477e-04
    18     27  6.7742223822383901e-02  1.9945143860879911e-02
    19      1  2.5199282516985306e-04 -5.2986439192339430e-06
    19      2 -2.8748204262236149e-08 -3.7528880032930561e-09
    19      3 -3.3933659720267456e-07 -4.2862238144160210e-08
    19      4  2.5161784510255048e-04 -5.4424318600190249e-08
    19      5  4.0824063174479360e-09 -2.9313939932483842e-08
    19      6  5.2245570397900945e-08 -3.5706603698583325e-07
    19      7  2.5005089690310721e-04 -3.3031976479467288e-08
    19      8 -3.8303771028885441e-09  9.9218535399551901e-07
    19      9 -1.8304266790739142e-07  4.5655617169307599e-05
    19     10  2.4792906182043639e-04 -2.2815330797448504e-08
    19     11 -1.5673223498934973e-07 -1.1048073414136304e-06
    19     12 -6.7049296352741159e-06 -4.7326944434581810e-05
    19     13  2.2647812362630386e-04  9.7086323281689245e-05
    19     14  1.2549404619925640e-06 -3.1690230416112253e-07
    19     15 -4.8865714710184441e-05  1.1601324998780696e-05
    19     16  2.5182344592251867e-04  2.1207427060205388e-08
    19     17 -4.4836157703608843e-09 -2.9078664095485641e-08
    19     18 -5.0648109440668252e-08 -3.4468311721186800e-07
    19     19  0.0000000000000000e+00  0.0000000000000000e+00
    19     20 -3.7029393723936269e-09 -9.3048657817188675e-07
    19     21 -1.8597678500356004e-07 -4.4905312589359397e-05
    19     22  2.2760207207956793e-04 -9.7603721612521182e-05
    19     23  1.1859694144768537e-06  2.9933960515960634e-07
    19     24 -4.8074758699666678e-05 -1.1406933566393111e-05
    19     25  2.4869237556534500e-04 -9.9611882481561287e-09
    19     26 -1.4749328742960862e-07  1.0406072590513313e-06
    19     27 -6.5889986362545347e-06  4.6552772509290699e-05
    20      1  1.6872823743993148e-08  9.9634810336478850e-07
    20      2 -6.6279010929224619e-06  4.9383664015940836e-05
    20      3 -2.2487092982031819e-04  1.7173337871025844e-03
    20      4 -3.7920088173864386e-09  9.8877325316966284e-07
    20      5 -4.9897560177163845e-05 -7.5314133822003030e-06
    20      6 -1.7231330585691898e-03 -2.6008722578913765e-04
    20      7 -3.8303811894086133e-09  9.9218635750715204e-07
    20      8  5.2120416252700273e-05  4.3119272708554538e-07
    20      9  1.7634691909471007e-03  1.4487801226412229e-05
    20     10 -3.6906155541860741e-09  9.5207900603969083e-07
    20     11 -5.4046085431241363e-05  7.4248510652379914e-06
    20     12 -1.7577548153342004e-03  2.4148580285985330e-04
    20     13 -3.6601980776547387e-07  8.4443584859506535e-07
    20     14 -1.4000578724026464e-05 -5.6495043854673542e-05
    20     15  4.0234980858270012e-04  1.7270369660869606e-03
    20     16 -4.0900697429849646e-09  9.8881197061649575e-07
    20     17 -5.0656287118458523e-05  7.2178331058419142e-06
    20     18 -1.7535215808604631e-03  2.4985350711605495e-04
    20     19 -3.7029393723922468e-09  9.3048657817188632e-07
    20     20  0.0000000000000000e+00  0.0000000000000000e+00
    20     21  1.8198607321633395e-03  1.0643903841675502e-07
    20     22  3.0867001952555254e-07  7.2777364107558386e-07
    20     23 -1.5307600885493405e-05  5.9651011968914353e-05
    20     24  4.4262982396657026e-04 -1.8312333306129524e-03
    20     25 -3.4280603735809766e-09  8.7635385119863471e-07
    20     26 -5.6237716514571522e-05 -8.2005309015242667e-06
    20     27 -1.8372857946805461e-03 -2.6791846351369587e-04
    21      1  7.9004374694735016e-07  4.6902956008254893e-05
    21      2 -2.2098126663219940e-04  1.6472269550773877e-03
    21      3 -8.7948565704507216e-03  6.7196568394826184e-02
    21      4 -1.8486531731598669e-07  4.6551958237279810e-05
    21      5 -1.6705684942967696e-03 -2.5205235505617208e-04
    21      6 -6.7477488498228197e-02 -1.0180928873389387e-02
    21      7 -1.8304286184889065e-07  4.5655665496933645e-05
    21      8  1.7634691910708494e-03  1.4487801227448070e-05
    21      9  6.9173534938854642e-02  5.6425828593134901e-04
    21     10 -1.7566571007470480e-07  4.3557579667139392e-05
    21     11 -1.8572240953640977e-03  2.5525545074274214e-04
    21     12 -6.9102276950144093e-02  9.4975951644094125e-03
    21     13 -1.6439816965736072e-05  3.7913536464984212e-05
    21     14 -4.9212535103996223e-04 -1.9853281722399777e-03
    21     15  1.5870518943595122e-02  6.8104252098057427e-02
    21     16 -1.9892194933568873e-07  4.6555619609339413e-05
    21     17 -1.6997362373303169e-03  2.4228974394970902e-04
    21     18 -6.8708008550148553e-02  9.7940734573481996e-03
    21     19 -1.8597678500353958e-07  4.4905312589359390e-05
    21     20  1.8198607321633395e-03 -1.0643903841673313e-07
    21     21  0.0000000000000000e+00  0.0000000000000000e+00
    21     22  1.5418248895365805e-05  3.6369977265184883e-05
    21     23 -5.4044852932617351e-04  2.1065433165894029e-03
    21     24  1.7485006407701020e-02 -7.2356978678353986e-02
    21     25 -1.7429430352348087e-07  4.2655322344636847e-05
    21     26 -1.9419987735872727e-03 -2.8306541041787719e-04
    21     27 -7.2349864622343787e-02 -1.0545943517226273e-02
    22      1  2.2987861408704791e-04  9.2908596349337451e-05
    22      2 -5.3057025348175971e-08 -3.1430663367839490e-08
    22      3 -7.4026511143504586e-07 -4.3517551923029058e-07
    22      4  2.2752423588139840e-04  9.7512081405528109e-05
    22      5  3.2812282004604544e-08 -5.3799532756266215e-08
    22      6  4.7058998031969190e-07 -7.6545991389068508e-07
    22      7  2.2647812449742708e-04  9.7086323655120281e-05
    22      8 -3.6601948334424199e-07  8.4443510049462232e-07
    22      9 -1.6439800449672049e-05  3.7913498373312922e-05
    22     10  2.2535487417987815e-04  9.6615493149189977e-05
    22     11  2.7004945084165829e-07 -9.9824068786104957e-07
    22     12  1.1315955630825855e-05 -4.1796255128608809e-05
    22     13  1.6894594969523190e-04  1.7750445875488411e-04
    22     14  1.1813980890595284e-06  1.8795417876820150e-07
    22     15 -4.4846454123882213e-05 -7.7926289092751259e-06
    22     16  2.2801187820077322e-04  9.7802226038611897e-05
    22     17  1.5813718382296880e-08 -6.0352954609212277e-08
    22     18  2.2123504417652991e-07 -8.3228665672086775e-07
    22     19  2.2760207207956793e-04  9.7603721612521182e-05
    22     20  3.0867001952555360e-07 -7.2777364107558216e-07
    22     21  1.5418248895365808e-05 -3.6369977265184890e-05
    22     22  0.0000000000000000e+00  0.0000000000000000e+00
    22     23  8.3550847058229863e-07  6.3830341794949429e-07
    22     24 -3.5013084861836862e-05 -2.5963993161894534e-05
    22     25  2.2727614340144398e-04  9.7453173427591329e-05
    22     26 -4.6662936219777749e-07  7.6809821088140382e-07
    22     27 -2.1495293573394195e-05  3.5399768678436425e-05
    23      1  1.2563008917874974e-06 -3.4522035455820417e-07
    23      2  5.5602918916197929e-05 -6.5795478215939268e-06
    23      3  2.0135790555620239e-03 -2.4483424290497725e-04
    23      4  1.2534595565971879e-06 -3.1656835582637725e-07
    23      5  5.7158313943683803e-06  5.6180522396563074e-05
    23      6  2.0546878754252568e-04  2.0195504347095884e-03
    23      7  1.2549419406066839e-06 -3.1690267716193344e-07
    23      8 -1.4000578849710809e-05 -5.6495044361899124e-05
    23      9 -4.9212535566684477e-04 -1.9853281909079897e-03
    23     10  1.2040553223404695e-06 -3.0404323898721299e-07
    23     11  2.2996408024783921e-05  5.6308994591415293e-05
    23     12  7.7441026353373521e-04  1.8962027624881330e-03
    23     13  1.1813993384193046e-06  1.8795437783731963e-07
    23     14 -5.7053121828999746e-05  3.0734350912525892e-05
    23     15  1.8048299565793608e-03 -9.3981410773576765e-04
    23     16  1.2535858936997955e-06 -3.1619338112162981e-07
    23     17  2.2213522869270849e-05  5.3623190386352650e-05
    23     18  8.0111660497159858e-04  1.9338820775880788e-03
    23     19  1.1859694144768535e-06 -2.9933960515960544e-07
    23     20 -1.5307600885493402e-05 -5.9651011968914367e-05
    23     21 -5.4044852932617362e-04 -2.1065433165894029e-03
    23     22  8.3550847058229736e-07 -6.3830341794949280e-07
    23     23  0.0000000000000000e+00  0.0000000000000000e+00
    23     24 -2.3039362957208544e-03  3.2341755892199061e-05
    23     25  1.1199226887046958e-06 -2.8275204603134612e-07
    23     26  7.0429302411266550e-06  6.5942897545182165e-05
    23     27  2.3825128981110044e-04  2.2308177479566271e-03
    24      1 -4.9905612600537549e-05  1.2953554805191368e-05
    24      2 -1.6781111159493163e-03  1.7472571485540412e-04
    24      3 -6.8817564850217158e-02  7.3889965258562848e-03
    24      4 -4.9782804040971510e-05  1.1821311881972135e-05
    24      5 -1.4885764596651879e-04 -1.6997166929292457e-03
    24      6 -6.0467938119551637e-03 -6.9045247009784275e-02
    24      7 -4.8865774380313149e-05  1.1601339164820806e-05
    24      8  4.0234981245185160e-04  1.7270369826950164e-03
    24      9  1.5870519104578963e-02  6.8104252788878147e-02
    24     10 -4.6643676277369595e-05  1.1072652837167380e-05
    24     11 -6.8491171606006309e-04 -1.7467275825184690e-03
    24     12 -2.5608073332748959e-02 -6.5307548713061395e-02
    24     13 -4.4846506217668719e-05 -7.7926379598843141e-06
    24     14  1.8048299569875556e-03 -9.3981410794893492e-04
    24     15 -6.2410649252295343e-02  3.1393015941870765e-02
    24     16 -4.9788900098327420e-05  1.1806621352740747e-05
    24     17 -6.4999576753341183e-04 -1.6335625853972754e-03
    24     18 -2.6438389130719678e-02 -6.6444520209109556e-02
    24     19 -4.8074758699666678e-05  1.1406933566393161e-05
    24     20  4.4262982396657015e-04  1.8312333306129524e-03
    24     21  1.7485006407701020e-02  7.2356978678353986e-02
    24     22 -3.5013084861836828e-05  2.5963993161894557e-05
    24     23 -2.3039362957208548e-03 -3.2341755892199068e-05
    24     24  0.0000000000000000e+00  0.0000000000000000e+00
    24     25 -4.5693737131432477e-05  1.0844527933497266e-05
    24     26 -1.8946532585047737e-04 -2.0454711956983521e-03
    24     27 -7.0971141532659709e-03 -7.6623227300243693e-02
    25      1  2.4968356841399469e-04 -5.2400720180003752e-06
    25      2 -3.5384622163142074e-08 -4.5950925251757404e-09
    25      3 -4.1099830380132070e-07 -5.1259024175330067e-08
    25      4  2.4931876279276878e-04 -4.3941561713872108e-08
    25      5  5.0703508212600764e-09 -3.6169028981728994e-08
    25      6  6.2925562443626892e-08 -4.3443700547949429e-07
    25      7  2.4792906211209203e-04 -2.2815330903195671e-08
    25      8 -3.6906117074782095e-09  9.5207807166266344e-07
    25      9 -1.7566552469457255e-07  4.3557533952051861e-05
    25     10  2.4616990186375964e-04 -1.2786867040989553e-08
    25     11 -1.5041699369808143e-07 -1.0603536212682831e-06
    25     12 -6.3977093662357988e-06 -4.5166122762202396e-05
    25     13  2.2535487360938206e-04  9.6615492904528088e-05
    25     14  1.2040539401606661e-06 -3.0404289037843126e-07
    25     15 -4.6643619822453285e-05  1.1072639436902608e-05
    25     16  2.4966622018821359e-04  3.1036967341958650e-08
    25     17 -5.4709967033937049e-09 -3.5684653563402512e-08
    25     18 -6.1427808933576531e-08 -4.1341785218587423e-07
    25     19  2.4869237556534500e-04  9.9611882481558392e-09
    25     20 -3.4280603735794728e-09 -8.7635385119863439e-07
    25     21 -1.7429430352350953e-07 -4.2655322344636847e-05
    25     22  2.2727614340144404e-04 -9.7453173427591329e-05
    25     23  1.1199226887046954e-06  2.8275204603134448e-07
    25     24 -4.5693737131432483e-05 -1.0844527933497274e-05
    25     25  0.0000000000000000e+00  0.0000000000000000e+00
    25     26 -1.3920523289366955e-07  9.8164811106398252e-07
    25     27 -6.2631779927360515e-06  4.4233515445242303e-05
    26      1 -1.8068268510024701e-07 -1.1074652008730629e-06
    26      2 -5.9532070453017716e-07 -5.2296555399964465e-05
    26      3 -2.6993514985413611e-05 -1.8490309621298710e-03
    26      4 -1.5642621308046851e-07 -1.1024560654936574e-06
    26      5  5.2863405759216921e-05  2.6477050940622779e-07
    26      6  1.8558405822711971e-03  9.2958113049691627e-06
    26      7 -1.5673241135116269e-07 -1.1048085863030343e-06
    26      8 -5.4046085609480385e-05  7.4248510897092264e-06
    26      9 -1.8572241016230479e-03  2.5525545160211581e-04
    26     10 -1.5041715843607679e-07 -1.0603547844715074e-06
    26     11  5.4812446392163505e-05 -1.5840142934166236e-05
    26     12  1.8082637066598097e-03 -5.2257364517253240e-04
    26     13  2.7004972201712416e-07 -9.9824168956548635e-07
    26     14  2.2996407895959791e-05  5.6308994275989094e-05
    26     15 -6.8491171189363970e-04 -1.7467275718953353e-03
    26     16 -1.5609390774791029e-07 -1.1025313284700226e-06
    26     17  5.1752150545583888e-05 -1.5236995074896152e-05
    26     18  1.8223495694320616e-03 -5.3654250550108477e-04
    26     19 -1.4749328742960954e-07 -1.0406072590513317e-06
    26     20 -5.6237716514571522e-05  8.2005309015242667e-06
    26     21 -1.9419987735872727e-03  2.8306541041787719e-04
    26     22 -4.6662936219777865e-07 -7.6809821088140329e-07
    26     23  7.0429302411266550e-06 -6.5942897545182165e-05
    26     24 -1.8946532585047737e-04  2.0454711956983521e-03
    26     25 -1.3920523289366955e-07 -9.8164811106398358e-07
    26     26  0.0000000000000000e+00  0.0000000000000000e+00
    26     27  2.0130180825231178e-03  6.4601128996233913e-09
    27      1 -7.8982476321681479e-06 -4.8451802785182799e-05
    27      2 -1.9120653435594536e-05 -1.6791616214212376e-03
    27      3 -1.0023004155134984e-03 -6.8641123105478291e-02
    27      4 -6.8356304251235745e-06 -4.8235717145332791e-05
    27      5  1.7028315410326320e-03  8.5226798515138716e-06
    27      6  6.8943822492481460e-02  3.4510977996784754e-04
    27      7 -6.7049374757932790e-06 -4.7326999779147160e-05
    27      8 -1.7577548216082977e-03  2.4148580372176931e-04
    27      9 -6.9102277207374455e-02  9.4975951997638332e-03
    27     10 -6.3977167833249711e-06 -4.5166175133631875e-05
    27     11  1.8082637069138192e-03 -5.2257364524684318e-04
    27     12  6.7417671000301840e-02 -1.9483401767623629e-02
    27     13  1.1315968219679030e-05 -4.1796301630742536e-05
    27     14  7.7441025908608061e-04  1.8962027515962577e-03
    27     15 -2.5608073171823349e-02 -6.5307548302657351e-02
    27     16 -6.8215436466851048e-06 -4.8241911590808435e-05
    27     17  1.6713898125897515e-03 -4.9210090004510993e-04
    27     18  6.7742223822383915e-02 -1.9945143860879914e-02
    27     19 -6.5889986362545322e-06 -4.6552772509290699e-05
    27     20 -1.8372857946805461e-03  2.6791846351369581e-04
    27     21 -7.2349864622343787e-02  1.0545943517226273e-02
    27     22 -2.1495293573394124e-05 -3.5399768678436398e-05
    27     23  2.3825128981110044e-04 -2.2308177479566271e-03
    27     24 -7.0971141532659709e-03  7.6623227300243693e-02
    27     25 -6.2631779927360033e-06 -4.4233515445242296e-05
    27     26  2.0130180825231178e-03 -6.4601128996094889e-09
    27     27  0.0000000000000000e+00  0.0000000000000000e+00
