# shape 27 27
# i j real imag
     1      1  3.7079426475868607e+00 -4.3887519421532925e-21
     1      2  6.7422467568761150e-11  1.4496505875766892e-11
     1      3  4.0251858465946812e-10 -2.0411204853246085e-09
     1      4  2.7106893454461440e-04  5.6411014120279704e-06
     1      5 -8.3090735849502662e-11 -8.6144326871628299e-11
     1      6  2.1721117381002699e-09  3.8102920637138858e-10
     1      7  2.6948811848909643e-04  5.6308834782466079e-06
     1      8 -6.8290371612464135e-09  2.7437023113556162e-07
     1      9 -1.9932488888577730e-07  7.8686924958747539e-06
     1     10  2.6718204056018258e-04  5.5934843062347555e-06
     1     11 -3.4936988473978508e-08 -2.8986841357683759e-07
     1     12 -9.7889862067832043e-07 -8.1578615394136542e-06
     1     13  2.4130628749487141e-04  1.0950383518857181e-04
     1     14  2.8567886890888993e-07 -6.5852287846101021e-08
     1     15 -8.0102481172416652e-06  1.7222200117125843e-06
     1     16  2.7106721996035543e-04  5.7225766583288816e-06
     1     17 -8.7786363309354035e-11  8.7356576246412617e-11
     1     18  2.1199961558369464e-09 -6.5626331835621944e-11
     1     19  2.6948737357995186e-04  5.6665453171050624e-06
     1     20  4.6808799613336570e-09 -2.7443097917461850e-07
     1     21  1.3082029015118937e-07 -7.8703164030378888e-06
     1     22  2.4563396489168617e-04 -9.9276324594757258e-05
     1     23  1.1908987254709566e-07  3.2875090361514897e-08
     1     24 -1.1081530861619071e-06 -2.8595266717184168e-07
     1     25  2.6718174478896890e-04  5.6072734477400260e-06
     1     26 -4.7068015985632819e-08  2.8815020774161314e-07
     1     27 -1.3203417493340501e-06  8.1097496640511729e-06
     2      1  6.7422467568219993e-11 -1.4496505875743362e-11
     2      2  1.7533040283706014e+00 -2.0904818241219887e-23
     2      3  1.6061015178308697e-03 -5.1631750071117766e-06
     2      4  6.9876289083395308e-11 -1.4323264655837832e-11
     2      5 -7.8968500972963458e-07  4.8172448263642899e-05
     2      6 -2.6610037017967221e-05  1.6232134532183705e-03
     2      7 -1.4270152140991893e-08  1.7996091696213585e-09
     2      8 -6.2227723083668498e-06 -4.9465579217628357e-05
     2      9 -2.0603774861775051e-04 -1.6370545858470982e-03
     2     10 -1.4459716297011116e-08  1.8148585875120155e-09
     2     11  1.3921078901324709e-05  5.0312086547874372e-05
     2     12  4.4404234871238505e-04  1.6047893984546466e-03
     2     13 -7.6831431359488502e-09 -2.1918489990474140e-09
     2     14 -5.1620115457633482e-05  2.0399035900280245e-05
     2     15  1.5575794091298950e-03 -5.9037881954739524e-04
     2     16  6.0811866338968959e-11 -1.2800122214746819e-11
     2     17  1.3080484893908859e-05  4.6369273634743224e-05
     2     18  4.4075973082710346e-04  1.5624535674319973e-03
     2     19  1.4390033846626584e-08 -1.9259582179754607e-09
     2     20 -6.6317601079862496e-06 -4.9412408515358443e-05
     2     21 -2.1938424441310335e-04 -1.6353196401490354e-03
     2     22 -1.0375850404014903e-09  5.9081821417007598e-10
     2     23  5.5105391789493753e-05  6.5206624112821494e-06
     2     24 -1.6564739539550594e-03 -1.7247246733095620e-04
     2     25  1.4582712266118300e-08 -1.9608775704363656e-09
     2     26 -5.9421120054890184e-07  5.2199129355153453e-05
     2     27 -1.8958792634360976e-05  1.6649815949993955e-03
     3      1  4.0251858464440971e-10  2.0411204853057856e-09
     3      2  1.6061015178308697e-03  5.1631750071118249e-06
     3      3  4.6017261359961772e+00  4.7866356245710836e-19
     3      4  1.6370352908042786e-10  2.6648452173091064e-09
     3      5 -3.2170105776737181e-05  1.6406255394577694e-03
     3      6 -1.3270631843156785e-03  6.7675749398021540e-02
     3      7 -1.2192289273338135e-07  1.5383630517927056e-08
     3      8 -2.0910361992650312e-04 -1.7064744981469418e-03
     3      9 -8.3883136724449033e-03 -6.8423246137598370e-02
     3     10 -1.3161931853498683e-07  1.6544294211785332e-08
     3     11  4.8324835232264640e-04  1.7686040097446021e-03
     3     12  1.8382676030688806e-02  6.7276571531138529e-02
     3     13 -2.1009046003571671e-08 -5.2400976307573890e-09
     3     14 -1.8639809607739249e-03  7.2968148245907566e-04
     3     15  6.5546239407242385e-02 -2.4603685951321549e-02
     3     16  4.3265949322316575e-10  2.6310284246164865e-09
     3     17  4.4043300324888830e-04  1.5807296368372449e-03
     3     18  1.8167891122683466e-02  6.5205030503365222e-02
     3     19  1.2186099614111439e-07 -1.5515993062868849e-08
     3     20 -2.2321447386212557e-04 -1.7046858853035738e-03
     3     21 -8.9461541323368251e-03 -6.8352548322318352e-02
     3     22  4.0374322675102149e-07 -2.3632542260246559e-07
     3     23  1.9867808745607776e-03  2.4157583010292919e-04
     3     24 -6.9600464603206250e-02 -7.4730571296904372e-03
     3     25  1.3151075983621935e-07 -1.6804197435554697e-08
     3     26 -2.6763543229792754e-05  1.8332410293379372e-03
     3     27 -1.0182788517782274e-03  6.9735378955398192e-02
     4      1  2.7106893454461445e-04 -5.6411014120279780e-06
     4      2  6.9876289082796804e-11  1.4323264655602544e-11
     4      3  1.6370352908908642e-10 -2.6648452172842599e-09
     4      4  3.7620700157251257e+00  1.1386064051837804e-21
     4      5 -8.5837164900309804e-11 -8.1374984084961925e-11
     4      6  2.8285335115747588e-09  2.2633949855286146e-10
     4      7  2.6912807904177398e-04  2.2645864253416944e-08
     4      8 -1.1183526219123397e-09  2.7417705304758434e-07
     4      9 -3.6196738203819883e-08  7.8563393042524725e-06
     4     10  2.6699459294650017e-04  3.3243699687174672e-08
     4     11 -4.0916276924070424e-08 -2.8878140276210124e-07
     4     12 -1.1456197948186517e-06 -8.1211811729251922e-06
     4     13  2.4354874935105723e-04  1.0446652948419256e-04
     4     14  2.8386217213833816e-07 -7.1686022754360500e-08
     4     15 -7.9581213838811746e-06  1.8843097924562696e-06
     4     16  2.7048697409692884e-04  8.1303952769836451e-08
     4     17 -8.4834472448040649e-11  9.3154820985842371e-11
     4     18  2.7333923002660214e-09 -4.5102556293389601e-10
     4     19  2.6889549195064429e-04  5.8211197775596952e-08
     4     20 -1.0327575703776094e-09 -2.7421387179541251e-07
     4     21 -3.3665860196822485e-08 -7.8533858400144397e-06
     4     22  2.4294877257561415e-04 -1.0412269969611213e-04
     4     23  1.2101243494077433e-07  3.0691626219068906e-08
     4     24 -1.1546064717621679e-06 -2.7154509153195077e-07
     4     25  2.6660171419191355e-04  4.6960495435381990e-08
     4     26 -4.1009051403111516e-08  2.8875381743136356e-07
     4     27 -1.1476911279295040e-06  8.1160342776240926e-06
     5      1 -8.3090735850773211e-11  8.6144326871769475e-11
     5      2 -7.8968500972963437e-07 -4.8172448263642899e-05
     5      3 -3.2170105776737201e-05 -1.6406255394577694e-03
     5      4 -8.5837164901533295e-11  8.1374984085464851e-11
     5      5  2.0007630732860591e+00  1.1952549656682955e-22
     5      6  1.6672829421079717e-03  1.1749051522864620e-09
     5      7  1.9295319603334730e-09  1.4199930329494441e-08
     5      8 -5.0604113862416517e-05  7.2104103469723706e-06
     5      9 -1.6857997847621257e-03  2.4030332877431339e-04
     5     10  1.9236226745294865e-09  1.4248678145226046e-08
     5     11  5.1567200029517258e-05 -1.5182555294468562e-05
     5     12  1.6557246259705689e-03 -4.8748883581229102e-04
     5     13 -2.0764484100731810e-09  7.3411736138043095e-09
     5     14  2.1978164310304978e-05  5.3055033671437050e-05
     5     15 -6.4105438645124498e-04 -1.6110907326517925e-03
     5     16 -8.4842129132345960e-11  9.3164059498303335e-11
     5     17  4.6762746901557242e-05 -1.4022899846574755e-05
     5     18  1.5825773313186339e-03 -4.7457371960080418e-04
     5     19 -2.2708391153958393e-09 -1.4426633168047523e-08
     5     20 -4.9860445561193965e-05  7.5258022900315940e-06
     5     21 -1.6563131220417608e-03  2.4990160672648472e-04
     5     22  7.3694952261394691e-11  3.5432824640605783e-10
     5     23  5.6595415785691626e-06 -5.5627259976060720e-05
     5     24 -1.4678357256300262e-04  1.6760350214597328e-03
     5     25 -2.3144838574266704e-09 -1.4642593907353127e-08
     5     26  5.2704618304868001e-05 -2.6396479933153768e-07
     5     27  1.6864249238644599e-03 -8.4406476031043791e-06
     6      1  2.1721117380897291e-09 -3.8102920635745958e-10
     6      2 -2.6610037017967269e-05 -1.6232134532183705e-03
     6      3 -1.3270631843156782e-03 -6.7675749398021540e-02
     6      4  2.8285335115491596e-09 -2.2633949855248499e-10
     6      5  1.6672829421079717e-03 -1.1749051522382752e-09
     6      6  4.8710232117146726e+00 -7.1841348761927454e-19
     6      7  1.7366100170850523e-08  1.1843682747721394e-07
     6      8 -1.7380363037426516e-03  2.4764738894347295e-04
     6      9 -6.9796883929207465e-02  9.9492887113120220e-03
     6     10  1.7970700574366129e-08  1.2286954465420386e-07
     6     11  1.8042870111108344e-03 -5.3122508463651619e-04
     6     12  6.8739365675862835e-02 -2.0238729501201307e-02
     6     13 -4.2681636510264366e-09  1.9421819327283186e-08
     6     14  7.8944499120307387e-04  1.9057070044652879e-03
     6     15 -2.6710936984262801e-02 -6.7129482723867248e-02
     6     16  2.7302958641291025e-09 -4.5041958456611921e-10
     6     17  1.5825774137506342e-03 -4.7457374465942798e-04
     6     18  6.5338253911604388e-02 -1.9593288362329375e-02
     6     19 -1.8628508137785026e-08 -1.2640984923262882e-07
     6     20 -1.7072741264214514e-03  2.5769317876389282e-04
     6     21 -6.8507833756500686e-02  1.0336386239461318e-02
     6     22 -2.5188869190474080e-07 -4.1183433827744322e-07
     6     23  2.0239202493256152e-04 -1.9893086721108843e-03
     6     24 -6.1048220350280362e-03  6.9707841516746291e-02
     6     25 -2.0361106673130016e-08 -1.3813133948151625e-07
     6     26  1.8367115854795255e-03 -9.1994511205069589e-06
     6     27  6.9914057754134520e-02 -3.4996640806524127e-04
     7      1  2.6948811848909643e-04 -5.6308834782466163e-06
     7      2 -1.4270152140991860e-08 -1.7996091696212408e-09
     7      3 -1.2192289273336552e-07 -1.5383630517944373e-08
     7      4  2.6912807904177404e-04 -2.2645864253418450e-08
     7      5  1.9295319603343672e-09 -1.4199930329494131e-08
     7      6  1.7366100170855794e-08 -1.1843682747719737e-07
     7      7  3.5629615270554784e+00 -5.0911998115778245e-21
     7      8 -1.0843949051280780e-09  2.8729865082682296e-07
     7      9 -3.2643374959044071e-08  7.9048964605629963e-06
     7     10  2.6613200464938784e-04  1.0727233365112075e-08
     7     11 -4.2864481778162118e-08 -3.0184195006217602e-07
     7     12 -1.1562915340954264e-06 -8.1679812312022357e-06
     7     13  2.4329006569035657e-04  1.0433129541896407e-04
     7     14  2.9710040988348557e-07 -7.5144721163551311e-08
     7     15 -8.0129927756604086e-06  1.9016506781981250e-06
     7     16  2.6889547945495150e-04  5.8207357140182951e-08
     7     17 -2.2708483675181346e-09 -1.4427146126818009e-08
     7     18 -1.8617503849125739e-08 -1.2638090444855495e-07
     7     19  2.6738345600284827e-04  3.5387094064714007e-08
     7     20 -9.2513875948073906e-10 -2.5811125245087359e-07
     7     21 -3.0511285197665153e-08 -7.6470757834436411e-06
     7     22  2.4197678376613988e-04 -1.0373023728629978e-04
     7     23  1.0817279014648068e-07  2.7523784133454831e-08
     7     24 -1.1040037997691970e-06 -2.6246466518182766e-07
     7     25  2.6527009989081129e-04  2.4401680081564680e-08
     7     26 -3.8689378353539407e-08  2.7204126296258938e-07
     7     27 -1.1191980801633448e-06  7.8982240492520460e-06
     8      1 -6.8290371612463664e-09 -2.7437023113556210e-07
     8      2 -6.2227723083668498e-06  4.9465579217628357e-05
     8      3 -2.0910361992650312e-04  1.7064744981469420e-03
     8      4 -1.1183526219128339e-09 -2.7417705304758418e-07
     8      5 -5.0604113862416517e-05 -7.2104103469723706e-06
     8      6 -1.7380363037426516e-03 -2.4764738894347295e-04
     8      7 -1.0843949051275604e-09 -2.8729865082682333e-07
     8      8  1.5334034760791948e+00  1.4036926163200832e-22
     8      9  1.8038691479747900e-03 -1.0525179442527717e-07
     8     10 -1.0542730435159442e-09 -2.8590911126972753e-07
     8     11 -5.5957487431267915e-05  8.1596698794160174e-06
     8     12 -1.8194810295299943e-03  2.6532185722879771e-04
     8     13  1.0962423228993212e-07 -2.5837370807128662e-07
     8     14 -1.5123921454562223e-05 -5.8935296740525622e-05
     8     15  4.3646960319092829e-04  1.8057485492734213e-03
     8     16 -1.0327618354646316e-09 -2.7420123052448023e-07
     8     17 -4.9860448716943336e-05  7.5258026024582329e-06
     8     18 -1.7072744042064970e-03  2.5769323131860346e-04
     8     19 -9.2507201587434570e-10 -2.5809951032398982e-07
     8     20  5.2042681343572146e-05 -4.3052694121958540e-07
     8     21  1.7478224394397546e-03 -1.4358839762040385e-05
     8     22 -1.0796504372447285e-07 -2.4920612522041197e-07
     8     23 -1.3855091524662065e-05  5.5907917442847501e-05
     8     24  3.9662471408853563e-04 -1.7024608561851790e-03
     8     25 -9.1537126634598495e-10 -2.5673111024405846e-07
     8     26 -5.3849136413928194e-05 -7.3978189009823881e-06
     8     27 -1.7403119023776824e-03 -2.3908987065095728e-04
     9      1 -1.9932488888576452e-07 -7.8686924958747573e-06
     9      2 -2.0603774861775048e-04  1.6370545858470982e-03
     9      3 -8.3883136724449033e-03  6.8423246137598370e-02
     9      4 -3.6196738203838703e-08 -7.8563393042524759e-06
     9      5 -1.6857997847621257e-03 -2.4030332877431328e-04
     9      6 -6.9796883929207465e-02 -9.9492887113120220e-03
     9      7 -3.2643374959043317e-08 -7.9048964605630116e-06
     9      8  1.8038691479747900e-03  1.0525179442527717e-07
     9      9  4.3861617868820701e+00 -3.8684871073541884e-19
     9     10 -3.1956198200923132e-08 -7.8011781818179250e-06
     9     11 -1.9234189407196928e-03  2.8035779559230261e-04
     9     12 -7.3452623530735534e-02  1.0706685134029467e-02
     9     13  2.9956989834946581e-06 -7.0685905126253914e-06
     9     14 -5.3286493502186698e-04 -2.0769844437285240e-03
     9     15  1.7678467365249195e-02  7.3157564611938619e-02
     9     16 -3.3663106383534814e-08 -7.8533138323533246e-06
     9     17 -1.6563132113648184e-03  2.4990162154439437e-04
     9     18 -6.8507833765645260e-02  1.0336386242741481e-02
     9     19 -3.0504165305533065e-08 -7.6469749023788817e-06
     9     20  1.7478221386441322e-03 -1.4358826604042956e-05
     9     21  7.0254581646569295e-02 -5.7307647041238065e-04
     9     22 -2.8358413903039824e-06 -6.5377617302560269e-06
     9     23 -4.8492440077074815e-04  1.9562777877759475e-03
     9     24  1.6028545755932724e-02 -6.8782383135160871e-02
     9     25 -3.0364439369005123e-08 -7.5299262681826005e-06
     9     26 -1.8387656481137315e-03 -2.5271916157088242e-04
     9     27 -7.0102258384823438e-02 -9.6350353197330041e-03
    10      1  2.6718204056018252e-04 -5.5934843062347530e-06
    10      2 -1.4459716297011472e-08 -1.8148585875117801e-09
    10      3 -1.3161931853499061e-07 -1.6544294211792863e-08
    10      4  2.6699459294650017e-04 -3.3243699687176174e-08
    10      5  1.9236226745309688e-09 -1.4248678145225864e-08
    10      6  1.7970700574358599e-08 -1.2286954465420688e-07
    10      7  2.6613200464938784e-04 -1.0727233365115088e-08
    10      8 -1.0542730435167208e-09  2.8590911126972721e-07
    10      9 -3.1956198200895273e-08  7.8011781818179267e-06
    10     10  4.1590719733706374e+00 -8.9053636532078694e-23
    10     11 -4.2622334294044103e-08 -3.0000455526079318e-07
    10     12 -1.1405133176198397e-06 -8.0552067020007661e-06
    10     13  2.4311408336319409e-04  1.0424423321951933e-04
    10     14  2.9466813380141840e-07 -7.4549498314186286e-08
    10     15 -7.9008999086154966e-06  1.8751517430503680e-06
    10     16  2.6660170645662073e-04  4.6956758019494421e-08
    10     17 -2.3144425043150618e-09 -1.4642617335388518e-08
    10     18 -2.0357724798138848e-08 -1.3813244210433879e-07
    10     19  2.6527010488370232e-04  2.4401523095629576e-08
    10     20 -9.1540684989234376e-10 -2.5674254021969510e-07
    10     21 -3.0368040875371603e-08 -7.5299919667482568e-06
    10     22  2.4090608591224166e-04 -1.0328273712706333e-04
    10     23  1.1478933695471999e-07  2.9207418500578352e-08
    10     24 -1.2828290022826295e-06 -3.0492860838554737e-07
    10     25  2.6352653806373911e-04  1.3613668006251818e-08
    10     26 -3.8485883993610441e-08  2.7057705531237568e-07
    10     27 -1.1018051659537174e-06  7.7777763159136631e-06
    11      1 -3.4936988473978905e-08  2.8986841357683738e-07
    11      2  1.3921078901324709e-05 -5.0312086547874372e-05
    11      3  4.8324835232264640e-04 -1.7686040097446025e-03
    11      4 -4.0916276924071271e-08  2.8878140276210013e-07
    11      5  5.1567200029517258e-05  1.5182555294468562e-05
    11      6  1.8042870111108344e-03  5.3122508463651619e-04
    11      7 -4.2864481778162965e-08  3.0184195006217575e-07
    11      8 -5.5957487431267908e-05 -8.1596698794160174e-06
    11      9 -1.9234189407196928e-03 -2.8035779559230255e-04
    11     10 -4.2622334294044248e-08  3.0000455526079249e-07
    11     11  2.8448492966720744e+00  3.7312259174111800e-23
    11     12  1.9926535850219723e-03 -5.7950515865542692e-09
    11     13 -1.5431259141205679e-07  2.5391824759093114e-07
    11     14  6.9446351887938788e-06  6.5022722826300295e-05
    11     15 -1.8681694123410492e-04 -2.0168858832841775e-03
    11     16 -4.1008851045110105e-08  2.8875318637648275e-07
    11     17  5.2704620554957303e-05 -2.6396497304459886e-07
    11     18  1.8367116514273060e-03 -9.1994328463415257e-06
    11     19 -3.8689320869500330e-08  2.7204103347805368e-07
    11     20 -5.3849134212965834e-05 -7.3978183312359353e-06
    11     21 -1.8387657141155384e-03 -2.5271919090242081e-04
    11     22  7.4408124169267742e-08  2.7529732766096678e-07
    11     23  2.2706597817731745e-05 -5.5599320633646872e-05
    11     24 -6.7418803716368038e-04  1.7193771654991910e-03
    11     25 -3.8485752634397897e-08  2.7057652900696037e-07
    11     26  5.4494644895892042e-05  1.5748330090160479e-05
    11     27  1.7881871977751030e-03  5.1677238157663116e-04
    12      1 -9.7889862067830772e-07  8.1578615394136627e-06
    12      2  4.4404234871238505e-04 -1.6047893984546466e-03
    12      3  1.8382676030688806e-02 -6.7276571531138529e-02
    12      4 -1.1456197948186405e-06  8.1211811729252075e-06
    12      5  1.6557246259705689e-03  4.8748883581229124e-04
    12      6  6.8739365675862835e-02  2.0238729501201307e-02
    12      7 -1.1562915340954105e-06  8.1679812312022645e-06
    12      8 -1.8194810295299943e-03 -2.6532185722879771e-04
    12      9 -7.3452623530735534e-02 -1.0706685134029465e-02
    12     10 -1.1405133176198094e-06  8.0552067020007661e-06
    12     11  1.9926535850219723e-03  5.7950515865301759e-09
    12     12  5.6295441640163615e+00  8.4768321560379991e-20
    12     13 -4.1566849631656840e-06  6.8469198816937776e-06
    12     14  2.3486608939043437e-04  2.1991216238312432e-03
    12     15 -7.1758768102870019e-03 -7.7473580010173571e-02
    12     16 -1.1476777936059814e-06  8.1159510612600579e-06
    12     17  1.6864250193847541e-03 -8.4406518763024465e-06
    12     18  6.9914057803226806e-02 -3.4996645756460752e-04
    12     19 -1.1191850958534738e-06  7.8981114394064508e-06
    12     20 -1.7403115930387659e-03 -2.3908983721247320e-04
    12     21 -7.0102258428243330e-02 -9.6350352778925060e-03
    12     22  1.9418678850309111e-06  7.1686050779809370e-06
    12     23  7.6198465269504379e-04 -1.8657774469080426e-03
    12     24 -2.5823488748283677e-02  6.5856916293220505e-02
    12     25 -1.1017941529028426e-06  7.7777000732410823e-06
    12     26  1.7881871367838038e-03  5.1677233997201775e-04
    12     27  6.8307242006875615e-02  1.9740483908942476e-02
    13      1  2.4130628749487141e-04 -1.0950383518857184e-04
    13      2 -7.6831431359490272e-09  2.1918489990476960e-09
    13      3 -2.1009046003570258e-08  5.2400976307604008e-09
    13      4  2.4354874935105723e-04 -1.0446652948419256e-04
    13      5 -2.0764484100721222e-09 -7.3411736138044029e-09
    13      6 -4.2681636510189076e-09 -1.9421819327288738e-08
    13      7  2.4329006569035657e-04 -1.0433129541896407e-04
    13      8  1.0962423228993231e-07  2.5837370807128688e-07
    13      9  2.9956989834946954e-06  7.0685905126253982e-06
    13     10  2.4311408336319409e-04 -1.0424423321951934e-04
    13     11 -1.5431259141205761e-07 -2.5391824759093135e-07
    13     12 -4.1566849631656933e-06 -6.8469198816937759e-06
    13     13  4.4172192471213103e+00  1.8780248127319700e-21
    13     14  2.3577024674948045e-07 -1.8028106419279541e-07
    13     15 -6.4309892243634252e-06  4.7681552922754919e-06
    13     16  2.4299689292144399e-04 -1.0414331767924354e-04
    13     17 -4.3763515531754423e-09 -6.8932534138579411e-09
    13     18 -7.8357343927214884e-09 -1.4470641937576778e-08
    13     19  2.4202374367106509e-04 -1.0375035937618636e-04
    13     20 -1.0550509614613531e-07 -2.4353180167745444e-07
    13     21 -3.0391981619771500e-06 -7.0066940947118119e-06
    13     22  1.8041401369733355e-04 -1.8955344984764188e-04
    13     23  1.3704948270501152e-07 -2.1639632053759324e-08
    13     24 -1.8369628953448895e-06  3.2043527163575882e-07
    13     25  2.4095104004467986e-04 -1.0330200147370360e-04
    13     26  7.3620236787165892e-08  2.7238451451178379e-07
    13     27  2.0850160453996996e-06  7.6972762842333058e-06
    14      1  2.8567886890889105e-07  6.5852287846101299e-08
    14      2 -5.1620115457633475e-05 -2.0399035900280245e-05
    14      3 -1.8639809607739249e-03 -7.2968148245907566e-04
    14      4  2.8386217213833831e-07  7.1686022754360142e-08
    14      5  2.1978164310304978e-05 -5.3055033671437050e-05
    14      6  7.8944499120307376e-04 -1.9057070044652879e-03
    14      7  2.9710040988348579e-07  7.5144721163550808e-08
    14      8 -1.5123921454562223e-05  5.8935296740525622e-05
    14      9 -5.3286493502186687e-04  2.0769844437285240e-03
    14     10  2.9466813380141878e-07  7.4549498314185902e-08
    14     11  6.9446351887938788e-06 -6.5022722826300295e-05
    14     12  2.3486608939043437e-04 -2.1991216238312432e-03
    14     13  2.3577024674948092e-07  1.8028106419279462e-07
    14     14  3.2237996856825388e+00 -1.7566319508704782e-22
    14     15 -2.2633674015428967e-03 -3.1772213894420988e-05
    14     16  2.8392956441353783e-07  7.1804307411680261e-08
    14     17  5.6610353549550989e-06 -5.5641946900567387e-05
    14     18  2.0242212935104025e-04 -1.9896047852422378e-03
    14     19  2.6641102971559963e-07  6.7441764687886025e-08
    14     20 -1.3858541781534088e-05  5.5921841255341690e-05
    14     21 -4.8498905551672399e-04  1.9565387100319393e-03
    14     22  2.7625165495382582e-07 -4.3819502387621909e-08
    14     23 -5.5954610439928769e-05 -3.0142591018152892e-05
    14     24  1.7671916754665512e-03  9.2021513751228785e-04
    14     25  2.6503051749160575e-07  6.7101308717277471e-08
    14     26  2.2712117001925247e-05 -5.5612836482992629e-05
    14     27  7.6208552043903509e-04 -1.8660244837175224e-03
    15      1 -8.0102481172416940e-06 -1.7222200117125873e-06
    15      2  1.5575794091298950e-03  5.9037881954739524e-04
    15      3  6.5546239407242385e-02  2.4603685951321556e-02
    15      4 -7.9581213838811881e-06 -1.8843097924562599e-06
    15      5 -6.4105438645124498e-04  1.6110907326517925e-03
    15      6 -2.6710936984262801e-02  6.7129482723867248e-02
    15      7 -8.0129927756604408e-06 -1.9016506781981227e-06
    15      8  4.3646960319092840e-04 -1.8057485492734213e-03
    15      9  1.7678467365249195e-02 -7.3157564611938619e-02
    15     10 -7.9008999086155135e-06 -1.8751517430503792e-06
    15     11 -1.8681694123410495e-04  2.0168858832841779e-03
    15     12 -7.1758768102870001e-03  7.7473580010173571e-02
    15     13 -6.4309892243634532e-06 -4.7681552922754707e-06
    15     14 -2.2633674015428967e-03  3.1772213894421015e-05
    15     15  5.9713251022205647e+00  7.0972267188127338e-20
    15     16 -7.9542966937346325e-06 -1.8864293362675872e-06
    15     17 -1.4680855464796599e-04  1.6763204288244356e-03
    15     18 -6.1058011457348904e-03  6.9719021723400304e-02
    15     19 -7.7281884063426101e-06 -1.8350903149788472e-06
    15     20  3.9668633752101200e-04 -1.7027253156548835e-03
    15     21  1.6030861263167325e-02 -6.8792319622290696e-02
    15     22 -7.2540221804088026e-06  1.2615826027110404e-06
    15     23  1.7672326702578181e-03  9.2023650526840215e-04
    15     24 -6.2619772357889597e-02 -3.1498206521803476e-02
    15     25 -7.6106842421044265e-06 -1.8069299771524674e-06
    15     26 -6.7429265088122939e-04  1.7196440538265155e-03
    15     27 -2.5827214133394675e-02  6.5866416960694257e-02
    16      1  2.7106721996035543e-04 -5.7225766583288875e-06
    16      2  6.0811866338879262e-11  1.2800122214111544e-11
    16      3  4.3265949322391869e-10 -2.6310284246405802e-09
    16      4  2.7048697409692884e-04 -8.1303952769832322e-08
    16      5 -8.4842129131098946e-11 -9.3164059497887173e-11
    16      6  2.7302958641644897e-09  4.5041958456762504e-10
    16      7  2.6889547945495144e-04 -5.8207357140187094e-08
    16      8 -1.0327618354647490e-09  2.7420123052447959e-07
    16      9 -3.3663106383518998e-08  7.8533138323533314e-06
    16     10  2.6660170645662073e-04 -4.6956758019492912e-08
    16     11 -4.1008851045110383e-08 -2.8875318637648344e-07
    16     12 -1.1476777936059778e-06 -8.1159510612600545e-06
    16     13  2.4299689292144399e-04  1.0414331767924354e-04
    16     14  2.8392956441353814e-07 -7.1804307411680830e-08
    16     15 -7.9542966937346122e-06  1.8864293362676128e-06
    16     16  3.7620700157166542e+00  7.9987501893230290e-22
    16     17 -8.5818215193327985e-11  8.1364063902480703e-11
    16     18  2.8322466863273015e-09 -2.2703760835794492e-10
    16     19  2.6912808317357105e-04 -2.2642031774784159e-08
    16     20 -1.1183638088294107e-09 -2.7418968357054420e-07
    16     21 -3.6200135321279994e-08 -7.8564105375571091e-06
    16     22  2.4350051647564763e-04 -1.0444584635313515e-04
    16     23  1.2093165154049254e-07  3.0621620032149558e-08
    16     24 -1.1581373771939205e-06 -2.7149997419176416e-07
    16     25  2.6699459234492349e-04 -3.3239964256142797e-08
    16     26 -4.0916460956527416e-08  2.8878201185746544e-07
    16     27 -1.1456323676277870e-06  8.1212636835994852e-06
    17      1 -8.7786363310765761e-11 -8.7356576246197912e-11
    17      2  1.3080484893908861e-05 -4.6369273634743224e-05
    17      3  4.4043300324888830e-04 -1.5807296368372449e-03
    17      4 -8.4834472448628865e-11 -9.3154820985798259e-11
    17      5  4.6762746901557242e-05  1.4022899846574755e-05
    17      6  1.5825774137506342e-03  4.7457374465942798e-04
    17      7 -2.2708483675195933e-09  1.4427146126818750e-08
    17      8 -4.9860448716943336e-05 -7.5258026024582329e-06
    17      9 -1.6563132113648186e-03 -2.4990162154439431e-04
    17     10 -2.3144425043169209e-09  1.4642617335388212e-08
    17     11  5.2704620554957303e-05  2.6396497304459870e-07
    17     12  1.6864250193847541e-03  8.4406518763024465e-06
    17     13 -4.3763515531762894e-09  6.8932534138565762e-09
    17     14  5.6610353549550989e-06  5.5641946900567387e-05
    17     15 -1.4680855464796599e-04 -1.6763204288244356e-03
    17     16 -8.5818215194998528e-11 -8.1364063902701288e-11
    17     17  2.0007630732896660e+00 -1.0712967606529834e-22
    17     18  1.6672830697238641e-03 -1.1744776168199416e-09
    17     19  1.9294228446362476e-09 -1.4199441895641794e-08
    17     20 -5.0604114657139216e-05 -7.2104103038797659e-06
    17     21 -1.6857999173176537e-03 -2.4030334922353204e-04
    17     22  1.3636685939553385e-10  1.0008354287146777e-09
    17     23  2.1972506339492865e-05 -5.3041374167003834e-05
    17     24 -6.4094811805161689e-04  1.6108236217955098e-03
    17     25  1.9236038391974574e-09 -1.4248665060534305e-08
    17     26  5.1567202137297653e-05  1.5182556091822958e-05
    17     27  1.6557247567725176e-03  4.8748887862563178e-04
    18      1  2.1199961558640514e-09  6.5626331843339346e-11
    18      2  4.4075973082710346e-04 -1.5624535674319978e-03
    18      3  1.8167891122683466e-02 -6.5205030503365222e-02
    18      4  2.7333923002758094e-09  4.5102556294161340e-10
    18      5  1.5825773313186339e-03  4.7457371960080413e-04
    18      6  6.5338253911604388e-02  1.9593288362329375e-02
    18      7 -1.8617503849157361e-08  1.2638090444857469e-07
    18      8 -1.7072744042064968e-03 -2.5769323131860351e-04
    18      9 -6.8507833765645260e-02 -1.0336386242741481e-02
    18     10 -2.0357724798147130e-08  1.3813244210432958e-07
    18     11  1.8367116514273060e-03  9.1994328463415511e-06
    18     12  6.9914057803226806e-02  3.4996645756460779e-04
    18     13 -7.8357343927169704e-09  1.4470641937582237e-08
    18     14  2.0242212935104025e-04  1.9896047852422378e-03
    18     15 -6.1058011457348904e-03 -6.9719021723400290e-02
    18     16  2.8322466863054668e-09  2.2703760837168569e-10
    18     17  1.6672830697238641e-03  1.1744776168199416e-09
    18     18  4.8710232134873062e+00 -1.9345363296172051e-19
    18     19  1.7370626954861367e-08 -1.1846712637583943e-07
    18     20 -1.7380360625509812e-03 -2.4764736525374347e-04
    18     21 -6.9796885685622145e-02 -9.9492889644310061e-03
    18     22 -1.2253551674144798e-07 -4.6502850015830944e-07
    18     23  7.8933109609691840e-04 -1.9054320061735618e-03
    18     24 -2.6706777163645747e-02  6.7119028272417863e-02
    18     25  1.7973633149351716e-08 -1.2286850576165670e-07
    18     26  1.8042869963652720e-03  5.3122506078047090e-04
    18     27  6.8739367346739189e-02  2.0238730045598952e-02
    19      1  2.6948737357995186e-04 -5.6665453171050692e-06
    19      2  1.4390033846626516e-08  1.9259582179755079e-09
    19      3  1.2186099614111552e-07  1.5515993062878636e-08
    19      4  2.6889549195064434e-04 -5.8211197775593564e-08
    19      5 -2.2708391153946630e-09  1.4426633168047927e-08
    19      6 -1.8628508137793685e-08  1.2640984923262581e-07
    19      7  2.6738345600284833e-04 -3.5387094064716065e-08
    19      8 -9.2507201587352214e-10  2.5809951032398977e-07
    19      9 -3.0504165305529300e-08  7.6469749023788817e-06
    19     10  2.6527010488370232e-04 -2.4401523095624682e-08
    19     11 -3.8689320869499602e-08 -2.7204103347805463e-07
    19     12 -1.1191850958535145e-06 -7.8981114394064406e-06
    19     13  2.4202374367106509e-04  1.0375035937618636e-04
    19     14  2.6641102971559952e-07 -6.7441764687885998e-08
    19     15 -7.7281884063425999e-06  1.8350903149788631e-06
    19     16  2.6912808317357110e-04  2.2642031774788675e-08
    19     17  1.9294228446382002e-09  1.4199441895642430e-08
    19     18  1.7370626954847814e-08  1.1846712637583416e-07
    19     19  3.5629615270724315e+00  3.2461981765422410e-21
    19     20 -1.0843511120912899e-09 -2.8731045888044323e-07
    19     21 -3.2643721335158799e-08 -7.9049992220130905e-06
    19     22  2.4324287920031814e-04 -1.0431106883392743e-04
    19     23  1.3886327299903973e-07  3.5249508016486203e-08
    19     24 -1.3888975804271770e-06 -3.2998070798469864e-07
    19     25  2.6613201689132816e-04 -1.0727059862614998e-08
    19     26 -4.2864673689885603e-08  3.0184223719223124e-07
    19     27 -1.1563117758124987e-06  8.1680957355382192e-06
    20      1  4.6808799613339391e-09  2.7443097917461813e-07
    20      2 -6.6317601079862487e-06  4.9412408515358443e-05
    20      3 -2.2321447386212563e-04  1.7046858853035738e-03
    20      4 -1.0327575703780329e-09  2.7421387179541320e-07
    20      5 -4.9860445561193959e-05 -7.5258022900315923e-06
    20      6 -1.7072741264214514e-03 -2.5769317876389277e-04
    20      7 -9.2513875948071548e-10  2.5811125245087369e-07
    20      8  5.2042681343572146e-05  4.3052694121958519e-07
    20      9  1.7478221386441322e-03  1.4358826604042932e-05
    20     10 -9.1540684989192024e-10  2.5674254021969595e-07
    20     11 -5.3849134212965834e-05  7.3978183312359353e-06
    20     12 -1.7403115930387659e-03  2.3908983721247320e-04
    20     13 -1.0550509614613618e-07  2.4353180167745481e-07
    20     14 -1.3858541781534092e-05 -5.5921841255341690e-05
    20     15  3.9668633752101200e-04  1.7027253156548835e-03
    20     16 -1.1183638088295989e-09  2.7418968357054462e-07
    20     17 -5.0604114657139216e-05  7.2104103038797659e-06
    20     18 -1.7380360625509812e-03  2.4764736525374347e-04
    20     19 -1.0843511120909135e-09  2.8731045888044233e-07
    20     20  1.5334034760756976e+00 -1.8876771091926068e-22
    20     21  1.8038688907810053e-03  1.0524095791327501e-07
    20     22  1.0689367397463018e-07  2.5192969300316590e-07
    20     23 -1.5120104274122378e-05  5.8920420462073956e-05
    20     24  4.3639599802185305e-04 -1.8054440794527855e-03
    20     25 -1.0542462142796296e-09  2.8592057837667051e-07
    20     26 -5.5957484828262674e-05 -8.1596697517082145e-06
    20     27 -1.8194807612062121e-03 -2.6532180883167070e-04
    21      1  1.3082029015119162e-07  7.8703164030378803e-06
    21      2 -2.1938424441310340e-04  1.6353196401490354e-03
    21      3 -8.9461541323368251e-03  6.8352548322318352e-02
    21      4 -3.3665860196798391e-08  7.8533858400144397e-06
    21      5 -1.6563131220417606e-03 -2.4990160672648483e-04
    21      6 -6.8507833756500700e-02 -1.0336386239461320e-02
    21      7 -3.0511285197650846e-08  7.6470757834436275e-06
    21      8  1.7478224394397546e-03  1.4358839762040410e-05
    21      9  7.0254581646569295e-02  5.7307647041238076e-04
    21     10 -3.0368040875372357e-08  7.5299919667482585e-06
    21     11 -1.8387657141155384e-03  2.5271919090242092e-04
    21     12 -7.0102258428243330e-02  9.6350352778925060e-03
    21     13 -3.0391981619771508e-06  7.0066940947118085e-06
    21     14 -4.8498905551672399e-04 -1.9565387100319393e-03
    21     15  1.6030861263167329e-02  6.8792319622290696e-02
    21     16 -3.6200135321270207e-08  7.8564105375571091e-06
    21     17 -1.6857999173176537e-03  2.4030334922353204e-04
    21     18 -6.9796885685622145e-02  9.9492889644310061e-03
    21     19 -3.2643721335157297e-08  7.9049992220130837e-06
    21     20  1.8038688907810053e-03 -1.0524095791329910e-07
    21     21  4.3861617886983204e+00  4.5116844438863171e-19
    21     22  3.1813468841880449e-06  7.5064390552049766e-06
    21     23 -5.3278756278976364e-04  2.0766827739736845e-03
    21     24  1.7675661713360089e-02 -7.3145954092753138e-02
    21     25 -3.1959368816833251e-08  7.8012447856090532e-06
    21     26 -1.9234189216516754e-03 -2.8035777228705577e-04
    21     27 -7.3452625315440986e-02 -1.0706685444225929e-02
    22      1  2.4563396489168623e-04  9.9276324594757258e-05
    22      2 -1.0375850404009609e-09 -5.9081821417000536e-10
    22      3  4.0374322675105346e-07  2.3632542260246070e-07
    22      4  2.4294877257561415e-04  1.0412269969611213e-04
    22      5  7.3694952262571123e-11 -3.5432824640552844e-10
    22      6 -2.5188869190471936e-07  4.1183433827746165e-07
    22      7  2.4197678376613988e-04  1.0373023728629978e-04
    22      8 -1.0796504372447431e-07  2.4920612522041101e-07
    22      9 -2.8358413903039866e-06  6.5377617302560252e-06
    22     10  2.4090608591224174e-04  1.0328273712706335e-04
    22     11  7.4408124169267861e-08 -2.7529732766096684e-07
    22     12  1.9418678850309500e-06 -7.1686050779809403e-06
    22     13  1.8041401369733355e-04  1.8955344984764188e-04
    22     14  2.7625165495382524e-07  4.3819502387621254e-08
    22     15 -7.2540221804087916e-06 -1.2615826027110616e-06
    22     16  2.4350051647564771e-04  1.0444584635313515e-04
    22     17  1.3636685939765143e-10 -1.0008354287140308e-09
    22     18 -1.2253551674145286e-07  4.6502850015830362e-07
    22     19  2.4324287920031814e-04  1.0431106883392743e-04
    22     20  1.0689367397462943e-07 -2.5192969300316621e-07
    22     21  3.1813468841880334e-06 -7.5064390552049825e-06
    22     22  4.4172191536209429e+00  1.5356256543215702e-21
    22     23  1.2179884461694368e-07  9.3264253662327975e-08
    22     24 -1.9498738490028846e-06 -1.4451960137233492e-06
    22     25  2.4306870415012922e-04  1.0422478388956530e-04
    22     26 -1.5198004258152709e-07  2.5007502211003230e-07
    22     27 -4.4118080246262726e-06  7.2670097128646247e-06
    23      1  1.1908987254709556e-07 -3.2875090361515466e-08
    23      2  5.5105391789493753e-05 -6.5206624112821486e-06
    23      3  1.9867808745607776e-03 -2.4157583010292913e-04
    23      4  1.2101243494077454e-07 -3.0691626219069026e-08
    23      5  5.6595415785691626e-06  5.5627259976060720e-05
    23      6  2.0239202493256152e-04  1.9893086721108843e-03
    23      7  1.0817279014648068e-07 -2.7523784133454173e-08
    23      8 -1.3855091524662065e-05 -5.5907917442847507e-05
    23      9 -4.8492440077074815e-04 -1.9562777877759475e-03
    23     10  1.1478933695472037e-07 -2.9207418500579338e-08
    23     11  2.2706597817731745e-05  5.5599320633646858e-05
    23     12  7.6198465269504368e-04  1.8657774469080426e-03
    23     13  1.3704948270501181e-07  2.1639632053760691e-08
    23     14 -5.5954610439928769e-05  3.0142591018152892e-05
    23     15  1.7672326702578181e-03 -9.2023650526840215e-04
    23     16  1.2093165154049275e-07 -3.0621620032149955e-08
    23     17  2.1972506339492865e-05  5.3041374167003834e-05
    23     18  7.8933109609691840e-04  1.9054320061735618e-03
    23     19  1.3886327299903963e-07 -3.5249508016486672e-08
    23     20 -1.5120104274122378e-05 -5.8920420462073956e-05
    23     21 -5.3278756278976364e-04 -2.0766827739736845e-03
    23     22  1.2179884461694416e-07 -9.3264253662327697e-08
    23     23  3.2237996542835519e+00  1.5209272491768745e-22
    23     24 -2.2627359573041189e-03  3.1763368510852185e-05
    23     25  1.4442764271652073e-07 -3.6664107686084022e-08
    23     26  6.9429861336512945e-06  6.5007277044742937e-05
    23     27  2.3483390888867127e-04  2.1988201119295865e-03
    24      1 -1.1081530861619056e-06  2.8595266717184623e-07
    24      2 -1.6564739539550594e-03  1.7247246733095620e-04
    24      3 -6.9600464603206250e-02  7.4730571296904372e-03
    24      4 -1.1546064717621516e-06  2.7154509153195829e-07
    24      5 -1.4678357256300256e-04 -1.6760350214597328e-03
    24      6 -6.1048220350280371e-03 -6.9707841516746291e-02
    24      7 -1.1040037997691843e-06  2.6246466518185778e-07
    24      8  3.9662471408853569e-04  1.7024608561851792e-03
    24      9  1.6028545755932721e-02  6.8782383135160871e-02
    24     10 -1.2828290022826339e-06  3.0492860838556924e-07
    24     11 -6.7418803716368038e-04 -1.7193771654991910e-03
    24     12 -2.5823488748283677e-02 -6.5856916293220491e-02
    24     13 -1.8369628953448880e-06 -3.2043527163575956e-07
    24     14  1.7671916754665512e-03 -9.2021513751228785e-04
    24     15 -6.2619772357889597e-02  3.1498206521803476e-02
    24     16 -1.1581373771939053e-06  2.7149997419177697e-07
    24     17 -6.4094811805161689e-04 -1.6108236217955098e-03
    24     18 -2.6706777163645747e-02 -6.7119028272417877e-02
    24     19 -1.3888975804271814e-06  3.2998070798468662e-07
    24     20  4.3639599802185305e-04  1.8054440794527855e-03
    24     21  1.7675661713360092e-02  7.3145954092753124e-02
    24     22 -1.9498738490028906e-06  1.4451960137233970e-06
    24     23 -2.2627359573041189e-03 -3.1763368510852185e-05
    24     24  5.9713024002727977e+00 -3.4856070214924643e-19
    24     25 -1.5731947179587670e-06  3.7353118808333481e-07
    24     26 -1.8678689919535490e-04 -2.0165611775085118e-03
    24     27 -7.1747904893349522e-03 -7.7461851991406927e-02
    25      1  2.6718174478896890e-04 -5.6072734477400286e-06
    25      2  1.4582712266118282e-08  1.9608775704361067e-09
    25      3  1.3151075983621747e-07  1.6804197435526841e-08
    25      4  2.6660171419191355e-04 -4.6960495435380481e-08
    25      5 -2.3144838574259879e-09  1.4642593907352428e-08
    25      6 -2.0361106673118723e-08  1.3813133948150532e-07
    25      7  2.6527009989081129e-04 -2.4401680081565812e-08
    25      8 -9.1537126634638489e-10  2.5673111024405793e-07
    25      9 -3.0364439368962209e-08  7.5299262681826132e-06
    25     10  2.6352653806373911e-04 -1.3613668006251970e-08
    25     11 -3.8485752634396739e-08 -2.7057652900696122e-07
    25     12 -1.1017941529028441e-06 -7.7777000732410620e-06
    25     13  2.4095104004467991e-04  1.0330200147370360e-04
    25     14  2.6503051749160586e-07 -6.7101308717277206e-08
    25     15 -7.6106842421043994e-06  1.8069299771524863e-06
    25     16  2.6699459234492344e-04  3.3239964256142797e-08
    25     17  1.9236038391986105e-09  1.4248665060533628e-08
    25     18  1.7973633149341929e-08  1.2286850576166631e-07
    25     19  2.6613201689132816e-04  1.0727059862621774e-08
    25     20 -1.0542462142793238e-09 -2.8592057837666998e-07
    25     21 -3.1959368816863367e-08 -7.8012447856090617e-06
    25     22  2.4306870415012922e-04 -1.0422478388956529e-04
    25     23  1.4442764271652047e-07  3.6664107686084380e-08
    25     24 -1.5731947179587630e-06 -3.7353118808333179e-07
    25     25  4.1590719733775670e+00  2.5802439955940576e-21
    25     26 -4.2622523991143580e-08  3.0000508286698470e-07
    25     27 -1.1405248660957384e-06  8.0552838499742598e-06
    26      1 -4.7068015985634864e-08 -2.8815020774161293e-07
    26      2 -5.9421120054890184e-07 -5.2199129355153453e-05
    26      3 -2.6763543229792754e-05 -1.8332410293379372e-03
    26      4 -4.1009051403111635e-08 -2.8875381743136409e-07
    26      5  5.2704618304868001e-05  2.6396479933153731e-07
    26      6  1.8367115854795255e-03  9.1994511205069589e-06
    26      7 -3.8689378353539176e-08 -2.7204126296258928e-07
    26      8 -5.3849136413928194e-05  7.3978189009823872e-06
    26      9 -1.8387656481137315e-03  2.5271916157088242e-04
    26     10 -3.8485883993610653e-08 -2.7057705531237558e-07
    26     11  5.4494644895892042e-05 -1.5748330090160479e-05
    26     12  1.7881871367838038e-03 -5.1677233997201775e-04
    26     13  7.3620236787166302e-08 -2.7238451451178342e-07
    26     14  2.2712117001925247e-05  5.5612836482992629e-05
    26     15 -6.7429265088122929e-04 -1.7196440538265157e-03
    26     16 -4.0916460956527892e-08 -2.8878201185746539e-07
    26     17  5.1567202137297653e-05 -1.5182556091822958e-05
    26     18  1.8042869963652720e-03 -5.3122506078047090e-04
    26     19 -4.2864673689884994e-08 -3.0184223719223092e-07
    26     20 -5.5957484828262674e-05  8.1596697517082179e-06
    26     21 -1.9234189216516754e-03  2.8035777228705572e-04
    26     22 -1.5198004258152735e-07 -2.5007502211003167e-07
    26     23  6.9429861336512953e-06 -6.5007277044742937e-05
    26     24 -1.8678689919535490e-04  2.0165611775085118e-03
    26     25 -4.2622523991144427e-08 -3.0000508286698539e-07
    26     26  2.8448492966715779e+00  1.0228505503304454e-23
    26     27  1.9926535593952229e-03  5.8185454439490999e-09
    27      1 -1.3203417493340404e-06 -8.1097496640511610e-06
    27      2 -1.8958792634360952e-05 -1.6649815949993955e-03
    27      3 -1.0182788517782270e-03 -6.9735378955398206e-02
    27      4 -1.1476911279295252e-06 -8.1160342776240757e-06
    27      5  1.6864249238644599e-03  8.4406476031043554e-06
    27      6  6.9914057754134520e-02  3.4996640806524100e-04
    27      7 -1.1191980801633563e-06 -7.8982240492520274e-06
    27      8 -1.7403119023776824e-03  2.3908987065095728e-04
    27      9 -7.0102258384823438e-02  9.6350353197330041e-03
    27     10 -1.1018051659537580e-06 -7.7777763159136598e-06
    27     11  1.7881871977751030e-03 -5.1677238157663116e-04
    27     12  6.8307242006875615e-02 -1.9740483908942476e-02
    27     13  2.0850160453996920e-06 -7.6972762842333007e-06
    27     14  7.6208552043903531e-04  1.8660244837175224e-03
    27     15 -2.5827214133394671e-02 -6.5866416960694271e-02
    27     16 -1.1456323676278103e-06 -8.1212636835994784e-06
    27     17  1.6557247567725176e-03 -4.8748887862563178e-04
    27     18  6.8739367346739175e-02 -2.0238730045598955e-02
    27     19 -1.1563117758124866e-06 -8.1680957355382175e-06
    27     20 -1.8194807612062121e-03  2.6532180883167070e-04
    27     21 -7.3452625315441000e-02  1.0706685444225929e-02
    27     22 -4.4118080246262946e-06 -7.2670097128646281e-06
    27     23  2.3483390888867132e-04 -2.1988201119295869e-03
    27     24 -7.1747904893349540e-03  7.7461851991406927e-02
    27     25 -1.1405248660957648e-06 -8.0552838499742564e-06
    27     26  1.9926535593952229e-03 -5.8185454439490999e-09
    27     27  5.6295441658199250e+00  4.8779415970601342e-19
