# shape 27 27
# i j real imag
     1      1  2.7891638815866218e+00 -8.3610797298140395e-11
     1      2  7.0490589182337210e-11  7.7098617351111994e-10
     1      3  2.2671649421928144e-09 -6.4081060689277007e-11
     1      4 -1.6022538459354652e-03 -3.3341880283339574e-05
     1      5 -1.4605016625571499e-09  7.7523517615531003e-09
     1      6 -4.6174606723991879e-10  6.7920661908528400e-09
     1      7 -7.9938392910844751e-03 -1.6702773542595544e-04
     1      8 -1.2170434979182162e-06  4.8477567641644413e-05
     1      9 -7.1830283175585596e-07  2.8648320378816190e-05
     1     10 -3.5046739206553258e-04 -7.3370952584466328e-06
     1     11 -5.9198333595246580e-07 -4.9211276717327761e-06
     1     12 -2.2115808801857495e-06 -1.8395417938588542e-05
     1     13 -3.0498747757054436e-04 -1.3850397764515781e-04
     1     14 -6.7674331869272077e-06  7.2495772150227952e-07
     1     15  1.9124275999168858e-05 -1.7680769247162659e-06
     1     16 -1.6022436800413342e-03 -3.3826968890109620e-05
     1     17 -1.1270736853723081e-09 -7.6898822099723143e-09
     1     18  1.5726130039093914e-10 -2.4916833532848360e-09
     1     19 -7.9938171081516164e-03 -1.6808646770507653e-04
     1     20  8.1540947123080706e-07 -4.8486141493761962e-05
     1     21  4.8360788381061574e-07 -2.8657947871763667e-05
     1     22 -3.1052336928232829e-04  1.2560236785088375e-04
     1     23 -6.7309876801237022e-06 -1.0078561687653065e-06
     1     24  1.9028999825191411e-05  2.5663944405004040e-06
     1     25 -3.5046702454278038e-04 -7.3550561415121832e-06
     1     26 -7.9772064149509480e-07  4.8921187487023080e-06
     1     27 -2.9820334586354022e-06  1.8290942168984502e-05
     2      1  6.0848233972561233e-11 -7.6952655426829763e-10
     2      2  8.3723342676512758e-01 -7.6361830439144208e-11
     2      3 -7.7749460096672260e-02  2.4992806369413721e-04
     2      4 -7.1148105909770456e-09  8.1779809175139176e-10
     2      5  2.6813324288460443e-05 -1.6356469308179385e-03
     2      6  2.8802779384844213e-05 -1.7569301904875236e-03
     2      7  4.7087507303430443e-05 -6.1249191446216015e-06
     2      8  9.4933003098997531e-04  7.5463072423844740e-03
     2      9  3.8138537640107332e-04  3.0302726779459456e-03
     2     10  4.7601972625001266e-06 -6.1919046088188100e-07
     2     11 -1.2863253195461051e-04 -4.6489093265681493e-04
     2     12 -2.0505904570062856e-04 -7.4109646947291552e-04
     2     13 -5.7220395540018878e-06 -2.5468398916355384e-06
     2     14  4.3513648279587080e-04 -1.7192486642909655e-04
     2     15 -7.0584323452611039e-04  2.6820009126038013e-04
     2     16  6.8775745342488148e-09 -1.0053059426857916e-09
     2     17 -4.4413511287546642e-04 -1.5744217490366392e-03
     2     18 -4.7706749270147621e-04 -1.6911651805756411e-03
     2     19 -4.7088575010451072e-05  6.1183422029896758e-06
     2     20  1.0117160184671473e-03  7.5381968246448121e-03
     2     21  4.0609029573172167e-04  3.0270613160717150e-03
     2     22  4.8804705336494480e-06 -3.9251064805976695e-06
     2     23 -4.6463132241182127e-04 -5.4951473056673236e-05
     2     24  7.5095572324696686e-04  7.8811679798217502e-05
     2     25 -4.7605005925555232e-06  6.1852777422139212e-07
     2     26  5.4903737459703829e-06 -4.8232744932609917e-04
     2     27  8.7557809987695862e-06 -7.6889324915979402e-04
     3      1  2.2684522979716144e-09  6.3890417811544883e-11
     3      2 -7.7749460096687331e-02 -2.4992805902514714e-04
     3      3  1.2371407721332304e+00  5.8996880668190290e-12
     3      4 -5.3002904653651159e-09  2.7485975499958912e-09
     3      5  3.4734749130052313e-05 -1.7713333737361531e-03
     3      6  1.0933698360795273e-03 -5.5758214245373805e-02
     3      7  2.7342176932927453e-05 -3.4676950554778238e-06
     3      8  3.8575747154820925e-04  3.1481065510491442e-03
     3      9  1.2099119914321065e-02  9.8692186245139327e-02
     3     10  1.7330720001324757e-05 -2.1982675675694492e-06
     3     11 -2.1815570836450956e-04 -7.9841896904553323e-04
     3     12 -5.6082618016599639e-03 -2.0525010747411754e-02
     3     13 -1.5318425564441018e-05 -8.0749112943228797e-06
     3     14  8.1166552344427061e-04 -3.1860112060871503e-04
     3     15 -1.9517161038818662e-02  7.3363934543163069e-03
     3     16  5.7552991083970019e-09  1.3475007024302678e-09
     3     17 -4.7552366867692849e-04 -1.7066650706821424e-03
     3     18 -1.4968569310441993e-02 -5.3722582266456556e-02
     3     19 -2.7342847523444342e-05  3.4628942467241073e-06
     3     20  4.1178370108513866e-04  3.1448080823966613e-03
     3     21  1.2903736227121897e-02  9.8590212134945829e-02
     3     22  1.2819640177442135e-05 -1.1641006461876870e-05
     3     23 -8.6548367337939023e-04 -1.0604530341103358e-04
     3     24  2.0730278132339103e-02  2.2355785830689614e-03
     3     25 -1.7331240760925042e-05  2.1946675657624100e-06
     3     26  1.2080176153943943e-05 -8.2759823222147005e-04
     3     27  3.1066018379739065e-04 -2.1275153539556863e-02
     4      1 -1.6022538459353698e-03  3.3341880283344195e-05
     4      2 -7.1148105907130831e-09 -8.1779809134457483e-10
     4      3 -5.3002904653683154e-09 -2.7485975499855387e-09
     4      4  2.8433138853650468e+00 -8.3572605626051828e-11
     4      5 -4.7514652463039118e-10 -2.4496933880647328e-09
     4      6  2.3174873488817858e-09 -8.1356325199159835e-10
     4      7 -3.4357274489585197e-04 -1.2105896533310328e-07
     4      8  8.1306656777188022e-07 -7.0191732723268981e-06
     4      9  2.0063448418340192e-06 -1.9191297483284757e-05
     4     10 -7.9473806863893329e-03 -9.9814850561475735e-07
     4     11 -6.8224776062515118e-06 -4.8238309149507238e-05
     4     12 -3.9361526297755659e-06 -2.7845556841014568e-05
     4     13  1.8230158462791558e-04  7.8195558594832830e-05
     4     14  5.0506755444410920e-07 -1.2745852229224306e-07
     4     15 -9.2598332532015761e-06  2.1936421496740832e-06
     4     16  1.9404744945526650e-04  5.8231051403967145e-08
     4     17 -3.2717048958148697e-10 -1.0409584707550411e-09
     4     18  6.9755574334672133e-10 -9.9152018794316673e-09
     4     19 -3.5088692736938085e-04 -7.6538571846302805e-08
     4     20 -1.9712595479342866e-08 -4.9415955077474686e-06
     4     21 -7.5347364453910401e-08 -1.8614042717612439e-05
     4     22 -7.0515556327140532e-03  3.0221276899208460e-03
     4     23  4.5326540804103051e-05  1.1438276026267521e-05
     4     24 -2.6527035639997313e-05 -6.2973167401726295e-06
     4     25  2.3977209914371897e-04  4.5369756041168293e-08
     4     26  4.8605684109232790e-08 -2.9519153141705629e-07
     4     27  4.2847973308043506e-07 -6.2320786329765955e-06
     5      1 -1.4605016624007546e-09 -7.7523517628908978e-09
     5      2  2.6813324288475863e-05  1.6356469308179663e-03
     5      3  3.4734749130051100e-05  1.7713333737361474e-03
     5      4 -4.7497119739802360e-10  2.4599399062403213e-09
     5      5  1.0845457773590392e+00 -7.6107466008598265e-11
     5      6 -7.8229434623639835e-02 -2.6961386521920099e-08
     5      7  1.7140042897134893e-07  6.8354517589067722e-06
     5      8  4.7989796795577631e-04 -6.8373786003975452e-05
     5      9  8.1006109534879651e-04 -1.1608141363400137e-04
     5     10 -7.0013572971105717e-06 -4.7710348727580696e-05
     5     11 -7.2923993063990604e-03  2.1470473520295344e-03
     5     12 -2.8895270249568645e-03  8.5075498996155469e-04
     5     13  1.3402906875626288e-07 -5.0588140790628025e-07
     5     14 -8.4397401440427258e-08 -2.0349910896245006e-07
     5     15 -1.5037706355757981e-04 -3.7792962670884882e-04
     5     16 -3.2717048944797929e-10 -1.0409584712548521e-09
     5     17 -1.4541285501156491e-05  4.3606331736590545e-06
     5     18  1.9133960115771042e-04 -5.7376547176684971e-05
     5     19  7.0609999363678463e-07  4.8167459679865278e-06
     5     20  4.7940303957055440e-04 -7.2359708719529816e-05
     5     21  7.8261344977091575e-04 -1.1808045607498258e-04
     5     22  2.4093366281148950e-05  3.9235430130833721e-05
     5     23 -7.3639624160508495e-04  7.2379765752395991e-03
     5     24  2.4590640910484787e-04 -2.8078728398339956e-03
     5     25 -4.2539896654303361e-08 -2.9825328352293158e-07
     5     26  3.1212616152640660e-05 -1.8942315144993295e-07
     5     27  9.5474759877273423e-04 -5.5721567694444991e-06
     6      1 -4.6174606719248495e-10 -6.7920661908257582e-09
     6      2  2.8802779384843230e-05  1.7569301904875162e-03
     6      3  1.0933698360795208e-03  5.5758214245373611e-02
     6      4  2.3173612996885491e-09  8.1223783850955275e-10
     6      5 -7.8229434623647537e-02  2.6966029784690906e-08
     6      6  1.5058269547669711e+00  5.1512136005813681e-12
     6      7  6.3981264615410751e-07  1.9349524793400695e-05
     6      8  8.2887869062010311e-04 -1.1875794316970682e-04
     6      9  2.2478091925442464e-02 -3.2135701195806863e-03
     6     10 -3.8704060855728240e-06 -2.6365876181824176e-05
     6     11 -3.1319139829313748e-03  9.2210632845263131e-04
     6     12 -9.3493473587201434e-02  2.7527007588081229e-02
     6     13  1.9918012109696690e-06 -7.5045852487446995e-06
     6     14  1.8932903626796673e-04  4.5703854223244026e-04
     6     15 -7.3271131924916855e-03 -1.8414378422618408e-02
     6     16  6.9755574329246408e-10 -9.9152018807532736e-09
     6     17  1.9133960115770977e-04 -5.7376547176683996e-05
     6     18  1.1080555518130489e-02 -3.3227785851095634e-03
     6     19  2.6329785400438794e-06  1.7958416522889303e-05
     6     20  8.0122127882998012e-04 -1.2093369269404626e-04
     6     21  2.1642666781088268e-02 -3.2654211602567412e-03
     6     22  1.2270415817130080e-05  1.9980370917148587e-05
     6     23 -3.3645348629362658e-04  3.3069788059761603e-03
     6     24  8.0270479274228979e-03 -9.1656748115987632e-02
     6     25 -1.7354945201958452e-06 -6.8716401013689659e-06
     6     26  1.0433107216041200e-03 -6.0198293363202531e-06
     6     27  3.9843206134985279e-02 -2.0984340356873610e-04
     7      1 -7.9938392910843710e-03  1.6702773542617133e-04
     7      2  4.7087507303430050e-05  6.1249191446175061e-06
     7      3  2.7342176932927436e-05  3.4676950554779542e-06
     7      4 -3.4357274489584281e-04  1.2105896521590897e-07
     7      5  1.7140042897181758e-07 -6.8354517589076963e-06
     7      6  6.3981264615399824e-07 -1.9349524793400675e-05
     7      7  2.6442753629742484e+00 -8.3453096288814567e-11
     7      8  5.5078199573547899e-10 -5.5329975829606682e-09
     7      9  4.5788632514937856e-10 -2.3857622561387995e-09
     7     10 -1.5925556181115446e-03 -6.4583773464368067e-08
     7     11  1.3263144817671072e-09  1.0150435032769789e-08
     7     12  6.2213232398130435e-10  7.5107285348869988e-09
     7     13 -1.4337420406531139e-03 -6.1483633565972300e-04
     7     14  7.6363112383098969e-09 -1.9695028894008273e-09
     7     15 -2.7714130215847658e-09  9.6379537839464862e-10
     7     16 -3.5088692736940535e-04 -7.6538571844763084e-08
     7     17  7.0609999363689125e-07  4.8167459679871563e-06
     7     18  2.6329785400441136e-06  1.7958416522890624e-05
     7     19 -3.5232685094974787e-05 -4.6749076630281096e-09
     7     20 -2.4673964601730103e-08 -6.0968989071992276e-06
     7     21 -3.0335180642002031e-07 -7.5871796711663364e-05
     7     22  1.2873141263290938e-04 -5.5184541478126177e-05
     7     23  2.0438492095371158e-06  5.1588170786341185e-07
     7     24 -3.2609704201654853e-05 -7.7424153237837397e-06
     7     25  2.3083863134591210e-04  4.7151344912137243e-08
     7     26 -1.4564559050117629e-07  1.4209417025836801e-06
     7     27 -3.5551688620847852e-06  4.7019178547149672e-05
     8      1 -1.2170434979180472e-06 -4.8477567641641628e-05
     8      2  9.4933003098981810e-04 -7.5463072423846431e-03
     8      3  3.8575747154821413e-04 -3.1481065510491381e-03
     8      4  8.1306656777045879e-07  7.0191732723267693e-06
     8      5  4.7989796795573468e-04  6.8373786004008222e-05
     8      6  8.2887869062010528e-04  1.1875794316970682e-04
     8      7  5.5214435154438525e-10  5.5220590151777455e-09
     8      8  6.1694707401269044e-01 -7.5557140790380819e-11
     8      9 -7.9817712004404962e-02  4.5848572533935143e-06
     8     10  9.7035419384663277e-11 -6.7506972303995441e-09
     8     11  1.6271492252436079e-03 -2.3726730957276612e-04
     8     12  1.6914098939066289e-03 -2.4664437965957712e-04
     8     13 -4.1874120422419718e-09  1.0253110385213784e-08
     8     14  4.0272488668547963e-04  1.5693528349841153e-03
     8     15 -3.8132770801821848e-04 -1.5776302315958671e-03
     8     16 -1.9712595479959506e-08 -4.9415955077475508e-06
     8     17  4.7940303957054827e-04 -7.2359708719528271e-05
     8     18  8.0122127882998012e-04 -1.2093369269404518e-04
     8     19 -2.4673964600839524e-08 -6.0968989071994191e-06
     8     20 -2.1516214874031818e-04  1.7797262815021406e-06
     8     21 -4.1175291773030867e-04  3.3819463057738302e-06
     8     22 -8.3339098273888478e-07 -1.9218632866262095e-06
     8     23  1.1731703451318995e-05 -4.7339320275241456e-05
     8     24  2.5163563273135901e-05 -1.0801190510421736e-04
     8     25 -6.9793684478739741e-08 -1.4075399519570590e-06
     8     26 -3.0056568972584753e-05 -4.1805909183954066e-06
     8     27 -8.6001616974873407e-04 -1.1918873521895031e-04
     9      1 -7.1830283175588073e-07 -2.8648320378816190e-05
     9      2  3.8138537640107842e-04 -3.0302726779459382e-03
     9      3  1.2099119914321077e-02 -9.8692186245139382e-02
     9      4  2.0063448418340493e-06  1.9191297483284754e-05
     9      5  8.1006109534879824e-04  1.1608141363400159e-04
     9      6  2.2478091925442492e-02  3.2135701195806655e-03
     9      7  4.5782201134602700e-10  2.3871627086730184e-09
     9      8 -7.9817712004422239e-02 -4.5848525878456506e-06
     9      9  1.0193763895832308e+00  4.1306003891321477e-12
     9     10  1.1629623911495697e-09 -2.3071283281833454e-09
     9     11  1.7728880037059655e-03 -2.5841331399472663e-04
     9     12  5.1055800502434884e-02 -7.4420532913207858e-03
     9     13 -3.7713704881293504e-09  7.7589739458535778e-09
     9     14  4.5685889193803654e-04  1.7807246214738728e-03
     9     15 -1.1465043045191022e-02 -4.7444985300745701e-02
     9     16 -7.5347364454051962e-08 -1.8614042717610870e-05
     9     17  7.8261344977091640e-04 -1.1808045607498378e-04
     9     18  2.1642666781088282e-02 -3.2654211602567394e-03
     9     19 -3.0335180641972443e-07 -7.5871796711661548e-05
     9     20 -4.1175291773030845e-04  3.3819463057753480e-06
     9     21 -8.1827395541077680e-03  6.6747118530676624e-05
     9     22 -1.1284942329443000e-05 -2.6024745819946065e-05
     9     23 -3.3769431294483534e-05  1.3623475978193165e-04
     9     24  2.0939921102391054e-03 -8.9858297903922663e-03
     9     25 -3.5442649630002979e-06 -4.4513852746425250e-05
     9     26 -9.1055454605443826e-04 -1.2630214816280024e-04
     9     27 -3.5856648894131662e-02 -4.9339696239153489e-03
    10      1 -3.5046739206562501e-04  7.3370952584705310e-06
    10      2  4.7601972625004298e-06  6.1919046088135054e-07
    10      3  1.7330720001324720e-05  2.1982675675694628e-06
    10      4 -7.9473806863893277e-03  9.9814850572423911e-07
    10      5 -7.0013572971085490e-06  4.7710348727577714e-05
    10      6 -3.8704060855729392e-06  2.6365876181824325e-05
    10      7 -1.5925556181114922e-03  6.4583773441238800e-08
    10      8  9.7035419516659240e-11  6.7506972306308321e-09
    10      9  1.1629623912060386e-09  2.3071283282116974e-09
    10     10  3.2405077955010908e+00 -8.3234801762832674e-11
    10     11  1.9428753813456499e-09  1.9433405237956631e-08
    10     12 -8.4796436413097764e-10  2.5133784463760694e-09
    10     13  1.6658703266960134e-04  7.1430522882163551e-05
    10     14  8.2040897633716574e-10 -4.7746212232437985e-10
    10     15 -6.3931153951617736e-09  2.5072250321735203e-09
    10     16  2.3977209914371694e-04  4.5369756038332810e-08
    10     17 -4.2539896654080922e-08 -2.9825328352306843e-07
    10     18 -1.7354945201958543e-06 -6.8716401013676641e-06
    10     19  2.3083863134591123e-04  4.7151344914886520e-08
    10     20 -6.9793684478714767e-08 -1.4075399519570346e-06
    10     21 -3.5442649629999976e-06 -4.4513852746426646e-05
    10     22 -2.9303461059918651e-05  1.2562780804562939e-05
    10     23  5.6675872108627265e-06  1.4299273081633730e-06
    10     24 -6.9029768968187824e-05 -1.6387321830973191e-05
    10     25  2.1073469669513368e-04  1.0890023737577088e-08
    10     26 -1.2134122104398664e-07  8.5519628560306083e-07
    10     27 -2.6140605317301680e-06  1.8448679405164638e-05
    11      1 -5.9198333595338176e-07  4.9211276717322357e-06
    11      2 -1.2863253195453977e-04  4.6489093265679790e-04
    11      3 -2.1815570836451054e-04  7.9841896904553279e-04
    11      4 -6.8224776062525223e-06  4.8238309149506831e-05
    11      5 -7.2923993063990968e-03 -2.1470473520295388e-03
    11      6 -3.1319139829313718e-03 -9.2210632845262893e-04
    11      7  1.3263144831673646e-09 -1.0150435032074513e-08
    11      8  1.6271492252436604e-03  2.3726730957277154e-04
    11      9  1.7728880037059689e-03  2.5841331399472723e-04
    11     10  1.9406303085913169e-09 -1.9421981415486549e-08
    11     11  1.9281980442685938e+00 -7.4967489006637742e-11
    11     12 -8.2916787963182401e-02  3.0888773733168911e-07
    11     13  4.4247666466999334e-10 -1.0224900806790512e-09
    11     14 -1.0159042460960284e-06 -9.5111624005605398e-06
    11     15 -3.7542988205147866e-05 -4.0533420221144987e-04
    11     16  4.8605684109318175e-08 -2.9519153141724423e-07
    11     17  3.1212616152641399e-05 -1.8942315145214746e-07
    11     18  1.0433107216041202e-03 -6.0198293363215304e-06
    11     19 -1.4564559050133972e-07  1.4209417025835831e-06
    11     20 -3.0056568972577815e-05 -4.1805909183973454e-06
    11     21 -9.1055454605443848e-04 -1.2630214816279899e-04
    11     22  1.5335834083569998e-06  5.6655948286038471e-06
    11     23 -7.6454014288240211e-05  1.8720528790226325e-04
    11     24  1.1645443219858475e-04 -2.9699676679591051e-04
    11     25 -1.2134122104397473e-07  8.5519628560310350e-07
    11     26  7.1841103315571002e-06  2.0761896068957072e-06
    11     27  3.9473778617550191e-04  1.1407746303726535e-04
    12      1 -2.2115808801856961e-06  1.8395417938588559e-05
    12      2 -2.0505904570063029e-04  7.4109646947291552e-04
    12      3 -5.6082618016599362e-03  2.0525010747411671e-02
    12      4 -3.9361526297754829e-06  2.7845556841014578e-05
    12      5 -2.8895270249568602e-03 -8.5075498996155263e-04
    12      6 -9.3493473587201434e-02 -2.7527007588081135e-02
    12      7  6.2213232398713949e-10 -7.5107285348702699e-09
    12      8  1.6914098939066302e-03  2.4664437965957745e-04
    12      9  5.1055800502435023e-02  7.4420532913208222e-03
    12     10 -8.4773383358105701e-10 -2.5148708887125807e-09
    12     11 -8.2916787963213598e-02 -3.0888289883682586e-07
    12     12  2.2602182341618788e+00  3.8569020899420608e-12
    12     13  3.5626878755560130e-09 -5.7089155802522528e-09
    12     14  4.7704626727948973e-05  4.4667690203729275e-04
    12     15 -1.7460707059165255e-03 -1.8851266064213917e-02
    12     16  4.2847973308057779e-07 -6.2320786329777424e-06
    12     17  9.5474759877273358e-04 -5.5721567694437453e-06
    12     18  3.9843206134985279e-02 -2.0984340356873741e-04
    12     19 -3.5551688620849707e-06  4.7019178547148351e-05
    12     20 -8.6001616974873472e-04 -1.1918873521895131e-04
    12     21 -3.5856648894131656e-02 -4.9339696239153481e-03
    12     22  1.6748775759715092e-05  6.1865574758575726e-05
    12     23 -1.2714527745394356e-04  3.1132309109846044e-04
    12     24  1.6598037224876648e-03 -4.2329496415451362e-03
    12     25 -2.6140605317300346e-06  1.8448679405163636e-05
    12     26  3.9473778617550169e-04  1.1407746303726676e-04
    12     27  1.7390039575697257e-02  5.0256432180933036e-03
    13      1 -3.0498747757050273e-04  1.3850397764517131e-04
    13      2 -5.7220395540003351e-06  2.5468398916358269e-06
    13      3 -1.5318425564441035e-05  8.0749112943229170e-06
    13      4  1.8230158462791943e-04 -7.8195558594841422e-05
    13      5  1.3402906875654878e-07  5.0588140790667285e-07
    13      6  1.9918012109695136e-06  7.5045852487446885e-06
    13      7 -1.4337420406532156e-03  6.1483633565969048e-04
    13      8 -4.1874120408650908e-09 -1.0253110385054959e-08
    13      9 -3.7713704881470438e-09 -7.7589739458054856e-09
    13     10  1.6658703266963528e-04 -7.1430522882162792e-05
    13     11  4.4247666566389241e-10  1.0224900804331087e-09
    13     12  3.5626878756150700e-09  5.7089155802081839e-09
    13     13  3.4988134122178369e+00 -8.2889645764713632e-11
    13     14 -2.9979066628581695e-08  2.2132892283241791e-08
    13     15  1.5860459709569995e-09 -1.9656495876078344e-09
    13     16 -7.0515556327140532e-03  3.0221276899208421e-03
    13     17  2.4093366281150549e-05  3.9235430130833552e-05
    13     18  1.2270415817130563e-05  1.9980370917149549e-05
    13     19  1.2873141263291084e-04 -5.5184541478123440e-05
    13     20 -8.3339098274028016e-07 -1.9218632866267127e-06
    13     21 -1.1284942329443413e-05 -2.6024745819947305e-05
    13     22  1.6624884133983222e-04 -1.7448391574032313e-04
    13     23  3.9879181245024729e-07 -2.9178954244474426e-07
    13     24 -1.0190896684600802e-05  4.1456679302437840e-06
    13     25 -2.9303461059909382e-05  1.2562780804552517e-05
    13     26  1.5335834083564755e-06  5.6655948286040267e-06
    13     27  1.6748775759715793e-05  6.1865574758576580e-05
    14      1 -6.7674331869275287e-06 -7.2495772150142423e-07
    14      2  4.3513648279584912e-04  1.7192486642912452e-04
    14      3  8.1166552344427061e-04  3.1860112060871394e-04
    14      4  5.0506755444424790e-07  1.2745852229157404e-07
    14      5 -8.4397401455507833e-08  2.0349910896861646e-07
    14      6  1.8932903626796727e-04 -4.5703854223244026e-04
    14      7  7.6363112395957111e-09  1.9695028894824365e-09
    14      8  4.0272488668554397e-04 -1.5693528349841801e-03
    14      9  4.5685889193803611e-04 -1.7807246214738676e-03
    14     10  8.2040897699033112e-10  4.7746212143119250e-10
    14     11 -1.0159042461043157e-06  9.5111624005697962e-06
    14     12  4.7704626727949407e-05 -4.4667690203729232e-04
    14     13 -2.9968953572682142e-08 -2.2125947356188540e-08
    14     14  2.3068928789081817e+00 -7.4369744930235263e-11
    14     15  8.8384064524004324e-02  1.2407314558085033e-03
    14     16  4.5326540804105206e-05  1.1438276026268546e-05
    14     17 -7.3639624160509113e-04  7.2379765752396304e-03
    14     18 -3.3645348629362821e-04  3.3069788059761594e-03
    14     19  2.0438492095382254e-06  5.1588170786380180e-07
    14     20  1.1731703451320509e-05 -4.7339320275242974e-05
    14     21 -3.3769431294482666e-05  1.3623475978193165e-04
    14     22  3.9879181245015920e-07 -2.9178954244491160e-07
    14     23 -3.8360280017933474e-05 -2.0740583609674870e-05
    14     24  1.2739537354226086e-03  6.6417915881404979e-04
    14     25  5.6675872108631009e-06  1.4299273081643786e-06
    14     26 -7.6454014288243274e-05  1.8720528790225864e-04
    14     27 -1.2714527745394486e-04  3.1132309109846044e-04
    15      1  1.9124275999168851e-05  1.7680769247161704e-06
    15      2 -7.0584323452610952e-04 -2.6820009126037839e-04
    15      3 -1.9517161038818606e-02 -7.3363934543162583e-03
    15      4 -9.2598332532015694e-06 -2.1936421496740620e-06
    15      5 -1.5037706355758036e-04  3.7792962670884925e-04
    15      6 -7.3271131924916855e-03  1.8414378422618422e-02
    15      7 -2.7714130215341440e-09 -9.6379537847163453e-10
    15      8 -3.8132770801821740e-04  1.5776302315958640e-03
    15      9 -1.1465043045191081e-02  4.7444985300745673e-02
    15     10 -6.3931153951129526e-09 -2.5072250322072130e-09
    15     11 -3.7542988205148707e-05  4.0533420221144987e-04
    15     12 -1.7460707059165264e-03  1.8851266064213917e-02
    15     13  1.5874471775408414e-09  1.9665970308478113e-09
    15     14  8.8384064523989947e-02 -1.2407314610156036e-03
    15     15  2.5985079189566020e+00  4.2863302816065891e-12
    15     16 -2.6527035639996049e-05 -6.2973167401723492e-06
    15     17  2.4590640910484641e-04 -2.8078728398339961e-03
    15     18  8.0270479274229031e-03 -9.1656748115987674e-02
    15     19 -3.2609704201653491e-05 -7.7424153237836516e-06
    15     20  2.5163563273136931e-05 -1.0801190510421844e-04
    15     21  2.0939921102391089e-03 -8.9858297903922801e-03
    15     22 -1.0190896684599773e-05  4.1456679302436265e-06
    15     23  1.2739537354226082e-03  6.6417915881405044e-04
    15     24 -4.4760655597053285e-02 -2.2523485082306095e-02
    15     25 -6.9029768968186943e-05 -1.6387321830972639e-05
    15     26  1.1645443219858377e-04 -2.9699676679591116e-04
    15     27  1.6598037224876648e-03 -4.2329496415451223e-03
    16      1 -1.6022436800413556e-03  3.3826968890168207e-05
    16      2  6.8775745342072077e-09  1.0053059419471673e-09
    16      3  5.7552991083997307e-09 -1.3475007023463172e-09
    16      4  1.9404744945524793e-04 -5.8231051371586591e-08
    16      5 -3.2717048895349439e-10  1.0409584701387539e-09
    16      6  6.9755574325453578e-10  9.9152018807533216e-09
    16      7 -3.5088692736935602e-04  7.6538571854007814e-08
    16      8 -1.9712595481055944e-08  4.9415955077479862e-06
    16      9 -7.5347364453929976e-08  1.8614042717610870e-05
    16     10  2.3977209914370691e-04 -4.5369756043731229e-08
    16     11  4.8605684109682796e-08  2.9519153141757198e-07
    16     12  4.2847973308053295e-07  6.2320786329777907e-06
    16     13 -7.0515556327141980e-03 -3.0221276899208066e-03
    16     14  4.5326540804103417e-05 -1.1438276026270862e-05
    16     15 -2.6527035639996141e-05  6.2973167401721899e-06
    16     16  2.8433138853650468e+00 -8.3572605629563765e-11
    16     17 -4.7497120394274133e-10  2.4599399186160492e-09
    16     18  2.3173612996836555e-09  8.1223783920317875e-10
    16     19 -3.4357274489583376e-04  1.2105896521359710e-07
    16     20  8.1306656777167640e-07  7.0191732723273140e-06
    16     21  2.0063448418343267e-06  1.9191297483283202e-05
    16     22  1.8230158462791932e-04 -7.8195558594844390e-05
    16     23  5.0506755444436394e-07  1.2745852229195748e-07
    16     24 -9.2598332532027755e-06 -2.1936421496743648e-06
    16     25 -7.9473806863893329e-03  9.9814850572244552e-07
    16     26 -6.8224776062508621e-06  4.8238309149507712e-05
    16     27 -3.9361526297755126e-06  2.7845556841015642e-05
    17      1 -1.1270736841649036e-09  7.6898822114428346e-09
    17      2 -4.4413511287544485e-04  1.5744217490366269e-03
    17      3 -4.7552366867692979e-04  1.7066650706821433e-03
    17      4 -3.2717048878345842e-10  1.0409584697445248e-09
    17      5 -1.4541285501151090e-05 -4.3606331736811248e-06
    17      6  1.9133960115770977e-04  5.7376547176684429e-05
    17      7  7.0609999363624179e-07 -4.8167459679862601e-06
    17      8  4.7940303957052507e-04  7.2359708719520546e-05
    17      9  7.8261344977091944e-04  1.1808045607498345e-04
    17     10 -4.2539896654169986e-08  2.9825328352361296e-07
    17     11  3.1212616152643716e-05  1.8942315144703967e-07
    17     12  9.5474759877273358e-04  5.5721567694437995e-06
    17     13  2.4093366281148964e-05 -3.9235430130833626e-05
    17     14 -7.3639624160516367e-04 -7.2379765752396893e-03
    17     15  2.4590640910485129e-04  2.8078728398339943e-03
    17     16 -4.7514653247833962e-10 -2.4496933804933349e-09
    17     17  1.0845457773590392e+00 -7.6107515351557011e-11
    17     18 -7.8229434623647509e-02  2.6966029750285556e-08
    17     19  1.7140042897155264e-07 -6.8354517589070136e-06
    17     20  4.7989796795573468e-04  6.8373786004014388e-05
    17     21  8.1006109534879933e-04  1.1608141363400230e-04
    17     22  1.3402906875637038e-07  5.0588140790575731e-07
    17     23 -8.4397401462463667e-08  2.0349910896632609e-07
    17     24 -1.5037706355757981e-04  3.7792962670884860e-04
    17     25 -7.0013572971083550e-06  4.7710348727581401e-05
    17     26 -7.2923993063990847e-03 -2.1470473520295665e-03
    17     27 -2.8895270249568606e-03 -8.5075498996155382e-04
    18      1  1.5726130029682460e-10  2.4916833532560133e-09
    18      2 -4.7706749270147805e-04  1.6911651805756437e-03
    18      3 -1.4968569310441993e-02  5.3722582266456556e-02
    18      4  6.9755574335326226e-10  9.9152018793937394e-09
    18      5  1.9133960115770999e-04  5.7376547176685297e-05
    18      6  1.1080555518130475e-02  3.3227785851095600e-03
    18      7  2.6329785400441263e-06 -1.7958416522890617e-05
    18      8  8.0122127882998316e-04  1.2093369269404453e-04
    18      9  2.1642666781088310e-02  3.2654211602567186e-03
    18     10 -1.7354945201958249e-06  6.8716401013676344e-06
    18     11  1.0433107216041200e-03  6.0198293363214109e-06
    18     12  3.9843206134985286e-02  2.0984340356873301e-04
    18     13  1.2270415817130597e-05 -1.9980370917149542e-05
    18     14 -3.3645348629363460e-04 -3.3069788059761586e-03
    18     15  8.0270479274230592e-03  9.1656748115987702e-02
    18     16  2.3174873490274755e-09 -8.1356325321998441e-10
    18     17 -7.8229434623639835e-02 -2.6961386495682407e-08
    18     18  1.5058269547669711e+00  5.1512184072258906e-12
    18     19  6.3981264615417516e-07 -1.9349524793401976e-05
    18     20  8.2887869062010571e-04  1.1875794316970579e-04
    18     21  2.2478091925442506e-02  3.2135701195806672e-03
    18     22  1.9918012109691570e-06  7.5045852487436424e-06
    18     23  1.8932903626796857e-04 -4.5703854223243983e-04
    18     24 -7.3271131924916785e-03  1.8414378422618428e-02
    18     25 -3.8704060855727952e-06  2.6365876181823010e-05
    18     26 -3.1319139829313744e-03 -9.2210632845262763e-04
    18     27 -9.3493473587201434e-02 -2.7527007588081152e-02
    19      1 -7.9938171081519304e-03  1.6808646770506263e-04
    19      2 -4.7088575010452136e-05 -6.1183422029873634e-06
    19      3 -2.7342847523444258e-05 -3.4628942467241208e-06
    19      4 -3.5088692736936231e-04  7.6538571851692185e-08
    19      5  7.0609999363641056e-07 -4.8167459679864812e-06
    19      6  2.6329785400438684e-06 -1.7958416522889279e-05
    19      7 -3.5232685094977877e-05  4.6749076522252366e-09
    19      8 -2.4673964602719017e-08  6.0968989071981214e-06
    19      9 -3.0335180641974322e-07  7.5871796711661548e-05
    19     10  2.3083863134593357e-04 -4.7151344925106264e-08
    19     11 -1.4564559050149713e-07 -1.4209417025841591e-06
    19     12 -3.5551688620850482e-06 -4.7019178547148256e-05
    19     13  1.2873141263294093e-04  5.5184541478092709e-05
    19     14  2.0438492095369756e-06 -5.1588170786500596e-07
    19     15 -3.2609704201653525e-05  7.7424153237836194e-06
    19     16 -3.4357274489587371e-04 -1.2105896532540092e-07
    19     17  1.7140042897091385e-07  6.8354517589073668e-06
    19     18  6.3981264615431376e-07  1.9349524793401935e-05
    19     19  2.6442753629742484e+00 -8.3452997605993691e-11
    19     20  5.5214434389410144e-10  5.5220590165905353e-09
    19     21  4.5782201203682942e-10  2.3871627070766433e-09
    19     22 -1.4337420406532217e-03  6.1483633565968777e-04
    19     23  7.6363112383124943e-09  1.9695028886260155e-09
    19     24 -2.7714130226967439e-09 -9.6379537879877743e-10
    19     25 -1.5925556181114954e-03  6.4583773436362895e-08
    19     26  1.3263144832155571e-09 -1.0150435033707714e-08
    19     27  6.2213232385500235e-10 -7.5107285337331745e-09
    20      1  8.1540947123054279e-07  4.8486141493764177e-05
    20      2  1.0117160184671750e-03 -7.5381968246445155e-03
    20      3  4.1178370108514402e-04 -3.1448080823966726e-03
    20      4 -1.9712595480680381e-08  4.9415955077479574e-06
    20      5  4.7940303957053120e-04  7.2359708719526740e-05
    20      6  8.0122127882998229e-04  1.2093369269404545e-04
    20      7 -2.4673964599996815e-08  6.0968989071986948e-06
    20      8 -2.1516214874035673e-04 -1.7797262815144764e-06
    20      9 -4.1175291773030802e-04 -3.3819463057771302e-06
    20     10 -6.9793684478715137e-08  1.4075399519574395e-06
    20     11 -3.0056568972569334e-05  4.1805909183898305e-06
    20     12 -8.6001616974873472e-04  1.1918873521895180e-04
    20     13 -8.3339098273832891e-07  1.9218632866255446e-06
    20     14  1.1731703451338626e-05  4.7339320275250685e-05
    20     15  2.5163563273137418e-05  1.0801190510421757e-04
    20     16  8.1306656777201299e-07 -7.0191732723263433e-06
    20     17  4.7989796795576699e-04 -6.8373786003976997e-05
    20     18  8.2887869062010398e-04 -1.1875794316970557e-04
    20     19  5.5078198847113614e-10 -5.5329975848675222e-09
    20     20  6.1694707401269044e-01 -7.5557190134716536e-11
    20     21 -7.9817712004422281e-02 -4.5848525878907204e-06
    20     22 -4.1874120418516377e-09 -1.0253110384664235e-08
    20     23  4.0272488668555487e-04 -1.5693528349841831e-03
    20     24 -3.8132770801821821e-04  1.5776302315958623e-03
    20     25  9.7035417431746461e-11  6.7506972306520832e-09
    20     26  1.6271492252436573e-03  2.3726730957277154e-04
    20     27  1.6914098939066311e-03  2.4664437965957918e-04
    21      1  4.8360788381063766e-07  2.8657947871763556e-05
    21      2  4.0609029573172579e-04 -3.0270613160717254e-03
    21      3  1.2903736227121989e-02 -9.8590212134945870e-02
    21      4 -7.5347364453829840e-08  1.8614042717612439e-05
    21      5  7.8261344977091879e-04  1.1808045607498237e-04
    21      6  2.1642666781088310e-02  3.2654211602567151e-03
    21      7 -3.0335180642027553e-07  7.5871796711663282e-05
    21      8 -4.1175291773030867e-04 -3.3819463057758563e-06
    21      9 -8.1827395541077680e-03 -6.6747118530712077e-05
    21     10 -3.5442649629998756e-06  4.4513852746426564e-05
    21     11 -9.1055454605443870e-04  1.2630214816279972e-04
    21     12 -3.5856648894131656e-02  4.9339696239153515e-03
    21     13 -1.1284942329443483e-05  2.6024745819947515e-05
    21     14 -3.3769431294483534e-05 -1.3623475978193078e-04
    21     15  2.0939921102391072e-03  8.9858297903922107e-03
    21     16  2.0063448418342505e-06 -1.9191297483283161e-05
    21     17  8.1006109534879759e-04 -1.1608141363400240e-04
    21     18  2.2478091925442478e-02 -3.2135701195806880e-03
    21     19  4.5788632581307597e-10 -2.3857622543039379e-09
    21     20 -7.9817712004404989e-02  4.5848572534328463e-06
    21     21  1.0193763895832308e+00  4.1306439998049677e-12
    21     22 -3.7713704875176040e-09 -7.7589739446695201e-09
    21     23  4.5685889193803448e-04 -1.7807246214738685e-03
    21     24 -1.1465043045191081e-02  4.7444985300745660e-02
    21     25  1.1629623915192526e-09  2.3071283297169221e-09
    21     26  1.7728880037059681e-03  2.5841331399472587e-04
    21     27  5.1055800502435023e-02  7.4420532913208153e-03
    22      1 -3.1052336928239150e-04 -1.2560236785092799e-04
    22      2  4.8804705336508312e-06  3.9251064805979939e-06
    22      3  1.2819640177442157e-05  1.1641006461876791e-05
    22      4 -7.0515556327141885e-03 -3.0221276899208161e-03
    22      5  2.4093366281150841e-05 -3.9235430130832834e-05
    22      6  1.2270415817129999e-05 -1.9980370917148651e-05
    22      7  1.2873141263291952e-04  5.5184541478091097e-05
    22      8 -8.3339098273801826e-07  1.9218632866255048e-06
    22      9 -1.1284942329443054e-05  2.6024745819946187e-05
    22     10 -2.9303461059921741e-05 -1.2562780804545889e-05
    22     11  1.5335834083541559e-06 -5.6655948286052261e-06
    22     12  1.6748775759715004e-05 -6.1865574758575807e-05
    22     13  1.6624884133983572e-04  1.7448391574032622e-04
    22     14  3.9879181245016233e-07  2.9178954244480090e-07
    22     15 -1.0190896684599773e-05 -4.1456679302436273e-06
    22     16  1.8230158462791552e-04  7.8195558594833494e-05
    22     17  1.3402906875573169e-07 -5.0588140790601460e-07
    22     18  1.9918012109692116e-06 -7.5045852487436051e-06
    22     19 -1.4337420406531200e-03 -6.1483633565971704e-04
    22     20 -4.1874120427951555e-09  1.0253110384210184e-08
    22     21 -3.7713704874127605e-09  7.7589739447478243e-09
    22     22  3.4988134122178369e+00 -8.2889448399743460e-11
    22     23 -2.9968953564172598e-08 -2.2125947369728477e-08
    22     24  1.5874471771911109e-09  1.9665970305180330e-09
    22     25  1.6658703266959375e-04  7.1430522882160935e-05
    22     26  4.4247666475493775e-10 -1.0224900803833602e-09
    22     27  3.5626878751002621e-09 -5.7089155794522773e-09
    23      1 -6.7309876801233972e-06  1.0078561687663907e-06
    23      2 -4.6463132241187526e-04  5.4951473056634314e-05
    23      3 -8.6548367337938460e-04  1.0604530341103526e-04
    23      4  4.5326540804103898e-05 -1.1438276026268317e-05
    23      5 -7.3639624160515900e-04 -7.2379765752396824e-03
    23      6 -3.3645348629363309e-04 -3.3069788059761594e-03
    23      7  2.0438492095374826e-06 -5.1588170786437482e-07
    23      8  1.1731703451350220e-05  4.7339320275263045e-05
    23      9 -3.3769431294484401e-05 -1.3623475978193078e-04
    23     10  5.6675872108633804e-06 -1.4299273081626515e-06
    23     11 -7.6454014288265934e-05 -1.8720528790227713e-04
    23     12 -1.2714527745394312e-04 -3.1132309109846131e-04
    23     13  3.9879181245030854e-07  2.9178954244482679e-07
    23     14 -3.8360280017931740e-05  2.0740583609679248e-05
    23     15  1.2739537354226080e-03 -6.6417915881405022e-04
    23     16  5.0506755444474733e-07 -1.2745852229247216e-07
    23     17 -8.4397401451963847e-08 -2.0349910896247039e-07
    23     18  1.8932903626796781e-04  4.5703854223243939e-04
    23     19  7.6363112392093053e-09 -1.9695028891368471e-09
    23     20  4.0272488668551362e-04  1.5693528349841185e-03
    23     21  4.5685889193803470e-04  1.7807246214738720e-03
    23     22 -2.9979066622511685e-08  2.2132892284512870e-08
    23     23  2.3068928789081817e+00 -7.4369646243401230e-11
    23     24  8.8384064523989919e-02 -1.2407314610155572e-03
    23     25  8.2040897670330462e-10 -4.7746212215239991e-10
    23     26 -1.0159042460952711e-06 -9.5111624005667062e-06
    23     27  4.7704626727949949e-05  4.4667690203729253e-04
    24      1  1.9028999825191434e-05 -2.5663944405003994e-06
    24      2  7.5095572324696165e-04 -7.8811679798219644e-05
    24      3  2.0730278132339033e-02 -2.2355785830689701e-03
    24      4 -2.6527035639997273e-05  6.2973167401725863e-06
    24      5  2.4590640910485335e-04  2.8078728398339939e-03
    24      6  8.0270479274230627e-03  9.1656748115987688e-02
    24      7 -3.2609704201654778e-05  7.7424153237837803e-06
    24      8  2.5163563273136659e-05  1.0801190510421736e-04
    24      9  2.0939921102391176e-03  8.9858297903921969e-03
    24     10 -6.9029768968187539e-05  1.6387321830973412e-05
    24     11  1.1645443219858421e-04  2.9699676679591181e-04
    24     12  1.6598037224876752e-03  4.2329496415451640e-03
    24     13 -1.0190896684600792e-05 -4.1456679302437603e-06
    24     14  1.2739537354226084e-03 -6.6417915881404968e-04
    24     15 -4.4760655597053292e-02  2.2523485082306095e-02
    24     16 -9.2598332532027738e-06  2.1936421496744029e-06
    24     17 -1.5037706355757905e-04 -3.7792962670884795e-04
    24     18 -7.3271131924916751e-03 -1.8414378422618408e-02
    24     19 -2.7714130226796151e-09  9.6379537872179152e-10
    24     20 -3.8132770801821918e-04 -1.5776302315958671e-03
    24     21 -1.1465043045191015e-02 -4.7444985300745687e-02
    24     22  1.5860459704506620e-09 -1.9656495875965405e-09
    24     23  8.8384064524004310e-02  1.2407314558084638e-03
    24     24  2.5985079189566020e+00  4.2862697342274808e-12
    24     25 -6.3931153961817907e-09  2.5072250325333211e-09
    24     26 -3.7542988205146674e-05 -4.0533420221144901e-04
    24     27 -1.7460707059165255e-03 -1.8851266064213931e-02
    25      1 -3.5046702454278353e-04  7.3550561414929013e-06
    25      2 -4.7605005925552742e-06 -6.1852777422165798e-07
    25      3 -1.7331240760925025e-05 -2.1946675657624596e-06
    25      4  2.3977209914370623e-04 -4.5369756045794224e-08
    25      5 -4.2539896654065325e-08  2.9825328352308997e-07
    25      6 -1.7354945201958588e-06  6.8716401013689549e-06
    25      7  2.3083863134592603e-04 -4.7151344922360368e-08
    25      8 -6.9793684478594792e-08  1.4075399519569372e-06
    25      9 -3.5442649630002280e-06  4.4513852746425148e-05
    25     10  2.1073469669511449e-04 -1.0890023762250145e-08
    25     11 -1.2134122104391136e-07 -8.5519628560294606e-07
    25     12 -2.6140605317300905e-06 -1.8448679405163663e-05
    25     13 -2.9303461059903202e-05 -1.2562780804544033e-05
    25     14  5.6675872108637624e-06 -1.4299273081634391e-06
    25     15 -6.9029768968186672e-05  1.6387321830972863e-05
    25     16 -7.9473806863893208e-03 -9.9814850560526148e-07
    25     17 -7.0013572971089090e-06 -4.7710348727583813e-05
    25     18 -3.8704060855727503e-06 -2.6365876181822875e-05
    25     19 -1.5925556181115509e-03 -6.4583773461044680e-08
    25     20  9.7035420000373874e-11 -6.7506972300364118e-09
    25     21  1.1629623912692838e-09 -2.3071283297087107e-09
    25     22  1.6658703266963229e-04 -7.1430522882172224e-05
    25     23  8.2040897655653559e-10  4.7746212177874660e-10
    25     24 -6.3931153962462810e-09 -2.5072250325281446e-09
    25     25  3.2405077955010908e+00 -8.3234900459358976e-11
    25     26  1.9406303080987085e-09 -1.9421981426432855e-08
    25     27 -8.4773383424588379e-10 -2.5148708888371884e-09
    26      1 -7.9772064149558915e-07 -4.8921187487014999e-06
    26      2  5.4903737459896580e-06  4.8232744932604366e-04
    26      3  1.2080176153944959e-05  8.2759823222147135e-04
    26      4  4.8605684109404592e-08  2.9519153141719971e-07
    26      5  3.1212616152639888e-05  1.8942315144463238e-07
    26      6  1.0433107216041198e-03  6.0198293363201633e-06
    26      7 -1.4564559050146418e-07 -1.4209417025838756e-06
    26      8 -3.0056568972582443e-05  4.1805909183907801e-06
    26      9 -9.1055454605443783e-04  1.2630214816280072e-04
    26     10 -1.2134122104424597e-07 -8.5519628560306263e-07
    26     11  7.1841103315617216e-06 -2.0761896069065966e-06
    26     12  3.9473778617550191e-04 -1.1407746303726757e-04
    26     13  1.5335834083549343e-06 -5.6655948286060130e-06
    26     14 -7.6454014288262112e-05 -1.8720528790225403e-04
    26     15  1.1645443219858269e-04  2.9699676679591246e-04
    26     16 -6.8224776062519455e-06 -4.8238309149506966e-05
    26     17 -7.2923993063990665e-03  2.1470473520295414e-03
    26     18 -3.1319139829313752e-03  9.2210632845262936e-04
    26     19  1.3263144818004651e-09  1.0150435032625497e-08
    26     20  1.6271492252436048e-03 -2.3726730957276688e-04
    26     21  1.7728880037059650e-03 -2.5841331399472500e-04
    26     22  4.4247666504896407e-10  1.0224900797936457e-09
    26     23 -1.0159042461027860e-06  9.5111624005667197e-06
    26     24 -3.7542988205147270e-05  4.0533420221144987e-04
    26     25  1.9428753727439128e-09  1.9433405248346010e-08
    26     26  1.9281980442685938e+00 -7.4967587692963356e-11
    26     27 -8.2916787963213584e-02 -3.0888289886349723e-07
    27      1 -2.9820334586353679e-06 -1.8290942168984557e-05
    27      2  8.7557809987704535e-06  7.6889324915979575e-04
    27      3  3.1066018379740409e-04  2.1275153539556835e-02
    27      4  4.2847973308044750e-07  6.2320786329766243e-06
    27      5  9.5474759877273423e-04  5.5721567694444873e-06
    27      6  3.9843206134985286e-02  2.0984340356873166e-04
    27      7 -3.5551688620847314e-06 -4.7019178547149618e-05
    27      8 -8.6001616974873364e-04  1.1918873521895066e-04
    27      9 -3.5856648894131656e-02  4.9339696239153515e-03
    27     10 -2.6140605317301316e-06 -1.8448679405164713e-05
    27     11  3.9473778617550213e-04 -1.1407746303726632e-04
    27     12  1.7390039575697305e-02 -5.0256432180933314e-03
    27     13  1.6748775759715488e-05 -6.1865574758576702e-05
    27     14 -1.2714527745394323e-04 -3.1132309109846131e-04
    27     15  1.6598037224876752e-03  4.2329496415451501e-03
    27     16 -3.9361526297754550e-06 -2.7845556841015696e-05
    27     17 -2.8895270249568632e-03  8.5075498996155577e-04
    27     18 -9.3493473587201434e-02  2.7527007588081236e-02
    27     19  6.2213232384935549e-10  7.5107285338155716e-09
    27     20  1.6914098939066289e-03 -2.4664437965957815e-04
    27     21  5.1055800502434884e-02 -7.4420532913207858e-03
    27     22  3.5626878751374373e-09  5.7089155794436664e-09
    27     23  4.7704626727950193e-05 -4.4667690203729253e-04
    27     24 -1.7460707059165238e-03  1.8851266064213945e-02
    27     25 -8.4796436401201655e-10  2.5133784466730959e-09
    27     26 -8.2916787963182401e-02  3.0888773736040839e-07
    27     27  2.2602182341618788e+00  3.8569278555263240e-12
