# AMAT exchange matrix
# mode paw_orth_only
# implementation full_grid_only
# response_basis TODO
# shape 28 28
# q_ext 0.000000000000 0.333333333333 0.000000000000
# vasp_storage 0
# i j real imag
     1      1  0.0000000000000000e+00  0.0000000000000000e+00
     1      2 -8.2591794851636346e-06 -1.2364332103945968e-06
     1      3  3.6125220256464797e-05  5.4697685635765272e-06
     1      4  9.0783117998088827e-04  1.5533902114117845e-03
     1      5 -7.3501099473593282e-06  2.9619353203060129e-06
     1      6  3.6805957735617352e-05 -1.4829371639511176e-05
     1      7  3.6895249086410330e-06 -6.1176971044323480e-06
     1      8  9.9752291920269793e-05  6.0737222025647174e-05
     1      9 -4.8583379944655536e-05 -2.9584750199820376e-05
     1     10  4.7068631715181065e-05 -2.2083488431685659e-05
     1     11 -5.4628987636580028e-06 -8.3506399381388431e-06
     1     12 -1.5846818310737371e-04 -2.3496549912262903e-04
     1     13  6.5398695584511810e-05 -2.0848756643593867e-06
     1     14 -3.2602521215698203e-05  2.6650101096397151e-05
     1     15 -5.1145064133955047e-04  4.1847491777760462e-04
     1     16 -1.4274787484588477e-03  1.1058452071090359e-03
     1     17 -4.6578053627953913e-06 -4.4791071332240042e-06
     1     18 -3.2774645735639542e-05 -3.2419218936012646e-05
     1     19  4.9053590494398799e-03  6.8778417983658170e-03
     1     20 -3.3720011033624009e-05  2.4264030435666848e-05
     1     21  1.0070308307310290e-03  1.4024053023365510e-03
     1     22 -4.9935313576285816e-05  3.6173279210391895e-05
     1     23 -2.2640396859340762e-04  4.0831408490651341e-04
     1     24 -1.4202335358394335e-05  7.1340065506517208e-06
     1     25  6.4151479575793367e-06 -1.0885091391164129e-07
     1     26  2.4543383077469983e-04  4.2013268297820311e-04
     1     27 -3.1288022830753287e-06  1.2790991699389767e-06
     1     28  4.8347978520225422e-05 -1.9762303314827564e-05
     2      1 -8.2591907531587470e-06  1.2364349161062712e-06
     2      2  0.0000000000000000e+00  0.0000000000000000e+00
     2      3 -8.8236260073862358e-02  5.0755073121985439e-06
     2      4  5.6902926479108828e-06  7.0493315437327760e-06
     2      5 -1.5032363615015308e-03  8.8744662697930654e-04
     2      6 -1.7202962329566412e-03  1.0155990625846574e-03
     2      7  5.5847397761275173e-05 -1.3490924373096177e-04
     2      8 -6.7008990433429608e-06 -2.8070120689525937e-06
     2      9 -4.2515371979051262e-05 -1.7812865434534933e-05
     2     10  3.3832464941253870e-05 -2.2599672576532376e-05
     2     11  6.9861321119283922e-06  7.8135957370227853e-06
     2     12 -1.2875521605949620e-04 -1.3999887642917583e-04
     2     13 -1.4790067875870779e-05  2.7286007174916657e-06
     2     14 -3.4275249618406582e-06  3.8776948678915186e-06
     2     15 -1.0091936190975687e-04  1.0940076412570103e-04
     2     16 -7.1663336274114221e-06  7.5181602867007754e-06
     2     17 -1.4291947799583682e-03 -1.0109051422284934e-03
     2     18  1.5924694421532652e-03  1.1602693317534327e-03
     2     19  3.5064846336123364e-05  3.6178096695268659e-05
     2     20  5.8019032977473517e-03 -5.6708627866386835e-03
     2     21  3.1329141047747508e-04  3.2116385999993158e-04
     2     22  2.5039562594642746e-03 -2.4631922042439016e-03
     2     23 -1.0525950671493553e-06  1.8004266185275003e-07
     2     24 -4.1939037417754800e-04  2.6438998553222995e-04
     2     25 -7.6828637560018200e-04  4.8347845538332748e-04
     2     26  7.7919191605485537e-06  9.6562144908781604e-06
     2     27 -4.4166530389143398e-04  2.6373260537139383e-04
     2     28 -7.8801988619923167e-04  4.7055225461874379e-04
     3      1  3.6125221811791249e-05 -5.4697687958299111e-06
     3      2 -8.8236260073881259e-02 -5.0755023623364574e-06
     3      3  0.0000000000000000e+00  0.0000000000000000e+00
     3      4 -1.7727710892242111e-05 -2.1961315262503026e-05
     3      5 -1.8055657703906966e-03  1.0657869508852679e-03
     3      6 -5.5082470121899860e-02  3.2514364909311380e-02
     3      7  1.8732792253125391e-04 -4.5245047024559753e-04
     3      8  2.1391282527826274e-05  8.9619746600995745e-06
     3      9 -9.0640137868333841e-05 -3.8039416098164082e-05
     3     10  2.3973492343524203e-04 -1.6012098889085742e-04
     3     11  9.1921336209063861e-05  1.0282317706461006e-04
     3     12 -1.1099972868454978e-03 -1.2071516208754921e-03
     3     13 -1.8439398129483183e-04  3.4319378145156065e-05
     3     14 -5.6407906158779079e-05  6.0000102231911381e-05
     3     15 -8.7631458763798840e-04  8.7353903015583985e-04
     3     16  5.3922987597457061e-06 -5.6579033163068286e-06
     3     17 -1.8237382359507280e-03 -1.2901306992795793e-03
     3     18  5.1126068244447376e-02  3.7254802683155085e-02
     3     19 -4.6076738519337031e-06 -4.7539146606574896e-06
     3     20  2.4188336593892754e-03 -2.3639344943087188e-03
     3     21  1.4465733735464592e-03  1.4831321235191689e-03
     3     22  8.0742979019383154e-02 -7.9419368316229352e-02
     3     23  1.8787175615620494e-05 -5.9274004674800466e-05
     3     24 -7.5366390903953626e-04  4.7425153342442765e-04
     3     25 -2.1884057375199578e-02  1.3780967442400635e-02
     3     26 -1.0487539228157822e-05 -1.3001590510875275e-05
     3     27 -7.7159191922448155e-04  4.6068380202159858e-04
     3     28 -2.2558965342190818e-02  1.3468942329771520e-02
     4      1  9.0783117998083514e-04 -1.5533902114117800e-03
     4      2  5.6902926479131495e-06 -7.0493315437318663e-06
     4      3 -1.7727710892242176e-05  2.1961315262503002e-05
     4      4  0.0000000000000000e+00  0.0000000000000000e+00
     4      5  1.2401109896116539e-06 -8.5437803513328101e-06
     4      6 -4.5425067318243232e-06  3.0908958938916476e-05
     4      7  3.0242638896902593e-05  5.5673323648958945e-05
     4      8  3.7538174327919307e-05 -2.0244086588431606e-05
     4      9  6.0902287193538985e-04 -3.2877761639013808e-04
     4     10 -7.1516014277755337e-07  7.9111636170150232e-06
     4     11  1.1979462579256872e-04 -6.0471078036211036e-06
     4     12  1.5776200531440092e-05 -1.0164932877799998e-06
     4     13 -3.0136599766930237e-05  5.5790022977610414e-05
     4     14 -4.7680066181771485e-06 -3.0151661891556812e-05
     4     15 -7.1553318398096568e-05 -4.5250620899637542e-04
     4     16  9.9055605270260286e-06  7.5632767556161340e-05
     4     17  6.8309388392332577e-06 -1.9352120689496741e-06
     4     18  3.6655484612119450e-05 -9.8285873881687067e-06
     4     19 -4.8870301094672091e-04  4.4424568820829923e-05
     4     20  4.0374069738299577e-07  4.2430372811114406e-06
     4     21  8.4148623967097774e-04 -7.9221434582956243e-05
     4     22 -4.0617404215043187e-06 -4.1305180358159409e-05
     4     23 -4.1348857082752306e-03 -6.9701230022051900e-03
     4     24 -4.6746108240841243e-06  3.9888455297440938e-05
     4     25 -6.8279877798629677e-06  5.8234891348619817e-05
     4     26  1.2866985791107165e-04  2.5703562127266306e-08
     4     27  1.3840445359577015e-06 -9.6418862201621708e-06
     4     28 -1.9854939837160382e-06  1.2482527419887195e-05
     5      1 -7.3501099473586582e-06 -2.9619353203064148e-06
     5      2 -1.5032363615014460e-03 -8.8744662697925255e-04
     5      3 -1.8055657703906984e-03 -1.0657869508852713e-03
     5      4  1.2401111838390503e-06  8.5437923740569586e-06
     5      5  0.0000000000000000e+00  0.0000000000000000e+00
     5      6 -9.1760019341615762e-02  3.3982921077349337e-07
     5      7 -1.2112061379946165e-05  9.0886468176564272e-06
     5      8 -3.0881220151581479e-06 -3.9999613379543076e-06
     5      9 -8.8957631034954971e-05 -1.2193333422137623e-04
     5     10  1.5176721875055803e-04 -8.4503614451172686e-06
     5     11  2.1159304769980847e-06  1.0642982579844156e-05
     5     12 -1.4039981354952276e-05 -6.5780204378328210e-05
     5     13 -3.8161224312978832e-06 -1.3907315789038478e-06
     5     14 -9.5585356958049613e-06  2.9846299766889204e-06
     5     15 -2.5157479602159409e-04  7.8551695085520419e-05
     5     16 -9.6124407252150446e-06  2.7230098268449301e-06
     5     17 -5.8033725022525393e-06 -1.2930041964577199e-05
     5     18 -8.6174091136041807e-05 -1.9945570902633967e-04
     5     19  2.8029952553344056e-06  1.1631556887234712e-05
     5     20  5.0347285802577275e-04 -1.2356996423945276e-04
     5     21  1.0094621998382681e-04  4.1305682405822359e-04
     5     22  9.4250168320553695e-04 -2.3454016628135402e-04
     5     23 -3.8969908001876466e-05  3.1593124964330435e-05
     5     24 -7.7491222251192173e-03  2.2586685671553808e-04
     5     25 -3.4501028185140253e-03  1.0056237873645808e-04
     5     26  1.0559554169754874e-06  7.1290921979416394e-06
     5     27  3.4339617826123680e-05 -2.1168730099823512e-07
     5     28  1.0715210438686927e-03 -6.3475194855076896e-06
     6      1  3.6805957735617420e-05  1.4829371639511108e-05
     6      2 -1.7202962329566441e-03 -1.0155990625846604e-03
     6      3 -5.5082470121899860e-02 -3.2514364909311352e-02
     6      4 -4.5425068783216030e-06 -3.0908960597172548e-05
     6      5 -9.1760019341650678e-02 -3.3982408250193978e-07
     6      6  0.0000000000000000e+00  0.0000000000000000e+00
     6      7 -1.1544358913536756e-04  8.7121574325085003e-05
     6      8 -4.5565917403805472e-05 -6.3584799440930955e-05
     6      9 -6.9026145990886550e-04 -1.0316014392394391e-03
     6     10  5.6201183436657373e-04 -3.1290000485886627e-05
     6     11  5.3096732052393294e-06  2.6723464052964764e-05
     6     12 -6.0676392057079035e-05 -2.8454330059835562e-04
     6     13  2.8221463103505129e-05  1.0282019187398761e-05
     6     14 -1.8635027663864635e-04  5.8185863840583950e-05
     6     15 -2.2695945799577882e-03  7.0859144684021561e-04
     6     16  9.7947039659839028e-06 -2.7762026708512693e-06
     6     17  1.0000519012660469e-04  2.2282328724054215e-04
     6     18 -4.5399614528366695e-03 -1.0507826969478176e-02
     6     19 -5.1169788815667966e-06 -2.1233328260916917e-05
     6     20  8.7417051976450754e-04 -2.1455060160447781e-04
     6     21  4.5031835808496842e-04  1.8427551405564267e-03
     6     22  2.6047307658894098e-02 -6.4816661360029143e-03
     6     23  3.1059441830545337e-06 -2.5156981420837984e-06
     6     24 -3.1884578265457594e-03  9.2922381732201082e-05
     6     25 -1.0584716843837599e-01  3.0847392275869202e-03
     6     26 -7.9051026857958419e-06 -5.0824198197082410e-05
     6     27  9.7871635897494387e-04 -5.8740140103045319e-06
     6     28  4.1365967556526030e-02 -2.2018536035244379e-04
     7      1 -4.0441141302915388e-06 -6.7046783116351004e-06
     7      2  3.7928502200357675e-05  9.1622763502276252e-05
     7      3 -3.5785921458615579e-04 -8.6434004247399200e-04
     7      4  2.5303922572221229e-05 -4.6615881451552543e-05
     7      5 -5.0831047664005496e-05 -3.8219548335405782e-05
     7      6 -1.2550491133554915e-03 -9.4451680703561245e-04
     7      7  0.0000000000000000e+00  0.0000000000000000e+00
     7      8  3.3715141570690668e-08 -4.1577973562779034e-06
     7      9  5.3743193182478404e-08 -1.1888047805533375e-05
     7     10 -1.4866183637191051e-03 -9.9406284539351407e-04
     7     11  3.9516250358830224e-06 -8.2066692719805759e-06
     7     12  5.5271294712894158e-06 -1.1898980964686245e-05
     7     13 -9.4951250885969951e-04 -1.4609239686772346e-03
     7     14  9.3684807173348071e-06  3.3389017940673212e-06
     7     15 -1.1823949780361699e-05 -4.2158458011253253e-06
     7     16  3.7790272662739340e-05  1.4612456355173958e-05
     7     17  2.4041452849682255e-06 -1.0594066578877123e-05
     7     18 -2.7554491878667962e-04  1.1398868820721129e-03
     7     19 -3.3897717190999841e-04  7.8305980959818625e-04
     7     20 -3.9046666749551996e-03 -1.6708582057444338e-03
     7     21  7.5732287344249861e-04 -1.7649871897341554e-03
     7     22 -3.1952145543257915e-04 -1.3551188941954403e-04
     7     23 -4.6408181728814553e-05  1.6825734087761980e-06
     7     24  1.9794540803679632e-04  1.4008562412365792e-04
     7     25 -6.4601089462161987e-04 -4.5718382113357455e-04
     7     26 -1.9192688699447648e-05  3.6224924741643297e-05
     7     27  1.9397964364888538e-04  1.4451395021287844e-04
     7     28 -6.5856377525750362e-04 -4.9156960300255205e-04
     8      1  1.3382347956561520e-04 -8.1482511343238670e-05
     8      2 -1.2084284777858167e-05  5.0619961110284891e-06
     8      3 -3.7828126584535046e-04  1.5848573226235076e-04
     8      4  3.4055990739966499e-06  1.8189157568443898e-06
     8      5 -7.1396517024852905e-06  9.4325074329222907e-06
     8      6 -3.0659895646938340e-04  4.1359062446339953e-04
     8      7  3.3716975027968094e-08  4.1577844172018335e-06
     8      8  0.0000000000000000e+00  0.0000000000000000e+00
     8      9 -8.8577292084851419e-02 -5.0964260271010456e-06
     8     10  6.8305045388375761e-06 -1.0308452392565830e-05
     8     11  1.5966747996860914e-03  7.6058354815470403e-04
     8     12 -1.7446489193711902e-03 -8.0122382643921263e-04
     8     13  9.2841631548210095e-06 -6.0896096232400084e-06
     8     14 -5.7423311183214571e-04  1.6329243115545554e-03
     8     15 -6.2446714644610825e-04  1.7757451582695758e-03
     8     16  1.7928577273803678e-05 -4.6952756232503241e-05
     8     17 -1.7625588709114716e-05 -3.9216346271972572e-06
     8     18  5.4251635382336432e-04  1.2872881556557500e-04
     8     19 -3.9569740404033285e-03 -1.6932411825950249e-03
     8     20  7.6725254193725362e-05 -1.8141449154070343e-04
     8     21 -1.7622300739800760e-03 -7.4738113465484834e-04
     8     22  2.3674485281352148e-04 -5.6480952308625497e-04
     8     23 -1.2377989220280898e-05 -3.0593084389715555e-04
     8     24 -2.1065920927130354e-05  3.0034510353858221e-05
     8     25 -3.5492668077474364e-04  5.0602327735652542e-04
     8     26 -2.6482911074027828e-04 -1.4312674955173132e-04
     8     27 -2.9696963449328064e-05  4.0240300676290433e-05
     8     28 -4.3030141660199516e-04  5.8206325262479051e-04
     9      1  5.6023656627337561e-04 -3.4116021067413457e-04
     9      2  7.9911166490468792e-05 -3.3482717926144683e-05
     9      3 -1.3886360941850182e-03  5.8191146281431146e-04
     9      4 -2.3081603832311455e-05 -1.2394478741227342e-05
     9      5 -1.8257775487313455e-05  2.7123098107629758e-05
     9      6 -1.5635703905382415e-03  2.2026745129768706e-03
     9      7  5.3743102383940612e-08  1.1888049475851854e-05
     9      8 -8.8577292084833101e-02  5.0964307969771867e-06
     9      9  0.0000000000000000e+00  0.0000000000000000e+00
     9     10  6.7046450285229781e-06 -1.0118836884285863e-05
     9     11  1.9636990552446788e-03  9.3528012994115672e-04
     9     12 -5.5076521986951690e-02 -2.5289840823644050e-02
     9     13  3.0550599011930404e-06 -2.0024674597215604e-06
     9     14 -6.5506335660587243e-04  1.8631261616666602e-03
     9     15 -1.9486541577697622e-02  5.5422602764432394e-02
     9     16  1.6776735870651903e-04 -4.3943381085725708e-04
     9     17 -9.9338996474744438e-05 -2.2094639064238386e-05
     9     18  3.0534012373479914e-03  7.2429110960825493e-04
     9     19 -1.7138549227661290e-03 -7.3326547570377225e-04
     9     20  4.1189727597244934e-05 -9.7406031057603506e-05
     9     21 -5.8763790927074303e-02 -2.4918655453057895e-02
     9     22  1.3494742765142458e-03 -3.2201967097992279e-03
     9     23 -2.9935018129243065e-05 -7.3881506078874197e-04
     9     24 -7.0200140921456374e-05  1.0010603838428588e-04
     9     25 -2.1165121645338298e-03  3.0179886586239948e-03
     9     26 -6.5043903639584472e-04 -3.5009348567330420e-04
     9     27 -1.3451367475415021e-04  1.8135734439009876e-04
     9     28 -2.8282806814496192e-03  3.7991747835969475e-03
    10      1  1.5950989391306874e-05  7.4840866915525096e-06
    10      2 -4.8269681453944849e-06 -3.2246869122420682e-06
    10      3 -1.0831489919235790e-03 -7.2345026553885408e-04
    10      4  1.9810514326208874e-06  2.1899055469041979e-05
    10      5  1.0332406954532321e-04  5.7529797244465290e-06
    10      6 -1.0288194462427670e-03 -5.7282253582354454e-05
    10      7 -1.4866183637191454e-03  9.9406284539351559e-04
    10      8  6.8305045388396216e-06  1.0308452392565624e-05
    10      9  6.7046450285227807e-06  1.0118836884285750e-05
    10     10  0.0000000000000000e+00  0.0000000000000000e+00
    10     11  9.6532615671146311e-07  6.9575511202674962e-06
    10     12 -9.3609567899536146e-07 -6.0170180119486595e-06
    10     13  6.3779309486026135e-05  2.7347912543899075e-05
    10     14  9.4162940830964141e-06 -2.3747210568789064e-06
    10     15  2.2942516673900717e-06 -5.7924175510821381e-07
    10     16  4.0586851726544884e-05 -8.3232934718905316e-06
    10     17 -2.4459745037612710e-05 -6.3550265660144422e-05
    10     18  6.4462859204301429e-04  1.7530915212013178e-03
    10     19  1.0840390835292438e-05  5.6539325535572330e-05
    10     20 -2.4490159304804883e-04  4.5751585173255842e-05
    10     21 -2.4503413469194731e-04 -1.2990726065359762e-03
    10     22  9.1121381838942818e-04 -1.7253213296858821e-04
    10     23 -6.1210588174780936e-04  4.4221346856553625e-04
    10     24  4.0567322351702587e-03  1.0745986722819980e-04
    10     25  3.8300661643291076e-04  1.0144309212329694e-05
    10     26 -2.7462164033029536e-06 -3.0423596339615936e-05
    10     27 -3.9415957002589115e-05 -1.9968465362291626e-06
    10     28 -1.4624808689224509e-03 -7.4085642507786578e-05
    11      1 -2.7085340174294836e-05  4.1402384975210193e-05
    11      2  9.4606047722726299e-06 -1.0580874830993023e-05
    11      3  3.3663298139028947e-04 -3.7654369092297640e-04
    11      4  1.5838066626664286e-04  7.9949317783489955e-06
    11      5  3.0178369849001314e-06 -1.5179307422266932e-05
    11      6  7.7684928852437751e-05 -3.9075655290413076e-04
    11      7  3.9516250358833383e-06  8.2066692719813704e-06
    11      8  1.5966747996861623e-03 -7.6058354815469861e-04
    11      9  1.9636990552446788e-03 -9.3528012994115498e-04
    11     10  9.6532306176351656e-07 -6.9575375648240870e-06
    11     11  0.0000000000000000e+00  0.0000000000000000e+00
    11     12  9.8607052798804953e-02 -1.3842453678844372e-03
    11     13 -4.1061554446026905e-06  6.7620238289917784e-06
    11     14 -1.2364609910010753e-06 -1.1576164053885167e-05
    11     15  3.9235935502316034e-05  3.6738235251192316e-04
    11     16 -5.6695200882494477e-07 -6.6156101803459781e-06
    11     17  1.6867828224410583e-05 -3.7083276176355282e-06
    11     18 -5.7654886265225982e-04  1.2210709414234614e-04
    11     19  3.0097404736488065e-04 -1.2044735057178882e-05
    11     20  2.1723067454139892e-06  4.8855135784440311e-05
    11     21  8.1710561569748707e-04 -3.6562886573317459e-05
    11     22  3.0713205242712585e-05  6.5691055425448858e-04
    11     23  1.9535089659504733e-03  3.7070572909900829e-03
    11     24  3.4794503878561691e-05 -2.0628612864494550e-04
    11     25  9.1810291596272875e-05 -5.4427535447782479e-04
    11     26  1.4989914635770115e-05  7.5921173605163447e-07
    11     27  2.8170300249483749e-06 -1.4550480029260324e-05
    11     28  1.1158168578154234e-04 -5.7631906294129611e-04
    12      1  2.2693129025290666e-04 -3.3647884628020534e-04
    12      2 -3.2641018376684317e-05  3.5487870734758284e-05
    12      3 -1.8436102777255057e-03  2.0048745221263164e-03
    12      4 -6.7815032311641760e-04 -4.3785256027494143e-05
    12      5  1.2636899497872256e-05 -5.9205437673426418e-05
    12      6 -2.9851300531778509e-04  1.3986999786445402e-03
    12      7  5.5271294712893243e-06  1.1898980964686368e-05
    12      8 -1.7446489193711885e-03  8.0122382643921046e-04
    12      9 -5.5076521986951774e-02  2.5289840823644022e-02
    12     10 -9.3609602853516687e-07  6.0170199233976105e-06
    12     11  9.8607052798815167e-02  1.3842453625336876e-03
    12     12  0.0000000000000000e+00  0.0000000000000000e+00
    12     13 -2.8683547535543733e-06  4.5795499855312755e-06
    12     14 -3.0533627927975228e-05 -3.2966636571041849e-04
    12     15 -1.5246664081524051e-03 -1.6460898799024043e-02
    12     16  6.7406151474031897e-06  9.9222634303192320e-05
    12     17 -1.7158634762407291e-04  3.5124590956954322e-05
    12     18  3.6006581295637040e-03 -6.6994785941634197e-04
    12     19 -7.1675049549022062e-04  1.9733497146299475e-05
    12     20 -6.0076872526011130e-06 -2.1394585204483247e-04
    12     21 -2.4617865857242169e-02  7.3831293712942297e-04
    12     22 -1.2769455107417737e-04 -4.3349280630610434e-03
    12     23 -8.2075477822450517e-04 -1.6119585691621837e-03
    12     24 -1.8834941614815321e-05  1.0286974194379658e-04
    12     25 -5.6922747594833679e-04  3.1083172524377289e-03
    12     26 -2.5239531412713146e-04 -1.6338212945971425e-05
    12     27 -2.8936713974617620e-05  1.3899443743490054e-04
    12     28 -7.5391741953807680e-04  3.6210240963525930e-03
    13      1  4.3518782599123444e-05  1.3492792425646565e-06
    13      2 -6.1537650145361217e-05 -1.1421215606129804e-05
    13      3 -1.6865154219739124e-03 -3.1354533484450833e-04
    13      4 -2.1907698959473191e-05 -4.0556334312892103e-05
    13      5 -5.0203420429834712e-05  1.8294544166295166e-05
    13      6 -1.4087283103477221e-03  5.1335929931374091e-04
    13      7 -9.4951250885965245e-04  1.4609239686772947e-03
    13      8  9.2841631548215059e-06  6.0896096232403058e-06
    13      9  3.0550599011931158e-06  2.0024674597214202e-06
    13     10  6.3779309486062402e-05 -2.7347912543950351e-05
    13     11 -4.1061554446030039e-06 -6.7620238289921960e-06
    13     12 -2.8683547535543153e-06 -4.5795499855314754e-06
    13     13  0.0000000000000000e+00  0.0000000000000000e+00
    13     14 -2.8218360474395684e-06  2.1316980445773050e-06
    13     15 -9.9112937239009979e-06  7.5636378455331952e-06
    13     16 -3.9049193102186434e-06  2.8207995303015064e-06
    13     17  6.6064166931061784e-05  6.7950655217841489e-05
    13     18  7.3209456557498461e-04  7.7445282661679261e-04
    13     19  2.9250107248153090e-05  4.4072709673738585e-05
    13     20 -2.0717522946072975e-04  1.3875386110685380e-04
    13     21 -9.4416124797136957e-04 -1.4127591302860111e-03
    13     22  7.8869744439282298e-04 -5.3190893886782050e-04
    13     23  2.4189774863806286e-05 -4.0436678574338996e-05
    13     24 -5.8848676740357874e-05  2.3388041651930972e-05
    13     25 -1.6633232232758086e-03  6.6106913653239262e-04
    13     26  3.5393965943685289e-04  6.5549443476916355e-04
    13     27  3.8719430426437771e-03 -1.4329687067183496e-03
    13     28  2.4554298251897510e-04 -9.0868363952435055e-05
    14      1 -3.0716898500293548e-06 -2.4888370123683905e-06
    14      2 -6.7119901099233310e-06 -7.5125277333221090e-06
    14      3 -3.2706173629378583e-04 -3.5947211815260803e-04
    14      4  1.0306691829995357e-06 -6.5169811714643782e-06
    14      5 -1.5110813946149453e-05 -4.7183642439841748e-06
    14      6 -5.7508591993755292e-04 -1.7956837321859520e-04
    14      7  9.3684807173347834e-06 -3.3389017940663742e-06
    14      8 -5.7423311183218181e-04 -1.6329243115545831e-03
    14      9 -6.5506335660587059e-04 -1.8631261616666619e-03
    14     10  9.4162940830958382e-06  2.3747210568799135e-06
    14     11 -1.2364609910095558e-06  1.1576164053875911e-05
    14     12 -3.0533627927975066e-05  3.2966636571041784e-04
    14     13 -2.8218243756325174e-06 -2.1316892666816329e-06
    14     14  0.0000000000000000e+00  0.0000000000000000e+00
    14     15 -9.1953320519573029e-02 -3.4040616582833335e-07
    14     16  1.5179128823121886e-04  4.0399272902646035e-06
    14     17 -1.9967215353843096e-06 -1.6669288696865736e-05
    14     18  4.2937171021802073e-05  4.0673499319918274e-04
    14     19  1.9690205911401204e-05 -2.9707627581013245e-04
    14     20  3.6091757607458922e-05  2.2396676953904764e-06
    14     21  4.6333724255817488e-05 -7.3481982068272973e-04
    14     22  5.9555863940167304e-04  3.5038031752168378e-05
    14     23 -7.5705941446779964e-06  2.9906281767675952e-06
    14     24 -1.5860367564672987e-05 -4.4782621859665098e-06
    14     25 -6.4114798937809259e-04 -1.8145562332035745e-04
    14     26  6.4210650265583821e-04 -4.0558241398021737e-03
    14     27 -2.0064940803132930e-04 -6.1547435061199942e-05
    14     28 -5.6117264698679701e-04 -1.7214444507323930e-04
    15      1  7.1312885022155087e-06  5.8095828999420846e-06
    15      2 -6.9361432320541496e-06 -5.4049610111275327e-06
    15      3 -1.6707907454255144e-03 -1.7526333001300052e-03
    15      4  3.3891719169845832e-05 -2.1431134554153540e-04
    15      5 -1.3106054708113794e-04 -4.0922847781465857e-05
    15      6 -3.4506634136291115e-03 -1.0773977420170597e-03
    15      7 -1.1823949780361723e-05  4.2158458011251423e-06
    15      8 -6.2446714644610781e-04 -1.7757451582695780e-03
    15      9 -1.9486541577697601e-02 -5.5422602764432546e-02
    15     10  2.2942516673901513e-06  5.7924175510813927e-07
    15     11  3.9235935502316170e-05 -3.6738235251192186e-04
    15     12 -1.5246664081524156e-03  1.6460898799024015e-02
    15     13 -9.9112952744620318e-06 -7.5636389682891785e-06
    15     14 -9.1953320519538931e-02  3.4041105972679502e-07
    15     15  0.0000000000000000e+00  0.0000000000000000e+00
    15     16  6.9000482417886310e-04  1.8361284022851264e-05
    15     17  1.8559287757083688e-06  1.5515511551141849e-05
    15     18  1.6535549445758415e-04  1.5659857883004147e-03
    15     19  4.6154477709069553e-05 -6.9638178183873019e-04
    15     20  1.1648106649016099e-04  7.2275062720862573e-06
    15     21  1.4976668372114195e-03 -2.3754202624656356e-02
    15     22  3.4497173374174730e-03  2.0288494696273470e-04
    15     23 -1.0649555712779785e-04  4.1867431209986362e-05
    15     24 -1.9201137390260052e-04 -5.5328356283676162e-05
    15     25 -4.2444641883540371e-03 -1.2511540239651458e-03
    15     26  2.8004502382644693e-04 -1.7689378107319288e-03
    15     27 -1.0646032176923618e-04 -3.2651916735446421e-05
    15     28 -3.1411005701376784e-03 -9.6345356835525432e-04
    16      1 -1.4274787484587783e-03 -1.1058452071091114e-03
    16      2 -7.1663336274131230e-06 -7.5181602867007533e-06
    16      3  5.3922987597458365e-06  5.6579033163068557e-06
    16      4  9.9055605270460728e-06 -7.5632767556142841e-05
    16      5 -9.6124407252141908e-06 -2.7230098268446920e-06
    16      6  9.7947039659838723e-06  2.7762026708513159e-06
    16      7  3.3764573057547261e-05 -1.3055998532244910e-05
    16      8  5.3501661323066941e-06  1.4011763896178245e-05
    16      9 -9.3015322517034295e-05 -2.4363239136108712e-04
    16     10  5.4956841008617125e-05  1.1543166261650461e-05
    16     11 -3.4258825995760838e-06  4.2370049112498766e-05
    16     12  5.3475916238866135e-05 -8.0894441626918234e-04
    16     13 -1.8565589036592718e-06 -1.3414281884361641e-06
    16     14  1.1794785605557934e-04 -3.1390966611046871e-06
    16     15  1.8102512902417461e-06 -4.7684138774197686e-08
    16     16  0.0000000000000000e+00  0.0000000000000000e+00
    16     17 -1.2310216930657496e-06 -8.2820604776241612e-06
    16     18 -2.3929130848189797e-06 -1.8069031829523408e-05
    16     19 -1.9232735489714787e-05  4.8766450866623734e-04
    16     20  1.8618604690225095e-05 -1.6957474666367796e-07
    16     21  2.9763833465013104e-05 -8.4872286615605887e-04
    16     22  1.9531776662130069e-05 -1.5194950729910492e-06
    16     23  7.7740270856563846e-05 -3.3345514000219042e-05
    16     24 -9.3578354876440263e-06 -2.3586237400956579e-06
    16     25  1.9941821658662964e-05  5.0273275232566511e-06
    16     26 -1.0935504324209810e-03  8.3381893753845301e-03
    16     27  3.8853514404004502e-05  1.0796197449041901e-05
    16     28  3.6227441900186403e-05  1.0067379354269632e-05
    17      1 -4.6578053627964738e-06  4.4791071332258770e-06
    17      2 -1.4291947799583836e-03  1.0109051422285205e-03
    17      3 -1.8237382359507276e-03  1.2901306992795802e-03
    17      4  6.8309388392329672e-06  1.9352120689497948e-06
    17      5 -5.8033725022492595e-06  1.2930041964574109e-05
    17      6  1.0000519012660491e-04 -2.2282328724054171e-04
    17      7 -8.7845531433956344e-06 -3.8712217448360714e-05
    17      8 -9.3076145308135392e-06  2.0709092928758805e-06
    17      9 -1.8355128317842424e-04  4.0826992526393692e-05
    17     10 -5.9034138789476357e-06  1.5170093666534807e-05
    17     11  1.0728979325232482e-05  2.2993327409810093e-06
    17     12 -2.6478697105361949e-04 -5.5143658796286902e-05
    17     13  1.0236561752596501e-04 -1.0528873674951042e-04
    17     14 -1.0989890819996895e-06  9.1743117296777298e-06
    17     15 -9.1645121663082475e-06  7.6482646463342280e-05
    17     16 -1.2310218864488315e-06  8.2820724911506771e-06
    17     17  0.0000000000000000e+00  0.0000000000000000e+00
    17     18  9.7942952644246975e-02  1.3749232184919664e-03
    17     19 -2.3567267782542176e-06  4.3655423284576851e-07
    17     20  9.4051151085148838e-05 -5.1324348822507769e-04
    17     21  3.2226459326375426e-04  6.1670249808916456e-05
    17     22  1.9174454022782915e-04 -1.0601571605614360e-03
    17     23  1.7418660683822816e-06  6.5642962981311358e-06
    17     24 -1.1088684457083011e-07  2.6739368945651227e-07
    17     25  1.7459517126972902e-04 -4.2147255865106052e-04
    17     26  4.7678953759070222e-05  1.3516169161167140e-05
    17     27 -3.2966165028665054e-03  7.4446776015309130e-03
    17     28 -1.5797469400110954e-03  3.5675091410757313e-03
    18      1 -3.2774645735639549e-05  3.2419218936012700e-05
    18      2  1.5924694421532660e-03 -1.1602693317534335e-03
    18      3  5.1126068244447376e-02 -3.7254802683155154e-02
    18      4  3.6655484612119531e-05  9.8285873881686678e-06
    18      5 -8.6174091136041915e-05  1.9945570902633967e-04
    18      6 -4.5399614528366522e-03  1.0507826969478176e-02
    18      7  6.0413047330629588e-05  2.4992384724750868e-04
    18      8  1.1382170081966950e-04 -2.7007052714594626e-05
    18      9  1.5208828206206061e-03 -3.6071656877706144e-04
    18     10  9.2121009741423225e-05 -2.4982201625245318e-04
    18     11 -2.1131764609374121e-04 -4.3659115359886625e-05
    18     12  2.3738360460754449e-03  4.2442344975415135e-04
    18     13 -3.2312229350117900e-04  3.4182354076365683e-04
    18     14 -1.4835570535372760e-07  1.4103525682931657e-06
    18     15  2.2921643594305528e-05 -2.1655302877157407e-04
    18     16 -2.3929132263280100e-06  1.8069033598815847e-05
    18     17  9.7942952644235276e-02 -1.3749232240279790e-03
    18     18  0.0000000000000000e+00  0.0000000000000000e+00
    18     19  7.6438431383725510e-05  1.1311852458662560e-05
    18     20 -1.5578064831893131e-04  9.1847297850292196e-04
    18     21 -1.2970005071187823e-03 -2.9192206667336650e-04
    18     22 -4.5675492721233210e-03  2.7537316048574789e-02
    18     23  9.0411447447638622e-06  3.2248518774762406e-05
    18     24 -1.3671179259095367e-04  3.4358594877139368e-04
    18     25 -6.9258554002546643e-03  1.7405944222723457e-02
    18     26  1.3923148361947424e-05  3.7386039025367157e-06
    18     27  1.3005754153386213e-03 -3.0520761416894665e-03
    18     28  4.3707071015864567e-02 -1.0256794376450853e-01
    19      1  4.9053590494401202e-03 -6.8778417983659896e-03
    19      2  3.5064846336125146e-05 -3.6178096695268429e-05
    19      3 -4.6076738519336591e-06  4.7539146606574659e-06
    19      4 -4.8870301094669315e-04 -4.4424568820830682e-05
    19      5  2.8029952553357587e-06 -1.1631556887234505e-05
    19      6 -5.1169788815669855e-06  2.1233328260916894e-05
    19      7 -3.3131693129341561e-04 -7.6536458965605232e-04
    19      8 -3.9190141922944080e-03  1.6769977445298485e-03
    19      9 -1.0421455539114891e-03  4.4587715953742604e-04
    19     10  3.8836992798727677e-06 -1.8493894530792471e-05
    19     11  2.6022828531510562e-04  1.0405187058672937e-05
    19     12 -1.0331769076572100e-05 -1.2353761689263889e-06
    19     13  1.4767961681144992e-05 -2.2251401071217552e-05
    19     14  1.7076578853212119e-05  2.5764358910275703e-04
    19     15  6.8860457362949882e-07  1.0382395760810594e-05
    19     16 -1.9232735489699368e-05 -4.8766450866620341e-04
    19     17 -2.3567267782537509e-06 -4.3655423284482132e-07
    19     18  7.6438431383725415e-05 -1.1311852458662698e-05
    19     19  0.0000000000000000e+00  0.0000000000000000e+00
    19     20  1.0564149495412330e-07  2.1244171542403243e-05
    19     21 -8.2315394882946230e-02  2.6460106407581366e-04
    19     22 -1.7782063766298319e-07 -2.4260146698723008e-05
    19     23 -7.4605939030779637e-04 -1.5652986078240421e-03
    19     24  1.2394324707247877e-06 -5.8915451399084977e-06
    19     25 -7.4564479844037610e-06  3.5443067091327264e-05
    19     26 -1.7658389192836748e-03 -1.6083517541610193e-04
    19     27  1.4621800828753684e-06 -6.2038576343784266e-06
    19     28 -7.6732660847697836e-06  3.2553172587601110e-05
    20      1 -3.3720011033623690e-05 -2.4264030435668224e-05
    20      2  5.8019032977470585e-03  5.6708627866386063e-03
    20      3  2.4188336593892750e-03  2.3639344943087240e-03
    20      4  4.0374069738335650e-07 -4.2430372811113712e-06
    20      5  5.0347285802578674e-04  1.2356996423952004e-04
    20      6  8.7417051976450624e-04  2.1455060160447640e-04
    20      7 -3.9459365110525724e-03  1.6885185545796391e-03
    20      8  7.4607524552431831e-05  1.7640714487301005e-04
    20      9  9.6230294999690520e-05  2.2756249646569793e-04
    20     10 -2.8820131354572207e-04 -5.3856698691011210e-05
    20     11  2.0263858440977778e-06 -4.5573091645677442e-05
    20     12 -1.0585689908250960e-05  3.6456395578308878e-04
    20     13 -2.4488564603647510e-04 -1.6400964502114870e-04
    20     14  3.1616624453411340e-05 -1.9619590085397798e-06
    20     15  2.6511744747028607e-04 -1.6450994072856044e-05
    20     16  1.8618604690225874e-05  1.6957474666330304e-07
    20     17  9.4051151085123780e-05  5.1324348822512085e-04
    20     18 -1.5578064831893109e-04 -9.1847297850291979e-04
    20     19  1.0563966132716974e-07 -2.1244184484866994e-05
    20     20  0.0000000000000000e+00  0.0000000000000000e+00
    20     21  4.2317357548582876e-07 -4.3048188654446683e-04
    20     22 -8.6154529631096835e-02  2.7694108991073424e-04
    20     23  6.1206466406699134e-06 -2.8855939068086595e-06
    20     24  1.6858794085259413e-03  3.6204491769417673e-04
    20     25  1.7838483700271298e-03  3.8308628523817925e-04
    20     26  6.2696156760888933e-07 -6.5769888689011835e-06
    20     27  1.7085020644268369e-03  4.1026390453586912e-04
    20     28  1.8333658664419572e-03  4.4024888574780926e-04
    21      1  1.0070308307310151e-03 -1.4024053023365415e-03
    21      2  3.1329141047747503e-04 -3.2116385999993153e-04
    21      3  1.4465733735464594e-03 -1.4831321235191681e-03
    21      4  8.4148623967097600e-04  7.9221434582955972e-05
    21      5  1.0094621998382669e-04 -4.1305682405822359e-04
    21      6  4.5031835808496869e-04 -1.8427551405564260e-03
    21      7  2.8499492725512067e-04  6.6419379593391057e-04
    21      8 -1.4737344407527210e-03  6.2503041418907491e-04
    21      9 -5.0973913448218958e-02  2.1615375929075080e-02
    21     10 -1.1944679754431737e-04  6.2449421968003866e-04
    21     11  4.8847121770943856e-04  2.2279996668579706e-05
    21     12 -1.6495394662586794e-02 -4.9948326809057806e-04
    21     13 -3.8600158177113796e-04  5.7757675947692558e-04
    21     14  2.7525188285447060e-05  4.3654019421610090e-04
    21     15  1.0109234035766866e-03  1.6034048892675453e-02
    21     16  2.9763833465013375e-05  8.4872286615605801e-04
    21     17  3.2226459326375437e-04 -6.1670249808916389e-05
    21     18 -1.2970005071187868e-03  2.9192206667335977e-04
    21     19 -8.2315394882970155e-02 -2.6460105664378780e-04
    21     20  4.2317348140613083e-07  4.3048188817139068e-04
    21     21  0.0000000000000000e+00  0.0000000000000000e+00
    21     22  8.8927142520669478e-06  2.0970100014430322e-03
    21     23 -8.6696134381342464e-05 -1.8340999805288496e-04
    21     24  8.5138343702385031e-05 -3.9837031166802521e-04
    21     25  3.3895646584259590e-04 -1.5860786255368943e-03
    21     26 -2.0680245686537091e-04 -1.9509700038671473e-05
    21     27  9.7419939790722778e-05 -4.0746518596928698e-04
    21     28  4.0293057185648775e-04 -1.6853881055464404e-03
    22      1 -4.9935313576285722e-05 -3.6173279210391807e-05
    22      2  2.5039562594642746e-03  2.4631922042439077e-03
    22      3  8.0742979019382974e-02  7.9419368316229352e-02
    22      4 -4.0617404215044026e-06  4.1305180358159273e-05
    22      5  9.4250168320553652e-04  2.3454016628135304e-04
    22      6  2.6047307658894139e-02  6.4816661360029386e-03
    22      7 -1.5975251971605431e-03  6.7753458134614097e-04
    22      8  6.4428753487279786e-05  1.5371407189855333e-04
    22      9  7.8034634490779396e-04  1.8622736009700762e-03
    22     10 -6.0882713095970450e-04 -1.1707456540765101e-04
    22     11  1.2768956854474276e-05 -2.8047472330021205e-04
    22     12 -8.9491601900363644e-05  3.1975928486917557e-03
    22     13 -4.4565181478087757e-04 -3.0054831677960660e-04
    22     14  1.8145159269022991e-04 -1.0673762164741134e-05
    22     15  2.2075639318784768e-03 -1.2978450587725353e-04
    22     16  1.9531776662130093e-05  1.5194950729908775e-06
    22     17  1.9174454022782920e-04  1.0601571605614339e-03
    22     18 -4.5675492721232672e-03 -2.7537316048574720e-02
    22     19 -1.7782055404921530e-07  2.4260148326217826e-05
    22     20 -8.6154529631111615e-02 -2.7694108532107161e-04
    22     21  8.8927169898023097e-06 -2.0970099712148763e-03
    22     22  0.0000000000000000e+00  0.0000000000000000e+00
    22     23 -2.3563214783107591e-05  1.1014840272960410e-05
    22     24  1.8008755964223000e-03  3.9280187918674014e-04
    22     25  5.7033634683699153e-02  1.2440001804854186e-02
    22     26 -2.8270513432063717e-06  2.8661992524741169e-05
    22     27  1.8496287756434738e-03  4.5044505301588324e-04
    22     28  5.9054486592452812e-02  1.4381720010786376e-02
    23      1 -2.2640396859343727e-04 -4.0831408490643942e-04
    23      2 -1.0525950671491624e-06 -1.8004266185268227e-07
    23      3  1.8787175615620504e-05  5.9274004674800330e-05
    23      4 -4.1348857082752670e-03  6.9701230022052177e-03
    23      5 -3.8969908001874934e-05 -3.1593124964330097e-05
    23      6  3.1059441830546727e-06  2.5156981420835307e-06
    23      7 -2.8774018951595900e-05 -1.0434148410180198e-06
    23      8 -1.0659584374641173e-05  2.6345973611717401e-04
    23      9  3.0847449809923071e-06 -7.6145162495766527e-05
    23     10 -5.8216656178168048e-04 -4.2058416173170799e-04
    23     11  1.9337207131011600e-03 -3.6695062088496935e-03
    23     12 -4.6092355809448297e-04  9.0525184470872043e-04
    23     13  3.6809794341485315e-05  6.1485334640275138e-05
    23     14 -4.5536453764005705e-05 -1.8092574272736724e-05
    23     15 -8.2245520118564349e-04 -3.2666402651598467e-04
    23     16  7.7740270856607025e-05  3.3345514000172205e-05
    23     17  1.7418660683820933e-06 -6.5642962981298873e-06
    23     18  9.0411447447637538e-06 -3.2248518774762467e-05
    23     19 -7.4605939030773544e-04  1.5652986078240206e-03
    23     20  6.1206466406691756e-06  2.8855939068093159e-06
    23     21 -8.6696134381347018e-05  1.8340999805288366e-04
    23     22 -2.3563214783107554e-05 -1.1014840272960466e-05
    23     23  0.0000000000000000e+00  0.0000000000000000e+00
    23     24 -1.6069428887558970e-05 -1.2246880083085313e-05
    23     25  2.0366855940453373e-05  1.5550218047516815e-05
    23     26  3.6687309644988113e-05 -6.1818648308686761e-05
    23     27 -6.4765200976161200e-06 -5.1971804362685117e-06
    23     28  2.2394878068751565e-05  1.7968063343407866e-05
    24      1 -1.4202335358392332e-05 -7.1340065506530929e-06
    24      2 -4.1939037417757267e-04 -2.6438998553221261e-04
    24      3 -7.5366390903953712e-04 -4.7425153342443003e-04
    24      4 -4.6746108240847494e-06 -3.9888455297441724e-05
    24      5 -7.7491222251191740e-03 -2.2586685671560132e-04
    24      6 -3.1884578265457559e-03 -9.2922381732202627e-05
    24      7  2.3306030486611501e-04 -1.6493645807368648e-04
    24      8 -1.7880276605810432e-05 -2.5492527638114033e-05
    24      9 -1.4589927000834479e-04 -2.0804262239324696e-04
    24     10  4.0988823218342319e-03 -1.0857649738591633e-04
    24     11  3.4218349844294251e-05  2.0287042297800176e-04
    24     12 -4.4116871560971501e-05 -2.4089647276245271e-04
    24     13 -1.8464330607923906e-05 -7.3240396777204561e-06
    24     14 -1.1391744834186458e-05  3.2246130727568125e-06
    24     15 -3.2502721955069748e-04  9.2645925461421844e-05
    24     16 -9.3578354876440738e-06  2.3586237400958548e-06
    24     17 -1.1088684454750282e-07 -2.6739368942490778e-07
    24     18 -1.3671179259095345e-04 -3.4358594877139281e-04
    24     19  1.2394324707256309e-06  5.8915451399071704e-06
    24     20  1.6858794085258674e-03 -3.6204491769419213e-04
    24     21  8.5138343702385058e-05  3.9837031166802537e-04
    24     22  1.8008755964223000e-03 -3.9280187918673863e-04
    24     23 -1.6069440566267158e-05  1.2246888865957757e-05
    24     24  0.0000000000000000e+00  0.0000000000000000e+00
    24     25 -8.6525251557463920e-02 -3.3949470733831864e-08
    24     26  9.3393565017614993e-07  7.9797217609141385e-06
    24     27 -1.2444058715547471e-05 -3.0024008006979151e-07
    24     28  2.9962492678509535e-04  7.2324661348085692e-06
    25      1  6.4151479575792486e-06  1.0885091391164298e-07
    25      2 -7.6828637560018352e-04 -4.8347845538332986e-04
    25      3 -2.1884057375199661e-02 -1.3780967442400663e-02
    25      4 -6.8279877798629795e-06 -5.8234891348619763e-05
    25      5 -3.4501028185140226e-03 -1.0056237873646000e-04
    25      6 -1.0584716843837583e-01 -3.0847392275869813e-03
    25      7  4.3810451269886473e-04 -3.1004559785388500e-04
    25      8 -1.0408066227157278e-04 -1.4839082788335297e-04
    25      9 -1.2487371397516918e-03 -1.7806957046756526e-03
    25     10  1.8617338115620645e-03 -4.9316504590790219e-05
    25     11  3.0329076907043614e-05  1.7982188128569390e-04
    25     12 -3.5512331833206139e-04 -1.9395363710172206e-03
    25     13 -3.4167174776369671e-04 -1.3534334839583858e-04
    25     14 -2.4954742883124940e-04  7.1590930337683475e-05
    25     15 -2.9989120883904029e-03  9.0169080447012346e-04
    25     16  1.9941821658662920e-05 -5.0273275232566181e-06
    25     17  1.7459517126972891e-04  4.2147255865105987e-04
    25     18 -6.9258554002546747e-03 -1.7405944222723485e-02
    25     19 -7.4564479844038643e-06 -3.5443067091327197e-05
    25     20  1.7838483700271307e-03 -3.8308628523817860e-04
    25     21  3.3895646584259184e-04  1.5860786255368967e-03
    25     22  5.7033634683699069e-02 -1.2440001804854103e-02
    25     23  2.0366857398629310e-05 -1.5550219106871158e-05
    25     24 -8.6525251557472677e-02  3.3953985378710872e-08
    25     25  0.0000000000000000e+00  0.0000000000000000e+00
    25     26 -3.9355568364774096e-06 -3.3646552276605025e-05
    25     27  3.0089098015866371e-04  7.2634105471821824e-06
    25     28  1.6648019938373712e-02  4.0178502943057472e-04
    26      1  2.4543383077468747e-04 -4.2013268297821081e-04
    26      2  7.7919191605488180e-06 -9.6562144908776013e-06
    26      3 -1.0487539228157758e-05  1.3001590510875278e-05
    26      4  1.2866985791107588e-04 -2.5703562124949386e-08
    26      5  1.0559554169759306e-06 -7.1290921979412650e-06
    26      6 -7.9051026857957572e-06  5.0824198197082424e-05
    26      7 -9.7880876391319221e-06 -1.8984214296041598e-05
    26      8 -2.2799194715308077e-04  1.2323325678251243e-04
    26      9  1.6488506539042531e-05 -1.0024718321817471e-05
    26     10 -6.2722849934852831e-06  6.9485536365829372e-05
    26     11 -2.6418754790209199e-05  1.3383738451963366e-06
    26     12  4.8021616402666421e-04 -3.1089847490449333e-05
    26     13  3.4130057397336076e-04 -6.3208658047180714e-04
    26     14  6.3583279436568534e-04  4.0161964903984429e-03
    26     15  1.6841131950547420e-04  1.0637837739597793e-03
    26     16 -1.0935504324209025e-03 -8.3381893753845110e-03
    26     17  4.7678953759071327e-05 -1.3516169161166419e-05
    26     18  1.3923148361947431e-05 -3.7386039025365226e-06
    26     19 -1.7658389192836562e-03  1.6083517541605878e-04
    26     20  6.2696156760875614e-07  6.5769888689021821e-06
    26     21 -2.0680245686536787e-04  1.9509700038669413e-05
    26     22 -2.8270513432063069e-06 -2.8661992524741237e-05
    26     23  3.6687309645035716e-05  6.1818648308704487e-05
    26     24  9.3393565017681178e-07 -7.9797217609142960e-06
    26     25 -3.9355568364774951e-06  3.3646552276605046e-05
    26     26  0.0000000000000000e+00  0.0000000000000000e+00
    26     27  3.3683111285157115e-06 -2.3930510058360565e-05
    26     28 -3.4048924118187686e-06  2.4054614686881541e-05
    27      1 -3.1288022830752804e-06 -1.2790991699402811e-06
    27      2 -4.4166530389140157e-04 -2.6373260537130829e-04
    27      3 -7.7159191922448393e-04 -4.6068380202160140e-04
    27      4  1.3840445359579406e-06  9.6418862201624384e-06
    27      5  3.4339617826120211e-05  2.1168730099245337e-07
    27      6  9.7871635897494431e-04  5.8740140103046886e-06
    27      7  2.2961904287549224e-04 -1.7104947196154663e-04
    27      8 -2.6386231268862081e-05 -3.5754213690001617e-05
    27      9 -2.1604314237501216e-04 -2.9183578316414768e-04
    27     10  4.1114241765928390e-06 -2.0829236970942094e-07
    27     11  2.1655367206344023e-06  1.1185214674836940e-05
    27     12 -5.8876138015316322e-05 -2.8277505851545011e-04
    27     13  3.9140622998579053e-03  1.4485565327435810e-03
    27     14 -1.9624029580804684e-04  6.0194930550392547e-05
    27     15 -2.4551559801145684e-04  7.5309860274046464e-05
    27     16  3.8853514404000978e-05 -1.0796197449042986e-05
    27     17 -3.2966165028667812e-03 -7.4446776015309407e-03
    27     18  1.3005754153386109e-03  3.0520761416894630e-03
    27     19  1.4621800828765348e-06  6.2038576343779930e-06
    27     20  1.7085020644267660e-03 -4.1026390453579665e-04
    27     21  9.7419939790722562e-05  4.0746518596928704e-04
    27     22  1.8496287756434738e-03 -4.5044505301588232e-04
    27     23 -6.4765200976157592e-06  5.1971804362681653e-06
    27     24 -1.2444058715542849e-05  3.0024008009292102e-07
    27     25  3.0089098015866284e-04 -7.2634105471831514e-06
    27     26  3.3683142264681807e-06  2.3930523631734872e-05
    27     27  0.0000000000000000e+00  0.0000000000000000e+00
    27     28 -8.6923947417514316e-02  3.3672113667505596e-08
    28      1  4.8347978520225381e-05  1.9762303314827713e-05
    28      2 -7.8801988619923253e-04 -4.7055225461874639e-04
    28      3 -2.2558965342190818e-02 -1.3468942329771513e-02
    28      4 -1.9854939837160026e-06 -1.2482527419887214e-05
    28      5  1.0715210438686932e-03  6.3475194855078048e-06
    28      6  4.1365967556526037e-02  2.2018536035244151e-04
    28      7  4.3872684580436059e-04 -3.2542006321456567e-04
    28      8 -1.6667847036184910e-04 -2.2486748177691869e-04
    28      9 -1.9416163094628138e-03 -2.5976912908507238e-03
    28     10  5.9612278245952874e-05 -3.0190245483634973e-06
    28     11  4.0188204883903546e-05  2.0758274033466601e-04
    28     12 -5.1720965574490914e-04 -2.4843206410062550e-03
    28     13  1.6205198645776477e-03  5.9973686587545740e-04
    28     14 -1.6610462629761000e-04  5.0951718859749139e-05
    28     15 -1.9313894193746847e-03  5.9233793168189685e-04
    28     16  3.6227441900186525e-05 -1.0067379354269632e-05
    28     17 -1.5797469400110858e-03 -3.5675091410757279e-03
    28     18  4.3707071015864539e-02  1.0256794376450849e-01
    28     19 -7.6732660847698548e-06 -3.2553172587601130e-05
    28     20  1.8333658664419581e-03 -4.4024888574780840e-04
    28     21  4.0293057185648281e-04  1.6853881055464421e-03
    28     22  5.9054486592452785e-02 -1.4381720010786300e-02
    28     23  2.2394878068751494e-05 -1.7968063343407849e-05
    28     24  2.9962492678509449e-04 -7.2324661348094772e-06
    28     25  1.6648019938373698e-02 -4.0178502943055911e-04
    28     26 -3.4048926989433408e-06 -2.4054616377381678e-05
    28     27 -8.6923947417505545e-02 -3.3667544102726952e-08
    28     28  0.0000000000000000e+00  0.0000000000000000e+00
