                28                 8
     1BSE eigenvalue   -0.18138377      IP-eigenvalue:    1.53335004
  0.00000  0.00000  0.00000    -6.0785256    -2.3708546     0.0001258     9    11     -0.000013+i*     0.000005
  0.00000  0.00000  0.00000    -4.1241113    -2.3708546     0.0447215    10    11      0.004266+i*    -0.002548
  0.00000  0.00000  0.00000    -4.1241113     0.4107230     0.0872371    10    12      0.008322+i*    -0.004969
  0.33333  0.00000  0.00000    -4.5946561    -0.8328566     0.0000163     9    11      0.000000+i*    -0.000002
  0.33333  0.00000  0.00000    -2.8335705    -0.8328566     0.0036729    10    11      0.000408+i*    -0.000002
  0.33333  0.00000  0.00000    -2.8335705     1.9685811     0.0187307    10    12      0.002081+i*    -0.000010
  0.00000  0.33333  0.00000    -5.1496778    -1.5869842     0.0138082     9    11     -0.001231+i*    -0.000916
  0.00000  0.33333  0.00000    -3.1203342    -1.5869842     0.0026528    10    11      0.000175+i*    -0.000237
  0.00000  0.33333  0.00000    -3.1203342     1.1932086     0.0045259    10    12      0.000299+i*    -0.000405
  0.33333  0.33333  0.00000    -4.2052738    -0.0464668     0.0010436     9    11     -0.000116+i*    -0.000006
  0.33333  0.33333  0.00000    -2.8912559    -0.0464668     0.0005180    10    11     -0.000011+i*     0.000056
  0.33333  0.33333  0.00000    -2.8912559     2.6619915     0.0032801    10    12      0.000077+i*    -0.000356
 -0.33333  0.33333  0.00000    -4.4620760    -0.0451223     0.0009261     9    11     -0.000096+i*     0.000036
 -0.33333  0.33333  0.00000    -3.2688503    -0.0451223     0.0002864    10    11      0.000030+i*     0.000009
 -0.33333  0.33333  0.00000    -3.2688503     2.6226298     0.0020132    10    12      0.000214+i*     0.000065
 -0.33333 -0.00000 -0.00000    -4.5946561    -0.8328566     0.0000416     9    11      0.000005+i*     0.000001
 -0.33333 -0.00000 -0.00000    -2.8335705    -0.8328566     0.0039651    10    11      0.000178+i*    -0.000403
 -0.33333 -0.00000 -0.00000    -2.8335705     1.9685811     0.0209726    10    12     -0.000914+i*     0.002143
 -0.00000 -0.33333 -0.00000    -5.1496778    -1.5869842     0.0001239     9    11      0.000003+i*    -0.000013
 -0.00000 -0.33333 -0.00000    -3.1203342    -1.5869842     8.8521445    10    11     -0.956386+i*    -0.229651
 -0.00000 -0.33333 -0.00000    -5.1496778     1.1932086     0.0024154     9    12     -0.000062+i*     0.000261
 -0.00000 -0.33333 -0.00000    -3.1203342     1.1932086     1.6197289    10    12     -0.174860+i*    -0.042583
  0.33333 -0.33333 -0.00000    -4.4620760    -0.0451223     0.0000089     9    11     -0.000001+i*    -0.000001
  0.33333 -0.33333 -0.00000    -3.2688503    -0.0451223     0.0120558    10    11      0.001339+i*     0.000032
  0.33333 -0.33333 -0.00000    -3.2688503     2.6226298     0.0431114    10    12      0.004789+i*     0.000115
 -0.33333 -0.33333 -0.00000    -4.2052738    -0.0464668     0.0000105     9    11      0.000000+i*    -0.000001
 -0.33333 -0.33333 -0.00000    -2.8912559    -0.0464668     0.0165039    10    11      0.001834+i*    -0.000000
 -0.33333 -0.33333 -0.00000    -2.8912559     2.6619915     0.0553947    10    12      0.006155+i*     0.000000
     2BSE eigenvalue    0.25003385      IP-eigenvalue:    1.53335004
  0.00000  0.00000  0.00000    -6.0785256    -2.3708546     0.0001823     9    11     -0.000019+i*     0.000008
  0.00000  0.00000  0.00000    -4.1241113    -2.3708546     0.0399715    10    11      0.003813+i*    -0.002277
  0.00000  0.00000  0.00000    -4.1241113     0.4107230     0.4994567    10    12      0.047649+i*    -0.028449
  0.33333  0.00000  0.00000    -4.5946561    -0.8328566     0.0001469     9    11      0.000002+i*    -0.000016
  0.33333  0.00000  0.00000    -2.8335705    -0.8328566     0.0099121    10    11      0.001101+i*    -0.000005
  0.33333  0.00000  0.00000    -2.8335705     1.9685811     0.1064153    10    12      0.011824+i*    -0.000059
  0.00000  0.33333  0.00000    -5.1496778    -1.5869842     0.0032064     9    11     -0.000286+i*    -0.000213
  0.00000  0.33333  0.00000    -3.1203342    -1.5869842     0.0084006    10    11      0.000554+i*    -0.000751
  0.00000  0.33333  0.00000    -3.1203342     1.1932086     0.0244270    10    12      0.001612+i*    -0.002183
  0.33333  0.33333  0.00000    -4.2052738    -0.0464668     0.0016785     9    11     -0.000186+i*    -0.000009
  0.33333  0.33333  0.00000    -2.8912559    -0.0464668     0.0020933    10    11     -0.000046+i*     0.000228
  0.33333  0.33333  0.00000    -2.8912559     2.6619915     0.0139019    10    12      0.000330+i*    -0.001509
 -0.33333  0.33333  0.00000    -4.4620760    -0.0451223     0.0012708     9    11     -0.000132+i*     0.000049
 -0.33333  0.33333  0.00000    -3.2688503    -0.0451223     0.0010822    10    11      0.000115+i*     0.000035
 -0.33333  0.33333  0.00000    -3.2688503     2.6226298     0.0082657    10    12      0.000878+i*     0.000268
 -0.33333 -0.00000 -0.00000    -4.5946561    -0.8328566     0.0000062     9    11      0.000000+i*    -0.000000
 -0.33333 -0.00000 -0.00000    -2.8335705    -0.8328566     0.0121070    10    11      0.000545+i*    -0.001230
 -0.33333 -0.00000 -0.00000    -2.8335705     1.9685811     0.1226381    10    12     -0.005346+i*     0.012534
 -0.00000 -0.33333 -0.00000    -5.1496778    -1.5869842     0.0000461     9    11     -0.000001+i*     0.000005
 -0.00000 -0.33333 -0.00000    -3.1203342    -1.5869842     1.6241322    10    11      0.175471+i*     0.042135
 -0.00000 -0.33333 -0.00000    -5.1496778     1.1932086     0.0069465     9    12     -0.000179+i*     0.000751
 -0.00000 -0.33333 -0.00000    -3.1203342     1.1932086     8.8263825    10    12     -0.952861+i*    -0.232047
  0.33333 -0.33333 -0.00000    -4.4620760    -0.0451223     0.0001735     9    11     -0.000015+i*    -0.000012
  0.33333 -0.33333 -0.00000    -3.2688503    -0.0451223     0.0239800    10    11      0.002664+i*     0.000064
  0.33333 -0.33333 -0.00000    -3.2688503     2.6226298     0.2480319    10    12      0.027551+i*     0.000664
 -0.33333 -0.33333 -0.00000    -4.2052738    -0.0464668     0.0001957     9    11      0.000003+i*    -0.000022
 -0.33333 -0.33333 -0.00000    -2.8912559    -0.0464668     0.0425948    10    11      0.004733+i*     0.000000
 -0.33333 -0.33333 -0.00000    -2.8912559     2.6619915     0.3385202    10    12      0.037613+i*     0.000000
     3BSE eigenvalue    0.60274957      IP-eigenvalue:    1.75325663
  0.00000  0.00000  0.00000    -6.0785256    -2.3708546     0.0003816     9    11      0.000039+i*    -0.000016
  0.00000  0.00000  0.00000    -4.1241113    -2.3708546     0.0000203    10    11      0.000002+i*    -0.000001
  0.00000  0.00000  0.00000    -4.1241113     0.4107230     0.0008691    10    12      0.000083+i*    -0.000049
  0.33333  0.00000  0.00000    -4.5946561    -0.8328566     0.0005023     9    11      0.000008+i*    -0.000055
  0.33333  0.00000  0.00000    -2.8335705    -0.8328566     0.0002426    10    11     -0.000027+i*    -0.000001
  0.33333  0.00000  0.00000    -2.8335705     1.9685811     0.0011401    10    12     -0.000126+i*    -0.000010
  0.00000  0.33333  0.00000    -5.1496778    -1.5869842     0.0000530     9    11      0.000005+i*     0.000004
  0.00000  0.33333  0.00000    -3.1203342    -1.5869842     8.8641878    10    11     -0.592714+i*     0.786598
  0.00000  0.33333  0.00000    -3.1203342     1.1932086     1.5557212    10    12     -0.104017+i*     0.138059
  0.33333  0.33333  0.00000    -4.2052738    -0.0464668     0.0001732     9    11     -0.000019+i*    -0.000001
  0.33333  0.33333  0.00000    -2.8912559    -0.0464668     0.0143581    10    11      0.000319+i*    -0.001563
  0.33333  0.33333  0.00000    -2.8912559     2.6619915     0.0308324    10    12     -0.000732+i*     0.003347
 -0.33333  0.33333  0.00000    -4.4620760    -0.0451223     0.0001190     9    11     -0.000012+i*     0.000004
 -0.33333  0.33333  0.00000    -3.2688503    -0.0451223     0.0104591    10    11     -0.001108+i*    -0.000352
 -0.33333  0.33333  0.00000    -3.2688503     2.6226298     0.0232712    10    12     -0.002464+i*    -0.000783
 -0.33333 -0.00000 -0.00000    -4.5946561    -0.8328566     0.0001396     9    11     -0.000015+i*    -0.000004
 -0.33333 -0.00000 -0.00000    -2.8335705    -0.8328566     0.0003972    10    11     -0.000018+i*     0.000040
 -0.33333 -0.00000 -0.00000    -2.8335705     1.9685811     0.0020253    10    12      0.000089+i*    -0.000206
 -0.00000 -0.33333 -0.00000    -5.1496778    -1.5869842     0.0330668     9    11     -0.000878+i*     0.003568
 -0.00000 -0.33333 -0.00000    -3.1203342    -1.5869842     0.0010793    10    11     -0.000116+i*    -0.000029
 -0.00000 -0.33333 -0.00000    -5.1496778     1.1932086     0.0525060     9    12     -0.001413+i*     0.005660
 -0.00000 -0.33333 -0.00000    -3.1203342     1.1932086     0.0133196    10    12     -0.001435+i*    -0.000364
  0.33333 -0.33333 -0.00000    -4.4620760    -0.0451223     0.0009976     9    11      0.000086+i*     0.000070
  0.33333 -0.33333 -0.00000    -3.2688503    -0.0451223     0.0008673    10    11     -0.000096+i*    -0.000003
  0.33333 -0.33333 -0.00000    -3.2688503     2.6226298     0.0029618    10    12     -0.000329+i*    -0.000012
 -0.33333 -0.33333 -0.00000    -4.2052738    -0.0464668     0.0011757     9    11     -0.000020+i*     0.000129
 -0.33333 -0.33333 -0.00000    -2.8912559    -0.0464668     0.0024956    10    11     -0.000277+i*    -0.000001
 -0.33333 -0.33333 -0.00000    -2.8912559     2.6619915     0.0066326    10    12     -0.000737+i*     0.000000
     4BSE eigenvalue    1.05998352      IP-eigenvalue:    2.00071389
  0.00000  0.00000  0.00000    -6.0785256    -2.3708546     0.0002612     9    11     -0.000027+i*     0.000011
  0.00000  0.00000  0.00000    -4.1241113    -2.3708546     0.0005048    10    11     -0.000049+i*     0.000028
  0.00000  0.00000  0.00000    -4.1241113     0.4107230     0.0007394    10    12     -0.000073+i*     0.000039
  0.33333  0.00000  0.00000    -4.5946561    -0.8328566     0.0026151     9    11      0.000044+i*    -0.000287
  0.33333  0.00000  0.00000    -2.8335705    -0.8328566     0.0019449    10    11     -0.000216+i*    -0.000011
  0.33333  0.00000  0.00000    -2.8335705     1.9685811     0.0066972    10    12     -0.000741+i*    -0.000072
  0.00000  0.33333  0.00000    -5.1496778    -1.5869842     0.0000755     9    11     -0.000007+i*    -0.000005
  0.00000  0.33333  0.00000    -3.1203342    -1.5869842     1.5572295    10    11      0.104394+i*    -0.137985
  0.00000  0.33333  0.00000    -3.1203342     1.1932086     8.8535326    10    12     -0.593480+i*     0.784537
  0.33333  0.33333  0.00000    -4.2052738    -0.0464668     0.0003518     9    11     -0.000039+i*    -0.000002
  0.33333  0.33333  0.00000    -2.8912559    -0.0464668     0.0275573    10    11      0.000618+i*    -0.002999
  0.33333  0.33333  0.00000    -2.8912559     2.6619915     0.1984005    10    12     -0.004749+i*     0.021527
 -0.33333  0.33333  0.00000    -4.4620760    -0.0451223     0.0000038     9    11      0.000000+i*    -0.000000
 -0.33333  0.33333  0.00000    -3.2688503    -0.0451223     0.0137649    10    11     -0.001457+i*    -0.000466
 -0.33333  0.33333  0.00000    -3.2688503     2.6226298     0.1379061    10    12     -0.014595+i*    -0.004668
 -0.33333 -0.00000 -0.00000    -4.5946561    -0.8328566     0.0013042     9    11     -0.000139+i*    -0.000040
 -0.33333 -0.00000 -0.00000    -2.8335705    -0.8328566     0.0044206    10    11     -0.000202+i*     0.000448
 -0.33333 -0.00000 -0.00000    -2.8335705     1.9685811     0.0159596    10    12      0.000704+i*    -0.001628
 -0.00000 -0.33333 -0.00000    -5.1496778    -1.5869842     0.0342430     9    11     -0.000917+i*     0.003693
 -0.00000 -0.33333 -0.00000    -3.1203342    -1.5869842     0.0001229    10    11      0.000013+i*     0.000003
 -0.00000 -0.33333 -0.00000    -5.1496778     1.1932086     0.3397185     9    12     -0.009213+i*     0.036605
 -0.00000 -0.33333 -0.00000    -3.1203342     1.1932086     0.0269361    10    12     -0.002900+i*    -0.000739
  0.33333 -0.33333 -0.00000    -4.4620760    -0.0451223     0.0010349     9    11     -0.000089+i*    -0.000073
  0.33333 -0.33333 -0.00000    -3.2688503    -0.0451223     0.0069762    10    11     -0.000775+i*    -0.000030
  0.33333 -0.33333 -0.00000    -3.2688503     2.6226298     0.0180315    10    12     -0.002002+i*    -0.000081
 -0.33333 -0.33333 -0.00000    -4.2052738    -0.0464668     0.0008268     9    11      0.000013+i*    -0.000091
 -0.33333 -0.33333 -0.00000    -2.8912559    -0.0464668     0.0929780    10    11     -0.010331+i*    -0.000032
 -0.33333 -0.33333 -0.00000    -2.8912559     2.6619915     0.0633049    10    12     -0.007034+i*     0.000000
     5BSE eigenvalue    1.12784975      IP-eigenvalue:    2.00071389
  0.00000  0.00000  0.00000    -6.0785256    -2.3708546     0.0000280     9    11     -0.000003+i*     0.000001
  0.00000  0.00000  0.00000    -4.1241113    -2.3708546     0.0165689    10    11      0.001581+i*    -0.000944
  0.00000  0.00000  0.00000    -4.1241113     0.4107230     0.0351653    10    12      0.003355+i*    -0.002003
  0.33333  0.00000  0.00000    -4.5946561    -0.8328566     0.0000173     9    11      0.000000+i*    -0.000002
  0.33333  0.00000  0.00000    -2.8335705    -0.8328566     0.0119473    10    11     -0.001327+i*     0.000007
  0.33333  0.00000  0.00000    -2.8335705     1.9685811     0.0790357    10    12     -0.008782+i*     0.000045
  0.00000  0.33333  0.00000    -5.1496778    -1.5869842     0.0020483     9    11     -0.000183+i*    -0.000136
  0.00000  0.33333  0.00000    -3.1203342    -1.5869842     0.0141039    10    11      0.000943+i*    -0.001252
  0.00000  0.33333  0.00000    -3.1203342     1.1932086     0.1019557    10    12     -0.006810+i*     0.009053
  0.33333  0.33333  0.00000    -4.2052738    -0.0464668     0.0001026     9    11      0.000011+i*     0.000001
  0.33333  0.33333  0.00000    -2.8912559    -0.0464668     0.0006358    10    11     -0.000013+i*     0.000069
  0.33333  0.33333  0.00000    -2.8912559     2.6619915     0.0026471    10    12      0.000058+i*    -0.000288
 -0.33333  0.33333  0.00000    -4.4620760    -0.0451223     0.0159001     9    11     -0.001657+i*     0.000613
 -0.33333  0.33333  0.00000    -3.2688503    -0.0451223     0.0015471    10    11      0.000164+i*     0.000050
 -0.33333  0.33333  0.00000    -3.2688503     2.6226298     0.0011982    10    12      0.000128+i*     0.000037
 -0.33333 -0.00000 -0.00000    -4.5946561    -0.8328566     0.0001810     9    11     -0.000019+i*    -0.000005
 -0.33333 -0.00000 -0.00000    -2.8335705    -0.8328566     0.1208360    10    11      0.005436+i*    -0.012276
 -0.33333 -0.00000 -0.00000    -2.8335705     1.9685811     0.1806139    10    12     -0.007867+i*     0.018462
 -0.00000 -0.33333 -0.00000    -5.1496778    -1.5869842     0.0009074     9    11     -0.000023+i*     0.000098
 -0.00000 -0.33333 -0.00000    -3.1203342    -1.5869842     0.0073229    10    11      0.000791+i*     0.000190
 -0.00000 -0.33333 -0.00000    -5.1496778     1.1932086     0.0088141     9    12     -0.000231+i*     0.000952
 -0.00000 -0.33333 -0.00000    -3.1203342     1.1932086     0.1055898    10    12      0.011399+i*     0.002776
  0.33333 -0.33333 -0.00000    -4.4620760    -0.0451223     0.0000160     9    11     -0.000001+i*    -0.000001
  0.33333 -0.33333 -0.00000    -3.2688503    -0.0451223     0.0155831    10    11     -0.001731+i*    -0.000042
  0.33333 -0.33333 -0.00000    -3.2688503     2.6226298     0.0646435    10    12     -0.007181+i*    -0.000173
 -0.33333 -0.33333 -0.00000    -4.2052738    -0.0464668     0.0003230     9    11      0.000005+i*    -0.000036
 -0.33333 -0.33333 -0.00000    -2.8912559    -0.0464668     8.8591763    10    11      0.984353+i*    -0.000001
 -0.33333 -0.33333 -0.00000    -2.8912559     2.6619915     1.5599062    10    12      0.173323+i*     0.000000
     6BSE eigenvalue    1.50481105      IP-eigenvalue:    2.84478904
  0.00000  0.00000  0.00000    -6.0785256    -2.3708546     0.0000804     9    11     -0.000008+i*     0.000004
  0.00000  0.00000  0.00000    -4.1241113    -2.3708546     0.0854377    10    11     -0.008152+i*     0.004865
  0.00000  0.00000  0.00000    -4.1241113     0.4107230     0.0593249    10    12     -0.005662+i*     0.003376
  0.33333  0.00000  0.00000    -4.5946561    -0.8328566     0.0002021     9    11     -0.000003+i*     0.000022
  0.33333  0.00000  0.00000    -2.8335705    -0.8328566     0.2683862    10    11     -0.029820+i*     0.000150
  0.33333  0.00000  0.00000    -2.8335705     1.9685811     0.3310679    10    12     -0.036785+i*     0.000186
  0.00000  0.33333  0.00000    -5.1496778    -1.5869842     0.0023995     9    11      0.000214+i*     0.000159
  0.00000  0.33333  0.00000    -3.1203342    -1.5869842     0.0001967    10    11     -0.000012+i*     0.000018
  0.00000  0.33333  0.00000    -3.1203342     1.1932086     0.0062839    10    12      0.000404+i*    -0.000569
  0.33333  0.33333  0.00000    -4.2052738    -0.0464668     0.0215245     9    11      0.002389+i*     0.000121
  0.33333  0.33333  0.00000    -2.8912559    -0.0464668     0.0046721    10    11      0.000098+i*    -0.000510
  0.33333  0.33333  0.00000    -2.8912559     2.6619915     0.0036320    10    12     -0.000081+i*     0.000395
 -0.33333  0.33333  0.00000    -4.4620760    -0.0451223     0.0007059     9    11     -0.000074+i*     0.000027
 -0.33333  0.33333  0.00000    -3.2688503    -0.0451223     0.0010335    10    11     -0.000110+i*    -0.000034
 -0.33333  0.33333  0.00000    -3.2688503     2.6226298     0.0051246    10    12     -0.000543+i*    -0.000172
 -0.33333 -0.00000 -0.00000    -4.5946561    -0.8328566     0.0000254     9    11     -0.000003+i*    -0.000001
 -0.33333 -0.00000 -0.00000    -2.8335705    -0.8328566     0.0509606    10    11      0.002292+i*    -0.005177
 -0.33333 -0.00000 -0.00000    -2.8335705     1.9685811     0.1888573    10    12     -0.008226+i*     0.019305
 -0.00000 -0.33333 -0.00000    -5.1496778    -1.5869842     0.0013746     9    11      0.000035+i*    -0.000149
 -0.00000 -0.33333 -0.00000    -3.1203342    -1.5869842     0.0080757    10    11     -0.000873+i*    -0.000210
 -0.00000 -0.33333 -0.00000    -5.1496778     1.1932086     0.0062709     9    12      0.000163+i*    -0.000677
 -0.00000 -0.33333 -0.00000    -3.1203342     1.1932086     0.0460058    10    12     -0.004967+i*    -0.001210
  0.33333 -0.33333 -0.00000    -4.4620760    -0.0451223     0.0003001     9    11      0.000026+i*     0.000021
  0.33333 -0.33333 -0.00000    -3.2688503    -0.0451223     8.8010950    10    11     -0.977615+i*    -0.023572
  0.33333 -0.33333 -0.00000    -3.2688503     2.6226298     1.6185002    10    12     -0.179781+i*    -0.004335
 -0.33333 -0.33333 -0.00000    -4.2052738    -0.0464668     0.0000019     9    11     -0.000000+i*     0.000000
 -0.33333 -0.33333 -0.00000    -2.8912559    -0.0464668     0.1767789    10    11     -0.019642+i*    -0.000000
 -0.33333 -0.33333 -0.00000    -2.8912559     2.6619915     0.8101970    10    12      0.090022+i*     0.000000
     7BSE eigenvalue    1.56919454      IP-eigenvalue:    2.84478904
  0.00000  0.00000  0.00000    -6.0785256    -2.3708546     0.0002363     9    11     -0.000024+i*     0.000010
  0.00000  0.00000  0.00000    -4.1241113    -2.3708546     0.9192501    10    11      0.087695+i*    -0.052364
  0.00000  0.00000  0.00000    -4.1241113     0.4107230     0.5198677    10    12      0.049596+i*    -0.029610
  0.33333  0.00000  0.00000    -4.5946561    -0.8328566     0.0001535     9    11      0.000003+i*    -0.000017
  0.33333  0.00000  0.00000    -2.8335705    -0.8328566     0.1874953    10    11     -0.020833+i*     0.000110
  0.33333  0.00000  0.00000    -2.8335705     1.9685811     0.6637773    10    12     -0.073752+i*     0.000382
  0.00000  0.33333  0.00000    -5.1496778    -1.5869842     0.0037666     9    11     -0.000336+i*    -0.000249
  0.00000  0.33333  0.00000    -3.1203342    -1.5869842     0.0017404    10    11      0.000119+i*    -0.000153
  0.00000  0.33333  0.00000    -3.1203342     1.1932086     0.0477692    10    12     -0.003209+i*     0.004228
  0.33333  0.33333  0.00000    -4.2052738    -0.0464668     0.0013785     9    11     -0.000153+i*    -0.000008
  0.33333  0.33333  0.00000    -2.8912559    -0.0464668     0.0122639    10    11     -0.000261+i*     0.001337
  0.33333  0.33333  0.00000    -2.8912559     2.6619915     0.0300520    10    12      0.000688+i*    -0.003267
 -0.33333  0.33333  0.00000    -4.4620760    -0.0451223     0.0038836     9    11     -0.000405+i*     0.000150
 -0.33333  0.33333  0.00000    -3.2688503    -0.0451223     0.0020629    10    11      0.000219+i*     0.000066
 -0.33333  0.33333  0.00000    -3.2688503     2.6226298     0.0103246    10    12      0.001099+i*     0.000329
 -0.33333 -0.00000 -0.00000    -4.5946561    -0.8328566     0.0001579     9    11     -0.000017+i*    -0.000005
 -0.33333 -0.00000 -0.00000    -2.8335705    -0.8328566     0.5001695    10    11      0.022501+i*    -0.050815
 -0.33333 -0.00000 -0.00000    -2.8335705     1.9685811     1.5097990    10    12     -0.065762+i*     0.154328
 -0.00000 -0.33333 -0.00000    -5.1496778    -1.5869842     0.0041229     9    11     -0.000101+i*     0.000447
 -0.00000 -0.33333 -0.00000    -3.1203342    -1.5869842     0.0034383    10    11     -0.000371+i*    -0.000089
 -0.00000 -0.33333 -0.00000    -5.1496778     1.1932086     0.0213027     9    12     -0.000539+i*     0.002305
 -0.00000 -0.33333 -0.00000    -3.1203342     1.1932086     0.3544002    10    12      0.038260+i*     0.009316
  0.33333 -0.33333 -0.00000    -4.4620760    -0.0451223     0.0004469     9    11     -0.000039+i*    -0.000031
  0.33333 -0.33333 -0.00000    -3.2688503    -0.0451223     0.9678698    10    11      0.107510+i*     0.002592
  0.33333 -0.33333 -0.00000    -3.2688503     2.6226298     0.5321637    10    12     -0.059112+i*    -0.001426
 -0.33333 -0.33333 -0.00000    -4.2052738    -0.0464668     0.0002854     9    11      0.000004+i*    -0.000031
 -0.33333 -0.33333 -0.00000    -2.8912559    -0.0464668     1.5599587    10    11     -0.173329+i*     0.000000
 -0.33333 -0.33333 -0.00000    -2.8912559     2.6619915     8.5496372    10    12      0.949960+i*     0.000000
     8BSE eigenvalue    1.60608713      IP-eigenvalue:    3.22372795
  0.00000  0.00000  0.00000    -6.0785256    -2.3708546     0.0000617     9    11     -0.000006+i*     0.000003
  0.00000  0.00000  0.00000    -4.1241113    -2.3708546     8.7872650    10    11     -0.838289+i*     0.500555
  0.00000  0.00000  0.00000    -4.1241113     0.4107230     1.6220862    10    12     -0.154749+i*     0.092391
  0.33333  0.00000  0.00000    -4.5946561    -0.8328566     0.0000292     9    11      0.000000+i*    -0.000003
  0.33333  0.00000  0.00000    -2.8335705    -0.8328566     0.1523098    10    11     -0.016923+i*     0.000086
  0.33333  0.00000  0.00000    -2.8335705     1.9685811     0.2800386    10    12     -0.031115+i*     0.000158
  0.00000  0.33333  0.00000    -5.1496778    -1.5869842     0.0010600     9    11      0.000094+i*     0.000070
  0.00000  0.33333  0.00000    -3.1203342    -1.5869842     0.0000682    10    11      0.000005+i*    -0.000006
  0.00000  0.33333  0.00000    -3.1203342     1.1932086     0.0041514    10    12     -0.000283+i*     0.000365
  0.33333  0.33333  0.00000    -4.2052738    -0.0464668     0.0000495     9    11      0.000005+i*     0.000000
  0.33333  0.33333  0.00000    -2.8912559    -0.0464668     0.0007606    10    11      0.000016+i*    -0.000083
  0.33333  0.33333  0.00000    -2.8912559     2.6619915     0.0025245    10    12     -0.000058+i*     0.000274
 -0.33333  0.33333  0.00000    -4.4620760    -0.0451223     0.0008143     9    11     -0.000085+i*     0.000031
 -0.33333  0.33333  0.00000    -3.2688503    -0.0451223     0.0002981    10    11     -0.000032+i*    -0.000008
 -0.33333  0.33333  0.00000    -3.2688503     2.6226298     0.0016868    10    12     -0.000183+i*    -0.000042
 -0.33333 -0.00000 -0.00000    -4.5946561    -0.8328566     0.0000521     9    11     -0.000006+i*    -0.000002
 -0.33333 -0.00000 -0.00000    -2.8335705    -0.8328566     0.0606196    10    11     -0.002727+i*     0.006159
 -0.33333 -0.00000 -0.00000    -2.8335705     1.9685811     0.0076568    10    12      0.000334+i*    -0.000782
 -0.00000 -0.33333 -0.00000    -5.1496778    -1.5869842     0.0041973     9    11      0.000107+i*    -0.000454
 -0.00000 -0.33333 -0.00000    -3.1203342    -1.5869842     0.0357487    10    11     -0.003862+i*    -0.000928
 -0.00000 -0.33333 -0.00000    -5.1496778     1.1932086     0.0081446     9    12      0.000210+i*    -0.000880
 -0.00000 -0.33333 -0.00000    -3.1203342     1.1932086     0.1097691    10    12     -0.011850+i*    -0.002886
  0.33333 -0.33333 -0.00000    -4.4620760    -0.0451223     0.0000253     9    11      0.000001+i*     0.000003
  0.33333 -0.33333 -0.00000    -3.2688503    -0.0451223     0.2341852    10    11      0.026013+i*     0.000623
  0.33333 -0.33333 -0.00000    -3.2688503     2.6226298     0.1684349    10    12     -0.018710+i*    -0.000446
 -0.33333 -0.33333 -0.00000    -4.2052738    -0.0464668     0.0001370     9    11      0.000002+i*    -0.000015
 -0.33333 -0.33333 -0.00000    -2.8912559    -0.0464668     0.1480677    10    11     -0.016452+i*    -0.000000
 -0.33333 -0.33333 -0.00000    -2.8912559     2.6619915     0.9637841    10    12      0.107087+i*     0.000000
