# shape 27 27
# i j real imag
     1      1  2.7886135998564918e+00 -8.4247473195217831e-11
     1      2  1.2629685390907589e-10  1.0078035461114186e-09
     1      3  3.9356543842102235e-10  1.4647995901081547e-09
     1      4 -1.8923646786031378e-03 -3.9379214709981155e-05
     1      5 -1.5728162334947948e-09  9.1374729145606978e-09
     1      6 -2.1546763923998070e-09  4.8928896364141068e-09
     1      7 -8.3553382284267553e-03 -1.7458108605591629e-04
     1      8 -1.1838681313288465e-06  4.7159826203650383e-05
     1      9 -8.5211630039548202e-07  3.4074003746985699e-05
     1     10 -6.2123583428454036e-04 -1.3005642153929913e-05
     1     11 -6.0588049617402744e-07 -5.0372467770091501e-06
     1     12 -2.6758692913570055e-06 -2.2237813022765553e-05
     1     13 -5.4927257032703284e-04 -2.4936639763405464e-04
     1     14 -7.3901769364173367e-06  9.0189324496380062e-07
     1     15  2.1418392494151879e-05 -2.2471686356402477e-06
     1     16 -1.8923526817332514e-03 -3.9951545555194645e-05
     1     17 -1.1875958911514714e-09 -9.1549752956079211e-09
     1     18 -1.8707454381536906e-09 -3.9411266365502238e-09
     1     19 -8.3553150349075390e-03 -1.7568773820922368e-04
     1     20  7.9333054449365539e-07 -4.7168093570596597e-05
     1     21  5.7695838821011147e-07 -3.4081212699296924e-05
     1     22 -5.5923937653753098e-04  2.2613106893308848e-04
     1     23 -7.3458554084918274e-06 -1.2107854693326180e-06
     1     24  2.1304095716450785e-05  3.1428226781456872e-06
     1     25 -6.2123516329477054e-04 -1.3037580593718628e-05
     1     26 -8.1644182562987173e-07  5.0074701593602886e-06
     1     27 -3.6059035606386004e-06  2.2107306899367983e-05
     2      1  1.2629685390907589e-10 -1.0078035461114186e-09
     2      2  8.3679204589469913e-01 -7.6153749972718288e-11
     2      3 -7.8321515474413808e-02  2.5177464969291494e-04
     2      4 -8.4600995499971417e-09  1.0685445725849218e-09
     2      5  2.8193118542145666e-05 -1.7198188762716381e-03
     2      6  5.6313893180920394e-05 -3.4351543065325092e-03
     2      7  4.1179898095147377e-05 -5.3564101048485943e-06
     2      8  9.7367462110855803e-04  7.7398243068853134e-03
     2      9  5.9481258892443863e-04  4.7260303721550585e-03
     2     10  4.3195511618057040e-06 -5.6173708840813734e-07
     2     11 -1.4688725671565072e-04 -5.3086512816051686e-04
     2     12 -6.6789448861828877e-04 -2.4138014757231108e-03
     2     13 -6.7802424415274542e-06 -2.7911343342186845e-06
     2     14  5.0033838580391802e-04 -1.9764181275120561e-04
     2     15 -2.3220025406378297e-03  8.8071907912063059e-04
     2     16  8.4289617538100145e-09 -1.1303087252482309e-09
     2     17 -4.6699071362729270e-04 -1.6554429927071795e-03
     2     18 -9.3276496673908905e-04 -3.3065698412020040e-03
     2     19 -4.1180653790279715e-05  5.3507833103192953e-06
     2     20  1.0376604169051789e-03  7.7315059077958529e-03
     2     21  6.3334177727428849e-04  4.7210220456230644e-03
     2     22  5.8412024311736309e-06 -4.4319432985409898e-06
     2     23 -5.3424136981324803e-04 -6.3142289932472141e-05
     2     24  2.4700067545370343e-03  2.5773869093163648e-04
     2     25 -4.3196249738259841e-06  5.6138014293001931e-07
     2     26  6.2695572353174070e-06 -5.5077613055747965e-04
     2     27  2.8516791753620094e-05 -2.5043379181869984e-03
     3      1  3.9356543842102235e-10 -1.4647995901081547e-09
     3      2 -7.8321515474413808e-02 -2.5177464969291494e-04
     3      3  1.1716552247797862e+00  2.0700478368477584e-12
     3      4 -4.6142745078001889e-09  6.4939416835533091e-11
     3      5  6.8013482057056654e-05 -3.4685116923112995e-03
     3      6  2.4909756394665156e-03 -1.2703139777713784e-01
     3      7  3.1726610493748281e-05 -4.0233594036584136e-06
     3      8  6.0235965942999977e-04  4.9157662362867638e-03
     3      9  2.1003175108710592e-02  1.7132232152930249e-01
     3     10  2.0522667999482482e-05 -2.6023770226105097e-06
     3     11 -7.2203082632270007e-04 -2.6425123202598335e-03
     3     12 -2.4948314017973327e-02 -9.1305369495762664e-02
     3     13 -1.7867030800879273e-05 -8.5607069641997375e-06
     3     14  2.7469334757209141e-03 -1.0761119250968228e-03
     3     15 -8.8160897218103426e-02  3.3101922379892873e-02
     3     16  4.4924374452521589e-09 -1.0892259695380941e-09
     3     17 -9.3113821310227072e-04 -3.3418828254534174e-03
     3     18 -3.4102209238288841e-02 -1.2239371023019971e-01
     3     19 -3.1727209349507527e-05  4.0185560149770862e-06
     3     20  6.4300038393380881e-04  4.9106155791727333e-03
     3     21  2.2399929518289841e-02  1.7114530197425606e-01
     3     22  1.5166540519821347e-05 -1.2747269512817969e-05
     3     23 -2.9285384766751109e-03 -3.5682317637189114e-04
     3     24  9.3631365330475017e-02  1.0062230364869293e-02
     3     25 -2.0523011269740563e-05  2.5996077820301702e-06
     3     26  3.9986349783666278e-05 -2.7390876165495357e-03
     3     27  1.3819713667491040e-03 -9.4642374384456440e-02
     4      1 -1.8923646786031378e-03  3.9379214709981155e-05
     4      2 -8.4600995499971417e-09 -1.0685445725849218e-09
     4      3 -4.6142745078001889e-09 -6.4939416835533091e-11
     4      4  2.8427665986349138e+00 -8.4189346851973005e-11
     4      5 -2.3694522782608280e-10 -5.1858474681740451e-09
     4      6 -4.6726086494090521e-10 -1.8591394170001524e-10
     4      7 -6.1622049722977960e-04 -1.4717804693648646e-07
     4      8  7.8144216129313321e-07 -7.6889357525494756e-06
     4      9  2.0231816563943187e-06 -2.1616366040356477e-05
     4     10 -8.3094651878576030e-03 -1.0433292167679988e-06
     4     11 -6.6548983447504267e-06 -4.7053562286228007e-05
     4     12 -4.7190960322016170e-06 -3.3360074391540324e-05
     4     13 -5.5606552589120006e-05 -2.3851542359391080e-05
     4     14  5.8347028287063138e-07 -1.4705422356613472e-07
     4     15 -1.1268861653319175e-05  2.6731933180422731e-06
     4     16 -7.0722930749329366e-05 -2.1361219308834041e-08
     4     17 -1.8461065417609272e-10 -1.1295101061235207e-09
     4     18 -1.9041516893023726e-09 -8.6437888971804772e-09
     4     19 -6.2323836141210209e-04 -1.3551879145334227e-07
     4     20 -2.0073376507875884e-08 -5.0347627987788447e-06
     4     21 -8.7233932602554758e-08 -2.2344997011809000e-05
     4     22 -7.3805726596368870e-03  3.1631372285112103e-03
     4     23  4.4119493949531880e-05  1.1133531815604719e-05
     4     24 -3.1721258213496568e-05 -7.5335682906975436e-06
     4     25 -2.0465507727733302e-05  4.1388908018450774e-09
     4     26  4.6252277919953652e-08 -2.6059530860751942e-07
     4     27  4.8818868553818480e-07 -5.5772897956999807e-06
     5      1 -1.5728162334947948e-09 -9.1374729145606978e-09
     5      2  2.8193118542145666e-05  1.7198188762716381e-03
     5      3  6.8013482057056654e-05  3.4685116923112995e-03
     5      4 -2.3694522782608280e-10  5.1858474681740451e-09
     5      5  1.0840602231565568e+00 -7.5847476447658352e-11
     5      6 -7.8862835260552627e-02 -1.6604518951834746e-08
     5      7  3.9226537238458906e-07  8.0043682787371350e-06
     5      8  5.4676823324580526e-04 -7.7864106203805026e-05
     5      9  2.5707392685284545e-03 -3.6700803446169423e-04
     5     10 -6.1216346820329278e-06 -4.1716309780274429e-05
     5     11 -7.4949963603933084e-03  2.2066964970674945e-03
     5     12 -4.6045958883021371e-03  1.3557165538451944e-03
     5     13  1.4853037018319413e-07 -5.5974404120988566e-07
     5     14 -2.3070829913889717e-05 -5.5692568645713011e-05
     5     15  5.1544730497286233e-04  1.2954146499733878e-03
     5     16 -1.8461065410191852e-10 -1.1295101061196854e-09
     5     17 -6.3767265736664215e-05  1.9122145118560382e-05
     5     18 -1.4608770677795497e-03  4.3807956439565556e-04
     5     19  6.4289322240408299e-07  4.3841805576307625e-06
     5     20  5.4489719924310750e-04 -8.2245186062970271e-05
     5     21  2.5090255237775576e-03 -3.7855814248834461e-04
     5     22  2.1497216978396501e-05  3.5007548509389139e-05
     5     23 -7.5440512917000302e-04  7.4149848855153593e-03
     5     24  3.9632007608733085e-04 -4.5253637825205971e-03
     5     25 -3.4534244825644910e-08 -2.5816647760998847e-07
     5     26 -2.3924484804270042e-05  9.3836752474896350e-08
     5     27 -8.1031168423515375e-04  3.4064681118114808e-06
     6      1 -2.1546763923998070e-09 -4.8928896364141068e-09
     6      2  5.6313893180920394e-05  3.4351543065325092e-03
     6      3  2.4909756394665156e-03  1.2703139777713784e-01
     6      4 -4.6726086494090521e-10  1.8591394170001524e-10
     6      5 -7.8862835260552627e-02  1.6604518951834746e-08
     6      6  1.4384108261735591e+00  1.1395791717679533e-12
     6      7  1.1680961407055775e-06  2.2084282238272952e-05
     6      8  2.6438965855888025e-03 -3.7732330561617060e-04
     6      9  9.6043523795807120e-02 -1.3699500923683739e-02
     6     10 -4.5441257756683465e-06 -3.0960253027517438e-05
     6     11 -4.9991186997204052e-03  1.4718554636119834e-03
     6     12 -1.6628208180140305e-01  4.8957943733131129e-02
     6     13  2.4840367177234677e-06 -9.3607674444993533e-06
     6     14 -6.3165765083447051e-04 -1.5248094238993815e-03
     6     15  2.0424931782592255e-02  5.1331599500938407e-02
     6     16 -1.9041516892604589e-09 -8.6437888971983989e-09
     6     17 -1.4608770677795497e-03  4.3807956439565545e-04
     6     18 -5.7365799709767240e-02  1.7202550675709517e-02
     6     19  3.0985551572695459e-06  2.1131330743329847e-05
     6     20  2.5805500285107849e-03 -3.8950191993149529e-04
     6     21  9.3730116681119247e-02 -1.4141895897872804e-02
     6     22  1.4584121787618757e-05  2.3748841995210412e-05
     6     23 -5.4350484731286841e-04  5.3420889086228445e-03
     6     24  1.4428938103256990e-02 -1.6475665854080132e-01
     6     25 -1.4833999846043451e-06 -6.1450929974892273e-06
     6     26 -8.8078537154342627e-04  3.7571117179279433e-06
     6     27 -3.3091565610720880e-02  1.5683054103850409e-04
     7      1 -8.3553382284267553e-03  1.7458108605591629e-04
     7      2  4.1179898095147377e-05  5.3564101048485943e-06
     7      3  3.1726610493748281e-05  4.0233594036584136e-06
     7      4 -6.1622049722977960e-04  1.4717804693648646e-07
     7      5  3.9226537238458906e-07 -8.0043682787371350e-06
     7      6  1.1680961407055775e-06 -2.2084282238272952e-05
     7      7  2.6437230187636445e+00 -8.4083900336256387e-11
     7      8 -1.8379351108358178e-07  4.3929048714780771e-05
     7      9 -5.0105150466592709e-09  1.2357230738748633e-06
     7     10 -1.8787870760379125e-03 -7.6155267601333649e-08
     7     11 -2.0000679471683487e-07 -1.4135658417894938e-06
     7     12 -8.6390581767973034e-08 -6.1010716234033226e-07
     7     13 -1.6949172624177813e-03 -7.2683743566750384e-04
     7     14  1.4395101279225927e-06 -3.6275278128110093e-07
     7     15 -5.9032869653788540e-07  1.3984678771477690e-07
     7     16 -6.2323836141209288e-04 -1.3551879143946448e-07
     7     17  6.4289322240409506e-07  4.3841805576306490e-06
     7     18  3.0985551572694917e-06  2.1131330743329898e-05
     7     19 -3.0034109077210769e-04 -3.9795366505199518e-08
     7     20 -2.5550204408312761e-08 -6.2916546287979817e-06
     7     21 -3.6942546252489107e-07 -9.2228367157387798e-05
     7     22 -1.0839507719717645e-04  4.6466468951192716e-05
     7     23  2.2345925878505961e-06  5.6372758424231051e-07
     7     24 -3.9492147397654961e-05 -9.3758115068033151e-06
     7     25 -2.8141748007298893e-05  1.1253345323107720e-08
     7     26 -1.9357023481390671e-07  1.7171595498694901e-06
     7     27 -4.8270123013705398e-06  5.4928868314231816e-05
     8      1 -1.1838681313288465e-06 -4.7159826203650383e-05
     8      2  9.7367462110855803e-04 -7.7398243068853134e-03
     8      3  6.0235965942999977e-04 -4.9157662362867638e-03
     8      4  7.8144216129313321e-07  7.6889357525494756e-06
     8      5  5.4676823324580526e-04  7.7864106203805026e-05
     8      6  2.6438965855888025e-03  3.7732330561617060e-04
     8      7 -1.8379351108358178e-07 -4.3929048714780771e-05
     8      8  6.1637024335587909e-01 -7.5170832521583478e-11
     8      9 -8.0510319029404642e-02  4.6153725362445327e-06
     8     10 -6.0626283993661688e-09 -1.4702378418438880e-06
     8     11  1.7266479544825956e-03 -2.5177604902645558e-04
     8     12  3.5686588027610852e-03 -5.2038899221395194e-04
     8     13  5.0255544522784542e-07 -1.1853395867736542e-06
     8     14  4.2793452890142319e-04  1.6675907054122128e-03
     8     15 -8.2976162938207536e-04 -3.4328812804099479e-03
     8     16 -2.0073376507875884e-08 -5.0347627987790954e-06
     8     17  5.4489719924311064e-04 -8.2245186062978375e-05
     8     18  2.5805500285107845e-03 -3.8950191993149518e-04
     8     19 -2.5550204408385040e-08 -6.2916546287977615e-06
     8     20 -2.7526776334221999e-04  2.2769105657309706e-06
     8     21 -2.2358361348175410e-03  1.8366487579954764e-05
     8     22 -9.0935645501870253e-07 -2.0969205630108661e-06
     8     23  2.6461348144881748e-05 -1.0677616116988123e-04
     8     24 -3.8621574929151900e-04  1.6577776464000368e-03
     8     25 -6.5097893634315155e-08 -1.6973992747970884e-06
     8     26  2.6463538229747525e-05  3.5925852280070515e-06
     8     27  9.7080699227187497e-04  1.3247087249161827e-04
     9      1 -8.5211630039548202e-07 -3.4074003746985699e-05
     9      2  5.9481258892443863e-04 -4.7260303721550585e-03
     9      3  2.1003175108710592e-02 -1.7132232152930249e-01
     9      4  2.0231816563943187e-06  2.1616366040356477e-05
     9      5  2.5707392685284545e-03  3.6700803446169423e-04
     9      6  9.6043523795807120e-02  1.3699500923683739e-02
     9      7 -5.0105150466592709e-09 -1.2357230738748633e-06
     9      8 -8.0510319029404642e-02 -4.6153725362445327e-06
     9      9  9.4863799172004670e-01 -2.5040155134566550e-13
     9     10 -1.7165783090928000e-09 -5.8777554857974295e-07
     9     11  3.7575872108011545e-03 -5.4770367932121405e-04
     9     12  1.2795455763676394e-01 -1.8651057675658420e-02
     9     13  1.6568734838274109e-07 -3.9097208362877479e-07
     9     14  1.0043210574446190e-03  3.9146070399320625e-03
     9     15 -2.9881399162846600e-02 -1.2365610328435202e-01
     9     16 -8.7233932602557775e-08 -2.2344997011809054e-05
     9     17  2.5090255237775571e-03 -3.7855814248834440e-04
     9     18  9.3730116681119247e-02 -1.4141895897872809e-02
     9     19 -3.6942546252504766e-07 -9.2228367157387703e-05
     9     20 -2.2358361348175410e-03  1.8366487579954764e-05
     9     21 -8.1981905364327201e-02  6.6873712080334994e-04
     9     22 -1.3900227699154784e-05 -3.2057721752542953e-05
     9     23  4.6967512848144973e-04 -1.8947567999227318e-03
     9     24 -1.4575621074994551e-02  6.2547529144734992e-02
     9     25 -3.3983854124234415e-06 -5.2249187459529162e-05
     9     26  1.0245563460062708e-03  1.3979883689259985e-04
     9     27  3.7626845679080846e-02  5.1676731172660409e-03
    10      1 -6.2123583428454036e-04  1.3005642153929913e-05
    10      2  4.3195511618057040e-06  5.6173708840813734e-07
    10      3  2.0522667999482482e-05  2.6023770226105097e-06
    10      4 -8.3094651878576030e-03  1.0433292167679988e-06
    10      5 -6.1216346820329278e-06  4.1716309780274429e-05
    10      6 -4.5441257756683465e-06  3.0960253027517438e-05
    10      7 -1.8787870760379125e-03  7.6155267601333649e-08
    10      8 -6.0626283993661688e-09  1.4702378418438880e-06
    10      9 -1.7165783090928000e-09  5.8777554857974295e-07
    10     10  3.2399440515695512e+00 -8.3843253327763198e-11
    10     11 -6.3520698325568271e-06 -4.4861507491387865e-05
    10     12 -1.6483818324559616e-07 -1.1603157723964978e-06
    10     13 -7.0707247102247707e-05 -3.0318282191247847e-05
    10     14  4.3014177604888870e-08 -1.0837126285832099e-08
    10     15 -2.3360681204134952e-07  5.5872418145663693e-08
    10     16 -2.0465507727732915e-05  4.1388908035798009e-09
    10     17 -3.4534244825664485e-08 -2.5816647760999694e-07
    10     18 -1.4833999846043311e-06 -6.1450929974891960e-06
    10     19 -2.8141748007297351e-05  1.1253345320216515e-08
    10     20 -6.5097893634056148e-08 -1.6973992747970840e-06
    10     21 -3.3983854124233449e-06 -5.2249187459529217e-05
    10     22 -2.6790911468234829e-04  1.1485928035066276e-04
    10     23  5.9136972982805839e-06  1.4917191439793653e-06
    10     24 -8.4625198800407042e-05 -2.0088505392508938e-05
    10     25 -4.5926190263382354e-05 -2.3729782247979463e-09
    10     26 -1.3904483350723098e-07  9.8163941316852566e-07
    10     27 -3.1587190100246275e-06  2.2298816608675356e-05
    11      1 -6.0588049617402744e-07  5.0372467770091501e-06
    11      2 -1.4688725671565072e-04  5.3086512816051686e-04
    11      3 -7.2203082632270007e-04  2.6425123202598335e-03
    11      4 -6.6548983447504267e-06  4.7053562286228007e-05
    11      5 -7.4949963603933084e-03 -2.2066964970674945e-03
    11      6 -4.9991186997204052e-03 -1.4718554636119834e-03
    11      7 -2.0000679471683487e-07  1.4135658417894938e-06
    11      8  1.7266479544825956e-03  2.5177604902645558e-04
    11      9  3.7575872108011545e-03  5.4770367932121405e-04
    11     10 -6.3520698325568271e-06  4.4861507491387865e-05
    11     11  1.9275508268708212e+00 -7.4440453801116746e-11
    11     12 -8.3699008810658879e-02  3.2066328023646206e-07
    11     13 -1.7030251099077928e-08  2.8037842570330589e-08
    11     14 -8.3073973171789931e-06 -7.7781807055088414e-05
    11     15  1.5622605225780269e-04  1.6866162777277927e-03
    11     16  4.6252277919923536e-08 -2.6059530860753673e-07
    11     17 -2.3924484804270042e-05  9.3836752475281842e-08
    11     18 -8.8078537154342659e-04  3.7571117179280995e-06
    11     19 -1.9357023481399705e-07  1.7171595498694056e-06
    11     20  2.6463538229746752e-05  3.5925852280089789e-06
    11     21  1.0245563460062708e-03  1.3979883689259977e-04
    11     22  1.6072878718664795e-06  5.9372795349050924e-06
    11     23 -1.0199979021904990e-04  2.4975665217303537e-04
    11     24  8.1558581641311535e-04 -2.0799874620224543e-03
    11     25 -1.3904483350717979e-07  9.8163941316852100e-07
    11     26 -4.9029250956163844e-05 -1.4168855586564147e-05
    11     27 -1.4504891003258226e-03 -4.1917951637292765e-04
    12      1 -2.6758692913570055e-06  2.2237813022765553e-05
    12      2 -6.6789448861828877e-04  2.4138014757231108e-03
    12      3 -2.4948314017973327e-02  9.1305369495762664e-02
    12      4 -4.7190960322016170e-06  3.3360074391540324e-05
    12      5 -4.6045958883021371e-03 -1.3557165538451944e-03
    12      6 -1.6628208180140305e-01 -4.8957943733131129e-02
    12      7 -8.6390581767973034e-08  6.1010716234033226e-07
    12      8  3.5686588027610852e-03  5.2038899221395194e-04
    12      9  1.2795455763676394e-01  1.8651057675658420e-02
    12     10 -1.6483818324559616e-07  1.1603157723964978e-06
    12     11 -8.3699008810658879e-02 -3.2066328023646206e-07
    12     12  2.1860040028727470e+00 -9.3643919779001144e-13
    12     13 -9.3142893834923868e-08  1.5311752057448931e-07
    12     14 -1.9605170152857594e-04 -1.8356867240875302e-03
    12     15  5.6919679695062080e-03  6.1452716295461340e-02
    12     16  4.8818868553819793e-07 -5.5772897956999731e-06
    12     17 -8.1031168423515364e-04  3.4064681118114266e-06
    12     18 -3.3091565610720880e-02  1.5683054103850491e-04
    12     19 -4.8270123013704797e-06  5.4928868314231796e-05
    12     20  9.7080699227187497e-04  1.3247087249161849e-04
    12     21  3.7626845679080846e-02  5.1676731172660409e-03
    12     22  2.0785457716067405e-05  7.6778778766619729e-05
    12     23 -9.1767513513649310e-04  2.2469957861225441e-03
    12     24  2.8583271215792044e-02 -7.2895110214469219e-02
    12     25 -3.1587190100245628e-06  2.2298816608675326e-05
    12     26 -1.4504891003258229e-03 -4.1917951637292786e-04
    12     27 -5.3188238646935261e-02 -1.5371159950559005e-02
    13      1 -5.4927257032703284e-04  2.4936639763405464e-04
    13      2 -6.7802424415274542e-06  2.7911343342186845e-06
    13      3 -1.7867030800879273e-05  8.5607069641997375e-06
    13      4 -5.5606552589120006e-05  2.3851542359391080e-05
    13      5  1.4853037018319413e-07  5.5974404120988566e-07
    13      6  2.4840367177234677e-06  9.3607674444993533e-06
    13      7 -1.6949172624177813e-03  7.2683743566750384e-04
    13      8  5.0255544522784542e-07  1.1853395867736542e-06
    13      9  1.6568734838274109e-07  3.9097208362877479e-07
    13     10 -7.0707247102247707e-05  3.0318282191247847e-05
    13     11 -1.7030251099077928e-08 -2.8037842570330589e-08
    13     12 -9.3142893834923868e-08 -1.5311752057448931e-07
    13     13  3.4982578284101602e+00 -8.3461879382993071e-11
    13     14  3.2956161138384849e-05 -2.5164192638187999e-05
    13     15 -6.7367171654146105e-07  4.9890271100964536e-07
    13     16 -7.3805726596368748e-03  3.1631372285112124e-03
    13     17  2.1497216978396223e-05  3.5007548509388956e-05
    13     18  1.4584121787618726e-05  2.3748841995210425e-05
    13     19 -1.0839507719717952e-04  4.6466468951194255e-05
    13     20 -9.0935645501864228e-07 -2.0969205630107606e-06
    13     21 -1.3900227699154766e-05 -3.2057721752542994e-05
    13     22 -9.7643669397930478e-06  1.0442179976520159e-05
    13     23  4.1467926685362963e-07 -2.9976258792944978e-07
    13     24 -1.0999382506529598e-05  3.9090235743118110e-06
    13     25 -2.6790911468235447e-04  1.1485928035064522e-04
    13     26  1.6072878718666964e-06  5.9372795349054176e-06
    13     27  2.0785457716067381e-05  7.6778778766619770e-05
    14      1 -7.3901769364173367e-06 -9.0189324496380062e-07
    14      2  5.0033838580391802e-04  1.9764181275120561e-04
    14      3  2.7469334757209141e-03  1.0761119250968228e-03
    14      4  5.8347028287063138e-07  1.4705422356613472e-07
    14      5 -2.3070829913889717e-05  5.5692568645713011e-05
    14      6 -6.3165765083447051e-04  1.5248094238993815e-03
    14      7  1.4395101279225927e-06  3.6275278128110093e-07
    14      8  4.2793452890142319e-04 -1.6675907054122128e-03
    14      9  1.0043210574446190e-03 -3.9146070399320625e-03
    14     10  4.3014177604888870e-08  1.0837126285832099e-08
    14     11 -8.3073973171789931e-06  7.7781807055088414e-05
    14     12 -1.9605170152857594e-04  1.8356867240875302e-03
    14     13  3.2956161138384849e-05  2.5164192638187999e-05
    14     14  2.3062643590329381e+00 -7.3753990569179626e-11
    14     15  8.9259077469880391e-02  1.2530031553158352e-03
    14     16  4.4119493949531758e-05  1.1133531815604672e-05
    14     17 -7.5440512916997830e-04  7.4149848855153619e-03
    14     18 -5.4350484731286776e-04  5.3420889086228437e-03
    14     19  2.2345925878506774e-06  5.6372758424237075e-07
    14     20  2.6461348144885604e-05 -1.0677616116988123e-04
    14     21  4.6967512848145011e-04 -1.8947567999227323e-03
    14     22  4.1467926685363879e-07 -2.9976258792942796e-07
    14     23  2.0409467491461413e-05  1.0934641382045912e-05
    14     24 -5.7479059970650065e-04 -2.9860163260575544e-04
    14     25  5.9136972982804695e-06  1.4917191439795340e-06
    14     26 -1.0199979021905299e-04  2.4975665217305694e-04
    14     27 -9.1767513513649288e-04  2.2469957861225441e-03
    15      1  2.1418392494151879e-05  2.2471686356402477e-06
    15      2 -2.3220025406378297e-03 -8.8071907912063059e-04
    15      3 -8.8160897218103426e-02 -3.3101922379892873e-02
    15      4 -1.1268861653319175e-05 -2.6731933180422731e-06
    15      5  5.1544730497286233e-04 -1.2954146499733878e-03
    15      6  2.0424931782592255e-02 -5.1331599500938407e-02
    15      7 -5.9032869653788540e-07 -1.3984678771477690e-07
    15      8 -8.2976162938207536e-04  3.4328812804099479e-03
    15      9 -2.9881399162846600e-02  1.2365610328435202e-01
    15     10 -2.3360681204134952e-07 -5.5872418145663693e-08
    15     11  1.5622605225780269e-04 -1.6866162777277927e-03
    15     12  5.6919679695062080e-03 -6.1452716295461340e-02
    15     13 -6.7367171654146105e-07 -4.9890271100964536e-07
    15     14  8.9259077469880391e-02 -1.2530031553158352e-03
    15     15  2.5208709165766092e+00 -6.1903260295537166e-13
    15     16 -3.1721258213496547e-05 -7.5335682906974894e-06
    15     17  3.9632007608733047e-04 -4.5253637825205953e-03
    15     18  1.4428938103256963e-02 -1.6475665854080129e-01
    15     19 -3.9492147397654921e-05 -9.3758115068031949e-06
    15     20 -3.8621574929151905e-04  1.6577776464000368e-03
    15     21 -1.4575621074994558e-02  6.2547529144734992e-02
    15     22 -1.0999382506529588e-05  3.9090235743118186e-06
    15     23 -5.7479059970650043e-04 -2.9860163260575550e-04
    15     24  2.0164170981797253e-02  1.0134594833228506e-02
    15     25 -8.4625198800407096e-05 -2.0088505392508664e-05
    15     26  8.1558581641311535e-04 -2.0799874620224530e-03
    15     27  2.8583271215792051e-02 -7.2895110214469233e-02
    16      1 -1.8923526817332514e-03  3.9951545555194645e-05
    16      2  8.4289617538100145e-09  1.1303087252482309e-09
    16      3  4.4924374452521589e-09  1.0892259695380941e-09
    16      4 -7.0722930749329366e-05  2.1361219308834041e-08
    16      5 -1.8461065410191852e-10  1.1295101061196854e-09
    16      6 -1.9041516892604589e-09  8.6437888971983989e-09
    16      7 -6.2323836141209288e-04  1.3551879143946448e-07
    16      8 -2.0073376507875884e-08  5.0347627987790954e-06
    16      9 -8.7233932602557775e-08  2.2344997011809054e-05
    16     10 -2.0465507727732915e-05 -4.1388908035798009e-09
    16     11  4.6252277919923536e-08  2.6059530860753673e-07
    16     12  4.8818868553819793e-07  5.5772897956999731e-06
    16     13 -7.3805726596368748e-03 -3.1631372285112124e-03
    16     14  4.4119493949531758e-05 -1.1133531815604672e-05
    16     15 -3.1721258213496547e-05  7.5335682906974894e-06
    16     16  2.8427665986349138e+00 -8.4189297508727473e-11
    16     17 -2.3700322909648233e-10  5.1965000661502908e-09
    16     18 -4.6735947276835084e-10  1.8467281404761309e-10
    16     19 -6.1622049722977342e-04  1.4717804704442479e-07
    16     20  7.8144216129310907e-07  7.6889357525501821e-06
    16     21  2.0231816563942709e-06  2.1616366040356423e-05
    16     22 -5.5606552589103039e-05  2.3851542359371324e-05
    16     23  5.8347028287093038e-07  1.4705422356622509e-07
    16     24 -1.1268861653319185e-05 -2.6731933180422040e-06
    16     25 -8.3094651878574295e-03  1.0433292170841040e-06
    16     26 -6.6548983447525468e-06  4.7053562286227011e-05
    16     27 -4.7190960322015628e-06  3.3360074391540555e-05
    17      1 -1.1875958911514714e-09  9.1549752956079211e-09
    17      2 -4.6699071362729270e-04  1.6554429927071795e-03
    17      3 -9.3113821310227072e-04  3.3418828254534174e-03
    17      4 -1.8461065417609272e-10  1.1295101061235207e-09
    17      5 -6.3767265736664215e-05 -1.9122145118560382e-05
    17      6 -1.4608770677795497e-03 -4.3807956439565545e-04
    17      7  6.4289322240409506e-07 -4.3841805576306490e-06
    17      8  5.4489719924311064e-04  8.2245186062978375e-05
    17      9  2.5090255237775571e-03  3.7855814248834440e-04
    17     10 -3.4534244825664485e-08  2.5816647760999694e-07
    17     11 -2.3924484804270042e-05 -9.3836752475281842e-08
    17     12 -8.1031168423515364e-04 -3.4064681118114266e-06
    17     13  2.1497216978396223e-05 -3.5007548509388956e-05
    17     14 -7.5440512916997830e-04 -7.4149848855153619e-03
    17     15  3.9632007608733047e-04  4.5253637825205953e-03
    17     16 -2.3700322909648233e-10 -5.1965000661502908e-09
    17     17  1.0840602231565570e+00 -7.5847328417921744e-11
    17     18 -7.8862835260560010e-02  1.6608820600571035e-08
    17     19  3.9226537238475773e-07 -8.0043682787372874e-06
    17     20  5.4676823324587627e-04  7.7864106203848205e-05
    17     21  2.5707392685284463e-03  3.6700803446169651e-04
    17     22  1.4853037018282067e-07  5.5974404120986046e-07
    17     23 -2.3070829913936219e-05  5.5692568645748471e-05
    17     24  5.1544730497286113e-04 -1.2954146499733834e-03
    17     25 -6.1216346820326626e-06  4.1716309780273460e-05
    17     26 -7.4949963603929562e-03 -2.2066964970671979e-03
    17     27 -4.6045958883021371e-03 -1.3557165538451948e-03
    18      1 -1.8707454381536906e-09  3.9411266365502238e-09
    18      2 -9.3276496673908905e-04  3.3065698412020040e-03
    18      3 -3.4102209238288841e-02  1.2239371023019971e-01
    18      4 -1.9041516893023726e-09  8.6437888971804772e-09
    18      5 -1.4608770677795497e-03 -4.3807956439565556e-04
    18      6 -5.7365799709767240e-02 -1.7202550675709517e-02
    18      7  3.0985551572694917e-06 -2.1131330743329898e-05
    18      8  2.5805500285107845e-03  3.8950191993149518e-04
    18      9  9.3730116681119247e-02  1.4141895897872809e-02
    18     10 -1.4833999846043311e-06  6.1450929974891960e-06
    18     11 -8.8078537154342659e-04 -3.7571117179280995e-06
    18     12 -3.3091565610720880e-02 -1.5683054103850491e-04
    18     13  1.4584121787618726e-05 -2.3748841995210425e-05
    18     14 -5.4350484731286776e-04 -5.3420889086228437e-03
    18     15  1.4428938103256963e-02  1.6475665854080129e-01
    18     16 -4.6735947276835084e-10 -1.8467281404761309e-10
    18     17 -7.8862835260560010e-02 -1.6608820600571035e-08
    18     18  1.4384108261735595e+00  1.1395020729467987e-12
    18     19  1.1680961407054269e-06 -2.2084282238273003e-05
    18     20  2.6438965855887920e-03  3.7732330561617407e-04
    18     21  9.6043523795807134e-02  1.3699500923683801e-02
    18     22  2.4840367177235054e-06  9.3607674444992957e-06
    18     23 -6.3165765083446985e-04  1.5248094238993770e-03
    18     24  2.0424931782592248e-02 -5.1331599500938400e-02
    18     25 -4.5441257756687319e-06  3.0960253027517329e-05
    18     26 -4.9991186997204061e-03 -1.4718554636119852e-03
    18     27 -1.6628208180140261e-01 -4.8957943733130900e-02
    19      1 -8.3553150349075390e-03  1.7568773820922368e-04
    19      2 -4.1180653790279715e-05 -5.3507833103192953e-06
    19      3 -3.1727209349507527e-05 -4.0185560149770862e-06
    19      4 -6.2323836141210209e-04  1.3551879145334227e-07
    19      5  6.4289322240408299e-07 -4.3841805576307625e-06
    19      6  3.0985551572695459e-06 -2.1131330743329847e-05
    19      7 -3.0034109077210769e-04  3.9795366505199518e-08
    19      8 -2.5550204408385040e-08  6.2916546287977615e-06
    19      9 -3.6942546252504766e-07  9.2228367157387703e-05
    19     10 -2.8141748007297351e-05 -1.1253345320216515e-08
    19     11 -1.9357023481399705e-07 -1.7171595498694056e-06
    19     12 -4.8270123013704797e-06 -5.4928868314231796e-05
    19     13 -1.0839507719717952e-04 -4.6466468951194255e-05
    19     14  2.2345925878506774e-06 -5.6372758424237075e-07
    19     15 -3.9492147397654921e-05  9.3758115068031949e-06
    19     16 -6.1622049722977342e-04 -1.4717804704442479e-07
    19     17  3.9226537238475773e-07  8.0043682787372874e-06
    19     18  1.1680961407054269e-06  2.2084282238273003e-05
    19     19  2.6437230187636445e+00 -8.4083900336256387e-11
    19     20 -1.8379156731408506e-07 -4.3929060092201308e-05
    19     21 -5.0106165635158354e-09 -1.2357217619902164e-06
    19     22 -1.6949172624178060e-03  7.2683743566751848e-04
    19     23  1.4395101279223542e-06  3.6275278128134185e-07
    19     24 -5.9032869653802442e-07 -1.3984678771469614e-07
    19     25 -1.8787870760376721e-03  7.6155267653760846e-08
    19     26 -2.0000679471695835e-07  1.4135658417896553e-06
    19     27 -8.6390581767950257e-08  6.1010716234035661e-07
    20      1  7.9333054449365539e-07  4.7168093570596597e-05
    20      2  1.0376604169051789e-03 -7.7315059077958529e-03
    20      3  6.4300038393380881e-04 -4.9106155791727333e-03
    20      4 -2.0073376507875884e-08  5.0347627987788447e-06
    20      5  5.4489719924310750e-04  8.2245186062970271e-05
    20      6  2.5805500285107849e-03  3.8950191993149529e-04
    20      7 -2.5550204408312761e-08  6.2916546287979817e-06
    20      8 -2.7526776334221999e-04 -2.2769105657309706e-06
    20      9 -2.2358361348175410e-03 -1.8366487579954764e-05
    20     10 -6.5097893634056148e-08  1.6973992747970840e-06
    20     11  2.6463538229746752e-05 -3.5925852280089789e-06
    20     12  9.7080699227187497e-04 -1.3247087249161849e-04
    20     13 -9.0935645501864228e-07  2.0969205630107606e-06
    20     14  2.6461348144885604e-05  1.0677616116988123e-04
    20     15 -3.8621574929151905e-04 -1.6577776464000368e-03
    20     16  7.8144216129310907e-07 -7.6889357525501821e-06
    20     17  5.4676823324587627e-04 -7.7864106203848205e-05
    20     18  2.6438965855887920e-03 -3.7732330561617407e-04
    20     19 -1.8379156731408506e-07  4.3929060092201308e-05
    20     20  6.1637024335587909e-01 -7.5170881864829023e-11
    20     21 -8.0510319029421198e-02 -4.6153682525271996e-06
    20     22  5.0255544522797639e-07  1.1853395867738304e-06
    20     23  4.2793452890152152e-04 -1.6675907054122868e-03
    20     24 -8.2976162938207222e-04  3.4328812804099600e-03
    20     25 -6.0626283994520020e-09  1.4702378418443087e-06
    20     26  1.7266479544826481e-03  2.5177604902643091e-04
    20     27  3.5686588027610852e-03  5.2038899221395812e-04
    21      1  5.7695838821011147e-07  3.4081212699296924e-05
    21      2  6.3334177727428849e-04 -4.7210220456230644e-03
    21      3  2.2399929518289841e-02 -1.7114530197425606e-01
    21      4 -8.7233932602554758e-08  2.2344997011809000e-05
    21      5  2.5090255237775576e-03  3.7855814248834461e-04
    21      6  9.3730116681119247e-02  1.4141895897872804e-02
    21      7 -3.6942546252489107e-07  9.2228367157387798e-05
    21      8 -2.2358361348175410e-03 -1.8366487579954764e-05
    21      9 -8.1981905364327201e-02 -6.6873712080334994e-04
    21     10 -3.3983854124233449e-06  5.2249187459529217e-05
    21     11  1.0245563460062708e-03 -1.3979883689259977e-04
    21     12  3.7626845679080846e-02 -5.1676731172660409e-03
    21     13 -1.3900227699154766e-05  3.2057721752542994e-05
    21     14  4.6967512848145011e-04  1.8947567999227323e-03
    21     15 -1.4575621074994558e-02 -6.2547529144734992e-02
    21     16  2.0231816563942709e-06 -2.1616366040356423e-05
    21     17  2.5707392685284463e-03 -3.6700803446169651e-04
    21     18  9.6043523795807134e-02 -1.3699500923683801e-02
    21     19 -5.0106165635158354e-09  1.2357217619902164e-06
    21     20 -8.0510319029421198e-02  4.6153682525271996e-06
    21     21  9.4863799172004670e-01 -2.5037687972289606e-13
    21     22  1.6568734838289863e-07  3.9097208362882169e-07
    21     23  1.0043210574446177e-03 -3.9146070399320634e-03
    21     24 -2.9881399162846666e-02  1.2365610328435231e-01
    21     25 -1.7165783091460690e-09  5.8777554857976328e-07
    21     26  3.7575872108011571e-03  5.4770367932121839e-04
    21     27  1.2795455763676383e-01  1.8651057675658549e-02
    22      1 -5.5923937653753098e-04 -2.2613106893308848e-04
    22      2  5.8412024311736309e-06  4.4319432985409898e-06
    22      3  1.5166540519821347e-05  1.2747269512817969e-05
    22      4 -7.3805726596368870e-03 -3.1631372285112103e-03
    22      5  2.1497216978396501e-05 -3.5007548509389139e-05
    22      6  1.4584121787618757e-05 -2.3748841995210412e-05
    22      7 -1.0839507719717645e-04 -4.6466468951192716e-05
    22      8 -9.0935645501870253e-07  2.0969205630108661e-06
    22      9 -1.3900227699154784e-05  3.2057721752542953e-05
    22     10 -2.6790911468234829e-04 -1.1485928035066276e-04
    22     11  1.6072878718664795e-06 -5.9372795349050924e-06
    22     12  2.0785457716067405e-05 -7.6778778766619729e-05
    22     13 -9.7643669397930478e-06 -1.0442179976520159e-05
    22     14  4.1467926685363879e-07  2.9976258792942796e-07
    22     15 -1.0999382506529588e-05 -3.9090235743118186e-06
    22     16 -5.5606552589103039e-05 -2.3851542359371324e-05
    22     17  1.4853037018282067e-07 -5.5974404120986046e-07
    22     18  2.4840367177235054e-06 -9.3607674444992957e-06
    22     19 -1.6949172624178060e-03 -7.2683743566751848e-04
    22     20  5.0255544522797639e-07 -1.1853395867738304e-06
    22     21  1.6568734838289863e-07 -3.9097208362882169e-07
    22     22  3.4982578284101602e+00 -8.3461928726238602e-11
    22     23  3.2956171156551891e-05  2.5164200528630368e-05
    22     24 -6.7367043257787680e-07 -4.9890176688453920e-07
    22     25 -7.0707247102249252e-05 -3.0318282191247078e-05
    22     26 -1.7030251099059860e-08  2.8037842570366541e-08
    22     27 -9.3142893834941656e-08  1.5311752057450853e-07
    23      1 -7.3458554084918274e-06  1.2107854693326180e-06
    23      2 -5.3424136981324803e-04  6.3142289932472141e-05
    23      3 -2.9285384766751109e-03  3.5682317637189114e-04
    23      4  4.4119493949531880e-05 -1.1133531815604719e-05
    23      5 -7.5440512917000302e-04 -7.4149848855153593e-03
    23      6 -5.4350484731286841e-04 -5.3420889086228445e-03
    23      7  2.2345925878505961e-06 -5.6372758424231051e-07
    23      8  2.6461348144881748e-05  1.0677616116988123e-04
    23      9  4.6967512848144973e-04  1.8947567999227318e-03
    23     10  5.9136972982805839e-06 -1.4917191439793653e-06
    23     11 -1.0199979021904990e-04 -2.4975665217303537e-04
    23     12 -9.1767513513649310e-04 -2.2469957861225441e-03
    23     13  4.1467926685362963e-07  2.9976258792944978e-07
    23     14  2.0409467491461413e-05 -1.0934641382045912e-05
    23     15 -5.7479059970650043e-04  2.9860163260575550e-04
    23     16  5.8347028287093038e-07 -1.4705422356622509e-07
    23     17 -2.3070829913936219e-05 -5.5692568645748471e-05
    23     18 -6.3165765083446985e-04 -1.5248094238993770e-03
    23     19  1.4395101279223542e-06 -3.6275278128134185e-07
    23     20  4.2793452890152152e-04  1.6675907054122868e-03
    23     21  1.0043210574446177e-03  3.9146070399320634e-03
    23     22  3.2956171156551891e-05 -2.5164200528630368e-05
    23     23  2.3062643590329381e+00 -7.3754237285407323e-11
    23     24  8.9259077469870635e-02 -1.2530031600431757e-03
    23     25  4.3014177604915320e-08 -1.0837126285798593e-08
    23     26 -8.3073973171741735e-06 -7.7781807055088414e-05
    23     27 -1.9605170152857626e-04 -1.8356867240875302e-03
    24      1  2.1304095716450785e-05 -3.1428226781456872e-06
    24      2  2.4700067545370343e-03 -2.5773869093163648e-04
    24      3  9.3631365330475017e-02 -1.0062230364869293e-02
    24      4 -3.1721258213496568e-05  7.5335682906975436e-06
    24      5  3.9632007608733085e-04  4.5253637825205971e-03
    24      6  1.4428938103256990e-02  1.6475665854080132e-01
    24      7 -3.9492147397654961e-05  9.3758115068033151e-06
    24      8 -3.8621574929151900e-04 -1.6577776464000368e-03
    24      9 -1.4575621074994551e-02 -6.2547529144734992e-02
    24     10 -8.4625198800407042e-05  2.0088505392508938e-05
    24     11  8.1558581641311535e-04  2.0799874620224543e-03
    24     12  2.8583271215792044e-02  7.2895110214469219e-02
    24     13 -1.0999382506529598e-05 -3.9090235743118110e-06
    24     14 -5.7479059970650065e-04  2.9860163260575544e-04
    24     15  2.0164170981797253e-02 -1.0134594833228506e-02
    24     16 -1.1268861653319185e-05  2.6731933180422040e-06
    24     17  5.1544730497286113e-04  1.2954146499733834e-03
    24     18  2.0424931782592248e-02  5.1331599500938400e-02
    24     19 -5.9032869653802442e-07  1.3984678771469614e-07
    24     20 -8.2976162938207222e-04 -3.4328812804099600e-03
    24     21 -2.9881399162846666e-02 -1.2365610328435231e-01
    24     22 -6.7367043257787680e-07  4.9890176688453920e-07
    24     23  8.9259077469870635e-02  1.2530031600431757e-03
    24     24  2.5208709165766092e+00 -6.1904185481391017e-13
    24     25 -2.3360681204136497e-07  5.5872418145683923e-08
    24     26  1.5622605225780261e-04  1.6866162777277923e-03
    24     27  5.6919679695062089e-03  6.1452716295461340e-02
    25      1 -6.2123516329477054e-04  1.3037580593718628e-05
    25      2 -4.3196249738259841e-06 -5.6138014293001931e-07
    25      3 -2.0523011269740563e-05 -2.5996077820301702e-06
    25      4 -2.0465507727733302e-05 -4.1388908018450774e-09
    25      5 -3.4534244825644910e-08  2.5816647760998847e-07
    25      6 -1.4833999846043451e-06  6.1450929974892273e-06
    25      7 -2.8141748007298893e-05 -1.1253345323107720e-08
    25      8 -6.5097893634315155e-08  1.6973992747970884e-06
    25      9 -3.3983854124234415e-06  5.2249187459529162e-05
    25     10 -4.5926190263382354e-05  2.3729782247979463e-09
    25     11 -1.3904483350717979e-07 -9.8163941316852100e-07
    25     12 -3.1587190100245628e-06 -2.2298816608675326e-05
    25     13 -2.6790911468235447e-04 -1.1485928035064522e-04
    25     14  5.9136972982804695e-06 -1.4917191439795340e-06
    25     15 -8.4625198800407096e-05  2.0088505392508664e-05
    25     16 -8.3094651878574295e-03 -1.0433292170841040e-06
    25     17 -6.1216346820326626e-06 -4.1716309780273460e-05
    25     18 -4.5441257756687319e-06 -3.0960253027517329e-05
    25     19 -1.8787870760376721e-03 -7.6155267653760846e-08
    25     20 -6.0626283994520020e-09 -1.4702378418443087e-06
    25     21 -1.7165783091460690e-09 -5.8777554857976328e-07
    25     22 -7.0707247102249252e-05  3.0318282191247078e-05
    25     23  4.3014177604915320e-08  1.0837126285798593e-08
    25     24 -2.3360681204136497e-07 -5.5872418145683923e-08
    25     25  3.2399440515695512e+00 -8.3843253327763198e-11
    25     26 -6.3520729483457888e-06  4.4861519304012975e-05
    25     27 -1.6483790811002394e-07  1.1603143743305415e-06
    26      1 -8.1644182562987173e-07 -5.0074701593602886e-06
    26      2  6.2695572353174070e-06  5.5077613055747965e-04
    26      3  3.9986349783666278e-05  2.7390876165495357e-03
    26      4  4.6252277919953652e-08  2.6059530860751942e-07
    26      5 -2.3924484804270042e-05 -9.3836752474896350e-08
    26      6 -8.8078537154342627e-04 -3.7571117179279433e-06
    26      7 -1.9357023481390671e-07 -1.7171595498694901e-06
    26      8  2.6463538229747525e-05 -3.5925852280070515e-06
    26      9  1.0245563460062708e-03 -1.3979883689259985e-04
    26     10 -1.3904483350723098e-07 -9.8163941316852566e-07
    26     11 -4.9029250956163844e-05  1.4168855586564147e-05
    26     12 -1.4504891003258229e-03  4.1917951637292786e-04
    26     13  1.6072878718666964e-06 -5.9372795349054176e-06
    26     14 -1.0199979021905299e-04 -2.4975665217305694e-04
    26     15  8.1558581641311535e-04  2.0799874620224530e-03
    26     16 -6.6548983447525468e-06 -4.7053562286227011e-05
    26     17 -7.4949963603929562e-03  2.2066964970671979e-03
    26     18 -4.9991186997204061e-03  1.4718554636119852e-03
    26     19 -2.0000679471695835e-07 -1.4135658417896553e-06
    26     20  1.7266479544826481e-03 -2.5177604902643091e-04
    26     21  3.7575872108011571e-03 -5.4770367932121839e-04
    26     22 -1.7030251099059860e-08 -2.8037842570366541e-08
    26     23 -8.3073973171741735e-06  7.7781807055088414e-05
    26     24  1.5622605225780261e-04 -1.6866162777277923e-03
    26     25 -6.3520729483457888e-06 -4.4861519304012975e-05
    26     26  1.9275508268708215e+00 -7.4440453801116746e-11
    26     27 -8.3699008810688369e-02 -3.2065887468557174e-07
    27      1 -3.6059035606386004e-06 -2.2107306899367983e-05
    27      2  2.8516791753620094e-05  2.5043379181869984e-03
    27      3  1.3819713667491040e-03  9.4642374384456440e-02
    27      4  4.8818868553818480e-07  5.5772897956999807e-06
    27      5 -8.1031168423515375e-04 -3.4064681118114808e-06
    27      6 -3.3091565610720880e-02 -1.5683054103850409e-04
    27      7 -4.8270123013705398e-06 -5.4928868314231816e-05
    27      8  9.7080699227187497e-04 -1.3247087249161827e-04
    27      9  3.7626845679080846e-02 -5.1676731172660409e-03
    27     10 -3.1587190100246275e-06 -2.2298816608675356e-05
    27     11 -1.4504891003258226e-03  4.1917951637292765e-04
    27     12 -5.3188238646935261e-02  1.5371159950559005e-02
    27     13  2.0785457716067381e-05 -7.6778778766619770e-05
    27     14 -9.1767513513649288e-04 -2.2469957861225441e-03
    27     15  2.8583271215792051e-02  7.2895110214469233e-02
    27     16 -4.7190960322015628e-06 -3.3360074391540555e-05
    27     17 -4.6045958883021371e-03  1.3557165538451948e-03
    27     18 -1.6628208180140261e-01  4.8957943733130900e-02
    27     19 -8.6390581767950257e-08 -6.1010716234035661e-07
    27     20  3.5686588027610852e-03 -5.2038899221395812e-04
    27     21  1.2795455763676383e-01 -1.8651057675658549e-02
    27     22 -9.3142893834941656e-08 -1.5311752057450853e-07
    27     23 -1.9605170152857626e-04  1.8356867240875302e-03
    27     24  5.6919679695062089e-03 -6.1452716295461340e-02
    27     25 -1.6483790811002394e-07 -1.1603143743305415e-06
    27     26 -8.3699008810688369e-02  3.2065887468557174e-07
    27     27  2.1860040028727470e+00 -9.3644844964855005e-13
