# shape 27 27
# i j real imag
     1      1  3.7079426136286564e+00  8.2942918805890820e-22
     1      2  6.9718318786894142e-11  1.1961882461866467e-11
     1      3  3.7862670584500110e-10 -2.0417948666048883e-09
     1      4  2.7102893334817575e-04  5.6402671628471745e-06
     1      5 -8.2190581561292396e-11 -8.7093436045838640e-11
     1      6  2.1728421769427590e-09  3.5870797655763747e-10
     1      7  2.6944110051866819e-04  5.6298955625418638e-06
     1      8 -6.6786193065559407e-09  2.6834427943946292e-07
     1      9 -1.9262875022336282e-07  7.6014610574284399e-06
     1     10  2.6712119325575839e-04  5.5922077229697276e-06
     1     11 -3.4300791721687364e-08 -2.8457196806679771e-07
     1     12 -9.5150062654033551e-07 -7.9300309361200617e-06
     1     13  2.4122543136389135e-04  1.0946713906099700e-04
     1     14  2.8042492615291919e-07 -6.4642258797869541e-08
     1     15 -7.8077026500917971e-06  1.6786218924316515e-06
     1     16  2.7102722333941117e-04  5.7217294637232692e-06
     1     17 -8.6881337755369358e-11  8.9092879819083265e-11
     1     18  2.1091637236320320e-09 -8.8122599996801102e-11
     1     19  2.6944034775979987e-04  5.6655532024629550e-06
     1     20  4.5784358303914657e-09 -2.6839202046864232e-07
     1     21  1.2631437861083447e-07 -7.6029242912267827e-06
     1     22  2.4560057896772940e-04 -9.9262828585245608e-05
     1     23  2.7746531810297614e-07  7.6364452074024452e-08
     1     24 -7.7303437449391281e-06 -2.0049988498724573e-06
     1     25  2.6712089448009907e-04  5.6059899714425081e-06
     1     26 -4.6210317988980270e-08  2.8288508440483423e-07
     1     27 -1.2833986530944346e-06  7.8831436560575313e-06
     2      1  6.9718318786894142e-11 -1.1961882461866467e-11
     2      2  1.7533043423750490e+00  6.0718721012936977e-22
     2      3  1.6183306121230090e-03 -5.2023996504773180e-06
     2      4  7.1760112492736207e-11 -1.1018055322008308e-11
     2      5 -7.9484049354446773e-07  4.8486841707366176e-05
     2      6 -2.6811070154380102e-05  1.6354711641806702e-03
     2      7 -2.6086896920089126e-08  3.3361427117401546e-09
     2      8 -6.2637704460984293e-06 -4.9791517188163130e-05
     2      9 -2.0761000395795769e-04 -1.6495475067438393e-03
     2     10 -2.6334668307167092e-08  3.3587837572395089e-09
     2     11  1.4013254381343749e-05  5.0645228620914721e-05
     2     12  4.4744407250295884e-04  1.6170837186258824e-03
     2     13 -2.0227517031058196e-08 -5.7357653944093788e-09
     2     14 -5.1954461318396031e-05  2.0531157395970501e-05
     2     15  1.5691575213997531e-03 -5.9476724530152796e-04
     2     16  6.2828933023694255e-11 -9.6152644547652111e-12
     2     17  1.3165850011437142e-05  4.6671898071513336e-05
     2     18  4.4408803805902369e-04  1.5742524571223046e-03
     2     19  2.6210404461597332e-08 -3.4623329656516887e-09
     2     20 -6.6754575488086111e-06 -4.9737996646421867e-05
     2     21 -2.2105833646570160e-04 -1.6477993028785700e-03
     2     22  1.8217464044403637e-08 -1.0796104974069782e-08
     2     23  5.5477013663721682e-05  6.5646382066776083e-06
     2     24 -1.6690724498721980e-03 -1.7378431411736644e-04
     2     25  2.6460730892141880e-08 -3.5050804394673833e-09
     2     26 -5.9814798714106640e-07  5.2544765876638561e-05
     2     27 -1.9104136762861492e-05  1.6777370067702563e-03
     3      1  3.7862670584500110e-10  2.0417948666048883e-09
     3      2  1.6183306121230090e-03  5.2023996504773180e-06
     3      3  4.6023749406161603e+00  5.1102756935431490e-19
     3      4  1.5273657193499357e-10  2.7816820376948435e-09
     3      5 -3.2413194798322888e-05  1.6530263191070150e-03
     3      6 -1.3398248935546366e-03  6.8326553383409164e-02
     3      7 -9.6777741167990081e-08  1.2123440870457301e-08
     3      8 -2.1071589750672906e-04 -1.7196329019640243e-03
     3      9 -8.4696814852437928e-03 -6.9086961161831953e-02
     3     10 -1.0210094051486742e-07  1.2733832769699863e-08
     3     11  4.8704282071920286e-04  1.7824910427929833e-03
     3     12  1.8561510253436751e-02  6.7931065605524824e-02
     3     13 -5.8011106777034531e-09 -6.9761009665153583e-10
     3     14 -1.8783659392091724e-03  7.3531261132166886e-04
     3     15  6.6164541310892291e-02 -2.4835774120090560e-02
     3     16  4.7254158341042794e-10  2.7411108187086989e-09
     3     17  4.4376194765534285e-04  1.5926776071297465e-03
     3     18  1.8342602424616664e-02  6.5832073971992242e-02
     3     19  9.6668816466176346e-08 -1.2393381614797938e-08
     3     20 -2.2493578340954400e-04 -1.7178307247341172e-03
     3     21 -9.0329329320932468e-03 -6.9015576700493270e-02
     3     22  5.3788277037310530e-09 -2.0848593132137929e-09
     3     23  2.0024141360599590e-03  2.4347661515870095e-04
     3     24 -7.0268333501715227e-02 -7.5447667641392923e-03
     3     25  1.0197573885173605e-07 -1.3130245949495870e-08
     3     26 -2.6973724819096874e-05  1.8476356358061348e-03
     3     27 -1.0281850668218556e-03  7.0413792464865094e-02
     4      1  2.7102893334817575e-04 -5.6402671628471745e-06
     4      2  7.1760112492736207e-11  1.1018055322008308e-11
     4      3  1.5273657193499357e-10 -2.7816820376948435e-09
     4      4  3.7620699689637056e+00 -7.0155452753835967e-21
     4      5 -8.4280227302072931e-11 -8.2783942715713487e-11
     4      6  2.9458539456133489e-09  2.1792523189243801e-10
     4      7  2.6907325900184080e-04  2.2637824317679933e-08
     4      8 -1.0930249281965677e-09  2.6790854549904903e-07
     4      9 -3.5143946598793315e-08  7.5788865079021052e-06
     4     10  2.6692466517062006e-04  3.3234674095983393e-08
     4     11 -4.0136551083997481e-08 -2.8327007162632640e-07
     4     12 -1.1119358953374920e-06 -7.8839232561223739e-06
     4     13  2.4345621533936827e-04  1.0442683775034973e-04
     4     14  2.7829886558300972e-07 -7.0280730042506991e-08
     4     15 -7.7454612320865115e-06  1.8337469172920436e-06
     4     16  2.7044136685182746e-04  8.1288996493639241e-08
     4     17 -8.3299110787179595e-11  9.4333393336960165e-11
     4     18  2.8393766092012402e-09 -4.9273638448827022e-10
     4     19  2.6884333590732675e-04  5.8198465428376195e-08
     4     20 -1.0095651356533467e-09 -2.6801463069344553e-07
     4     21 -3.2692696159893969e-08 -7.5768588688723810e-06
     4     22  2.4291125921733052e-04 -1.0410661795249187e-04
     4     23  2.7853642986671378e-07  7.0440270770830370e-08
     4     24 -7.7437089238865186e-06 -1.8362977895193267e-06
     4     25  2.6653616761802753e-04  4.6944227496813004e-08
     4     26 -4.0230144352442836e-08  2.8326053307817117e-07
     4     27 -1.1139600483398677e-06  7.8789248063454917e-06
     5      1 -8.2190581561292396e-11  8.7093436045838640e-11
     5      2 -7.9484049354446773e-07 -4.8486841707366176e-05
     5      3 -3.2413194798322888e-05 -1.6530263191070150e-03
     5      4 -8.4280227302072931e-11  8.2783942715713487e-11
     5      5  2.0007633873989721e+00  5.8471597702413330e-22
     5      6  1.6796877276756828e-03  1.2550103326120482e-09
     5      7  3.6944686618465792e-09  2.6243015687794290e-08
     5      8 -5.0929440022908565e-05  7.2567616954983529e-06
     5      9 -1.6984255927278745e-03  2.4210300818156713e-04
     5     10  3.6995168351747611e-09  2.6368465712309003e-08
     5     11  5.1898947575676870e-05 -1.5280227784562082e-05
     5     12  1.6681159929282524e-03 -4.9113710274639928e-04
     5     13 -5.5177802773721092e-09  2.0322540846553889e-08
     5     14  2.2116260173005847e-05  5.3388400552753154e-05
     5     15 -6.4570601605300779e-04 -1.6227813465380036e-03
     5     16 -8.3299110788179553e-11  9.4333393357824232e-11
     5     17  4.7064851544889170e-05 -1.4113491367356856e-05
     5     18  1.5945084504329053e-03 -4.7815147722129174e-04
     5     19 -4.0322624916115220e-09 -2.6419645492707287e-08
     5     20 -5.0185869110453834e-05  7.5749221886379841e-06
     5     21 -1.6689414738557272e-03  2.5180687723024643e-04
     5     22 -1.1323969181688125e-08 -1.8213116947141736e-08
     5     23  5.6973468449880781e-06 -5.5998847829029301e-05
     5     24 -1.4789918598388780e-04  1.6887728815459732e-03
     5     25 -4.0888444934581639e-09 -2.6722008993795886e-08
     5     26  5.3050968160174056e-05 -2.6569899126255962e-07
     5     27  1.6993563991412114e-03 -8.5053001418581876e-06
     6      1  2.1728421769427590e-09 -3.5870797655763747e-10
     6      2 -2.6811070154380102e-05 -1.6354711641806702e-03
     6      3 -1.3398248935546366e-03 -6.8326553383409164e-02
     6      4  2.9458539456133489e-09 -2.1792523189243801e-10
     6      5  1.6796877276756828e-03 -1.2550103326120482e-09
     6      6  4.8716750388432457e+00 -1.4735897613581199e-19
     6      7  1.4143389769175817e-08  9.6974685241076312e-08
     6      8 -1.7511770190844103e-03  2.4951967384790192e-04
     6      9 -7.0460234211044151e-02  1.0043846854737117e-02
     6     10  1.4053561464761986e-08  9.6652671500948582e-08
     6     11  1.8181114099237923e-03 -5.3529533255846718e-04
     6     12  6.9391361836663071e-02 -2.0430694831221809e-02
     6     13 -1.5688567260726786e-09  9.9399163318959916e-09
     6     14  7.9538307293330716e-04  1.9200416032345664e-03
     6     15 -2.6956143601738036e-02 -6.7745731878396817e-02
     6     16  2.8393766093371419e-09 -4.9273638385723067e-10
     6     17  1.5945084504329092e-03 -4.7815147722129049e-04
     6     18  6.5964623530512759e-02 -1.9781120730979512e-02
     6     19 -1.5360944094362054e-08 -1.0366786309601051e-07
     6     20 -1.7204177774488728e-03  2.5967716340009243e-04
     6     21 -6.9171220912941089e-02  1.0436477334073182e-02
     6     22 -2.8600485377738002e-10 -2.5097288034494497e-09
     6     23  2.0398338269297391e-04 -2.0049509656158873e-03
     6     24 -6.1634038003936520e-03  7.0376756528929857e-02
     6     25 -1.6542682528495222e-08 -1.1163557922452420e-07
     6     26  1.8511414586078320e-03 -9.2716920539592101e-06
     6     27  7.0594509934878813e-02 -3.5337253418605820e-04
     7      1  2.6944110051866819e-04 -5.6298955625418638e-06
     7      2 -2.6086896920089126e-08 -3.3361427117401546e-09
     7      3 -9.6777741167990081e-08 -1.2123440870457301e-08
     7      4  2.6907325900184080e-04 -2.2637824317679933e-08
     7      5  3.6944686618465792e-09 -2.6243015687794290e-08
     7      6  1.4143389769175817e-08 -9.6974685241076312e-08
     7      7  3.5629614631394224e+00 -1.1432014559368600e-21
     7      8 -1.1073683685821509e-09  2.9342156039346029e-07
     7      9 -3.1320699749406014e-08  7.6017532814104214e-06
     7     10  2.6605096357086772e-04  1.0727239397081026e-08
     7     11 -4.3877816856432755e-08 -3.0896859436453728e-07
     7     12 -1.1195147817834830e-06 -7.9076679811448785e-06
     7     13  2.4318342372602414e-04  1.0428556696841783e-04
     7     14  3.0460660802343423e-07 -7.7039802241399642e-08
     7     15 -7.7776714125871592e-06  1.8458767788904597e-06
     7     16  2.6884333590732610e-04  5.8198465428388622e-08
     7     17 -4.0322624916145983e-09 -2.6419645492730054e-08
     7     18 -1.5360944094655690e-08 -1.0366786309665247e-07
     7     19  2.6732474997769436e-04  3.5382306362577314e-08
     7     20 -8.4515987128642658e-10 -2.3922261789421185e-07
     7     21 -2.9355495055264684e-08 -7.3789080648440110e-06
     7     22  2.4193206391184875e-04 -1.0371105644612736e-04
     7     23  2.4710381159889321e-07  6.2573224048570251e-08
     7     24 -7.5086594122280843e-06 -1.7830504196166052e-06
     7     25  2.6519836636518457e-04  2.4395058716743348e-08
     7     26 -3.6059606639927582e-08  2.5344457014139058e-07
     7     27 -1.0857982402419899e-06  7.6619118098819487e-06
     8      1 -6.6786193065559407e-09 -2.6834427943946292e-07
     8      2 -6.2637704460984293e-06  4.9791517188163130e-05
     8      3 -2.1071589750672906e-04  1.7196329019640243e-03
     8      4 -1.0930249281965677e-09 -2.6790854549904903e-07
     8      5 -5.0929440022908565e-05 -7.2567616954983529e-06
     8      6 -1.7511770190844103e-03 -2.4951967384790192e-04
     8      7 -1.1073683685821509e-09 -2.9342156039346029e-07
     8      8  1.5334038180358360e+00  3.0846688411772016e-22
     8      9  1.8174181306390396e-03 -1.0612706921361654e-07
     8     10 -1.0757901883784682e-09 -2.9175919641975783e-07
     8     11 -5.6313449564053696e-05  8.2115780429810819e-06
     8     12 -1.8330342774457399e-03  2.6729831894109344e-04
     8     13  1.1193844742003776e-07 -2.6384037320917102e-07
     8     14 -1.5217161821159937e-05 -5.9298632641419964e-05
     8     15  4.3960076038323821e-04  1.8187023165293821e-03
     8     16 -1.0095651356490555e-09 -2.6801463069346020e-07
     8     17 -5.0185869110453820e-05  7.5749221886379790e-06
     8     18 -1.7204177774488739e-03  2.5967716340009395e-04
     8     19 -8.4515987128663534e-10 -2.3922261789422810e-07
     8     20  5.2387106719990441e-05 -4.3338181252876105e-07
     8     21  1.7614845865652866e-03 -1.4471189632127791e-05
     8     22 -9.7011224374013724e-08 -2.2393868359204346e-07
     8     23 -1.3949438622439057e-05  5.6288644335834458e-05
     8     24  3.9973323024244294e-04 -1.7158042475651364e-03
     8     25 -8.3341636127507722e-10 -2.3747286801067483e-07
     8     26 -5.4208653129292037e-05 -7.4472057295779174e-06
     8     27 -1.7540088248275188e-03 -2.4097148307535953e-04
     9      1 -1.9262875022336282e-07 -7.6014610574284399e-06
     9      2 -2.0761000395795769e-04  1.6495475067438393e-03
     9      3 -8.4696814852437928e-03  6.9086961161831953e-02
     9      4 -3.5143946598793315e-08 -7.5788865079021052e-06
     9      5 -1.6984255927278745e-03 -2.4210300818156713e-04
     9      6 -7.0460234211044151e-02 -1.0043846854737117e-02
     9      7 -3.1320699749406014e-08 -7.6017532814104214e-06
     9      8  1.8174181306390396e-03  1.0612706921361654e-07
     9      9  4.3868461637597616e+00  3.8053256793657019e-19
     9     10 -3.0545845620518690e-08 -7.4751433240248416e-06
     9     11 -1.9379471903229854e-03  2.8247545818863370e-04
     9     12 -7.4138314492463844e-02  1.0806633613032928e-02
     9     13  2.8511384403676506e-06 -6.7280514818527755e-06
     9     14 -5.3678945607987360e-04 -2.0922815726999626e-03
     9     15  1.7837146533507518e-02  7.3814215468007621e-02
     9     16 -3.2692696159908276e-08 -7.5768588688730111e-06
     9     17 -1.6689414738557265e-03  2.5180687723024464e-04
     9     18 -6.9171220912940951e-02  1.0436477334073178e-02
     9     19 -2.9355495055248686e-08 -7.3789080648446725e-06
     9     20  1.7614845865652868e-03 -1.4471189632126466e-05
     9     21  7.0944470599755102e-02 -5.7870396101056742e-04
     9     22 -2.8998865974321833e-06 -6.6849543552065956e-06
     9     23 -4.8881929218010209e-04  1.9719909053719838e-03
     9     24  1.6185452377225261e-02 -6.9455707456697727e-02
     9     25 -2.9161748038315200e-08 -7.2491044224826418e-06
     9     26 -1.8534500754377103e-03 -2.5473741204802862e-04
     9     27 -7.0795052390579385e-02 -9.7302547103717690e-03
    10      1  2.6712119325575839e-04 -5.5922077229697276e-06
    10      2 -2.6334668307167092e-08 -3.3587837572395089e-09
    10      3 -1.0210094051486742e-07 -1.2733832769699863e-08
    10      4  2.6692466517062006e-04 -3.3234674095983393e-08
    10      5  3.6995168351747611e-09 -2.6368465712309003e-08
    10      6  1.4053561464761986e-08 -9.6652671500948582e-08
    10      7  2.6605096357086772e-04 -1.0727239397081026e-08
    10      8 -1.0757901883784682e-09  2.9175919641975783e-07
    10      9 -3.0545845620518690e-08  7.4751433240248416e-06
    10     10  4.1590718727113432e+00  9.9625474205282551e-21
    10     11 -4.3604282043907841e-08 -3.0690741059530536e-07
    10     12 -1.1005231580964159e-06 -7.7722258415755902e-06
    10     13  2.4298377759954633e-04  1.0418835919365698e-04
    10     14  3.0176526455348373e-07 -7.6341608805358983e-08
    10     15 -7.6387331819500773e-06  1.8130080143588689e-06
    10     16  2.6653616761802699e-04  4.6944227496769335e-08
    10     17 -4.0888444934546698e-09 -2.6722008993814392e-08
    10     18 -1.6542682528517810e-08 -1.1163557922503945e-07
    10     19  2.6519836636518446e-04  2.4395058716687633e-08
    10     20 -8.3341636128454896e-10 -2.3747286801066131e-07
    10     21 -2.9161748038480276e-08 -7.2491044224821362e-06
    10     22  2.4084619691306218e-04 -1.0325705610662102e-04
    10     23  2.4513256952444963e-07  6.2083803401032396e-08
    10     24 -7.3767036489774080e-06 -1.7514597669490723e-06
    10     25  2.6344187064922443e-04  1.3605524658454900e-08
    10     26 -3.5777992689972454e-08  2.5142702488603021e-07
    10     27 -1.0661567243701297e-06  7.5256122330209956e-06
    11      1 -3.4300791721687364e-08  2.8457196806679771e-07
    11      2  1.4013254381343749e-05 -5.0645228620914721e-05
    11      3  4.8704282071920286e-04 -1.7824910427929833e-03
    11      4 -4.0136551083997481e-08  2.8327007162632640e-07
    11      5  5.1898947575676870e-05  1.5280227784562082e-05
    11      6  1.8181114099237923e-03  5.3529533255846718e-04
    11      7 -4.3877816856432755e-08  3.0896859436453728e-07
    11      8 -5.6313449564053696e-05 -8.2115780429810819e-06
    11      9 -1.9379471903229854e-03 -2.8247545818863370e-04
    11     10 -4.3604282043907841e-08  3.0690741059530536e-07
    11     11  2.8448496755137507e+00 -3.0156783902806643e-22
    11     12  2.0074835338895454e-03 -5.8095117697979735e-09
    11     13 -1.5802240069814476e-07  2.6003034426741223e-07
    11     14  6.9865971420258906e-06  6.5415625553278024e-05
    11     15 -1.8814716971914995e-04 -2.0312474935974502e-03
    11     16 -4.0230144352416247e-08  2.8326053307821781e-07
    11     17  5.3050968160174069e-05 -2.6569899126256036e-07
    11     18  1.8511414586078320e-03 -9.2716920539599318e-06
    11     19 -3.6059606639896122e-08  2.5344457014143976e-07
    11     20 -5.4208653129292017e-05 -7.4472057295779174e-06
    11     21 -1.8534500754377127e-03 -2.5473741204802780e-04
    11     22  6.7913808587996018e-08  2.5129925087502544e-07
    11     23  2.2863441447865124e-05 -5.5983374813241936e-05
    11     24 -6.7961647010294991e-04  1.7332213231753615e-03
    11     25 -3.5777992689951741e-08  2.5142702488607367e-07
    11     26  5.4862653250507016e-05  1.5854678781397119e-05
    11     27  1.8025851684111457e-03  5.2093328487151159e-04
    12      1 -9.5150062654033551e-07  7.9300309361200617e-06
    12      2  4.4744407250295884e-04 -1.6170837186258824e-03
    12      3  1.8561510253436751e-02 -6.7931065605524824e-02
    12      4 -1.1119358953374920e-06  7.8839232561223739e-06
    12      5  1.6681159929282524e-03  4.9113710274639928e-04
    12      6  6.9391361836663071e-02  2.0430694831221809e-02
    12      7 -1.1195147817834830e-06  7.9076679811448785e-06
    12      8 -1.8330342774457399e-03 -2.6729831894109344e-04
    12      9 -7.4138314492463844e-02 -1.0806633613032928e-02
    12     10 -1.1005231580964159e-06  7.7722258415755902e-06
    12     11  2.0074835338895454e-03  5.8095117697979735e-09
    12     12  5.6302451502507660e+00  4.5808131139988683e-19
    12     13 -3.9858965020545223e-06  6.5660039127698201e-06
    12     14  2.3655930866057674e-04  2.2149763549370355e-03
    12     15 -7.2388714871113044e-03 -7.8153695233340301e-02
    12     16 -1.1139600483398747e-06  7.8789248063460304e-06
    12     17  1.6993563991412105e-03 -8.5053001418564055e-06
    12     18  7.0594509934878882e-02 -3.5337253418605776e-04
    12     19 -1.0857982402419368e-06  7.6619118098825417e-06
    12     20 -1.7540088248275177e-03 -2.4097148307536029e-04
    12     21 -7.0795052390579399e-02 -9.7302547103717690e-03
    12     22  1.9985937450271354e-06  7.3773558958438147e-06
    12     23  7.6818206814910665e-04 -1.8809525269993725e-03
    12     24 -2.6079385889799103e-02  6.6509523476564164e-02
    12     25 -1.0661567243702658e-06  7.5256122330213675e-06
    12     26  1.8025851684111466e-03  5.2093328487151311e-04
    12     27  6.8987613684029087e-02  1.9937108251649658e-02
    13      1  2.4122543136389135e-04 -1.0946713906099700e-04
    13      2 -2.0227517031058196e-08  5.7357653944093788e-09
    13      3 -5.8011106777034531e-09  6.9761009665153583e-10
    13      4  2.4345621533936827e-04 -1.0442683775034973e-04
    13      5 -5.5177802773721092e-09 -2.0322540846553889e-08
    13      6 -1.5688567260726786e-09 -9.9399163318959916e-09
    13      7  2.4318342372602414e-04 -1.0428556696841783e-04
    13      8  1.1193844742003776e-07  2.6384037320917102e-07
    13      9  2.8511384403676506e-06  6.7280514818527755e-06
    13     10  2.4298377759954633e-04 -1.0418835919365698e-04
    13     11 -1.5802240069814476e-07 -2.6003034426741223e-07
    13     12 -3.9858965020545223e-06 -6.5660039127698201e-06
    13     13  4.4172190501320960e+00 -3.5528216813831106e-21
    13     14  2.4134022592610002e-07 -1.8452830885073848e-07
    13     15 -6.1702306335872745e-06  4.5745681611897483e-06
    13     16  2.4291125921733052e-04 -1.0410661795249188e-04
    13     17 -1.1323969181696460e-08 -1.8213116947163709e-08
    13     18 -2.8600485423338960e-10 -2.5097288041199234e-09
    13     19  2.4193206391184886e-04 -1.0371105644612736e-04
    13     20 -9.7011224374008271e-08 -2.2393868359202737e-07
    13     21 -2.8998865974319152e-06 -6.6849543552058706e-06
    13     22  1.8034262656335733e-04 -1.8947843978256074e-04
    13     23  2.5573354907895044e-07 -4.0556500789178152e-08
    13     24 -7.5228521025079967e-06  1.3084906362933912e-06
    13     25  2.4084619691306229e-04 -1.0325705610662108e-04
    13     26  6.7913808587954619e-08  2.5129925087499024e-07
    13     27  1.9985937450269309e-06  7.3773558958431506e-06
    14      1  2.8042492615291919e-07  6.4642258797869541e-08
    14      2 -5.1954461318396031e-05 -2.0531157395970501e-05
    14      3 -1.8783659392091724e-03 -7.3531261132166886e-04
    14      4  2.7829886558300972e-07  7.0280730042506991e-08
    14      5  2.2116260173005847e-05 -5.3388400552753154e-05
    14      6  7.9538307293330716e-04 -1.9200416032345664e-03
    14      7  3.0460660802343423e-07  7.7039802241399642e-08
    14      8 -1.5217161821159937e-05  5.9298632641419964e-05
    14      9 -5.3678945607987360e-04  2.0922815726999626e-03
    14     10  3.0176526455348373e-07  7.6341608805358983e-08
    14     11  6.9865971420258906e-06 -6.5415625553278024e-05
    14     12  2.3655930866057674e-04 -2.2149763549370355e-03
    14     13  2.4134022592610002e-07  1.8452830885073848e-07
    14     14  3.2238000928183310e+00  1.8332572737773494e-22
    14     15 -2.2787246383892301e-03 -3.1987726997525843e-05
    14     16  2.7853642986673088e-07  7.0440270770833295e-08
    14     17  5.6973468449880840e-06 -5.5998847829029376e-05
    14     18  2.0398338269297264e-04 -2.0049509656158882e-03
    14     19  2.4710381159891269e-07  6.2573224048571601e-08
    14     20 -1.3949438622439073e-05  5.6288644335834485e-05
    14     21 -4.8881929218010036e-04  1.9719909053719834e-03
    14     22  2.5573354907897067e-07 -4.0556500789183300e-08
    14     23 -5.6337621991616875e-05 -3.0348915752395841e-05
    14     24  1.7814573692064694e-03  9.2764352915033078e-04
    14     25  2.4513256952446335e-07  6.2083803401041025e-08
    14     26  2.2863441447865111e-05 -5.5983374813241936e-05
    14     27  7.6818206814910448e-04 -1.8809525269993721e-03
    15      1 -7.8077026500917971e-06 -1.6786218924316515e-06
    15      2  1.5691575213997531e-03  5.9476724530152796e-04
    15      3  6.6164541310892291e-02  2.4835774120090560e-02
    15      4 -7.7454612320865115e-06 -1.8337469172920436e-06
    15      5 -6.4570601605300779e-04  1.6227813465380036e-03
    15      6 -2.6956143601738036e-02  6.7745731878396817e-02
    15      7 -7.7776714125871592e-06 -1.8458767788904597e-06
    15      8  4.3960076038323821e-04 -1.8187023165293821e-03
    15      9  1.7837146533507518e-02 -7.3814215468007621e-02
    15     10 -7.6387331819500773e-06 -1.8130080143588689e-06
    15     11 -1.8814716971914995e-04  2.0312474935974502e-03
    15     12 -7.2388714871113044e-03  7.8153695233340301e-02
    15     13 -6.1702306335872745e-06 -4.5745681611897483e-06
    15     14 -2.2787246383892301e-03  3.1987726997525843e-05
    15     15  5.9719853550560007e+00  5.9865444905183117e-19
    15     16 -7.7437089238870539e-06 -1.8362977895195597e-06
    15     17 -1.4789918598388880e-04  1.6887728815459719e-03
    15     18 -6.1634038003936589e-03  7.0376756528929899e-02
    15     19 -7.5086594122286891e-06 -1.7830504196167949e-06
    15     20  3.9973323024244391e-04 -1.7158042475651360e-03
    15     21  1.6185452377225257e-02 -6.9455707456697657e-02
    15     22 -7.5228521025087404e-06  1.3084906362934725e-06
    15     23  1.7814573692064694e-03  9.2764352915033176e-04
    15     24 -6.3233405355413802e-02 -3.1806868471014584e-02
    15     25 -7.3767036489778467e-06 -1.7514597669493844e-06
    15     26 -6.7961647010295132e-04  1.7332213231753637e-03
    15     27 -2.6079385889799075e-02  6.6509523476564275e-02
    16      1  2.7102722333941117e-04 -5.7217294637232692e-06
    16      2  6.2828933023694255e-11  9.6152644547652111e-12
    16      3  4.7254158341042794e-10 -2.7411108187086989e-09
    16      4  2.7044136685182746e-04 -8.1288996493639241e-08
    16      5 -8.3299110788179553e-11 -9.4333393357824232e-11
    16      6  2.8393766093371419e-09  4.9273638385723067e-10
    16      7  2.6884333590732610e-04 -5.8198465428388622e-08
    16      8 -1.0095651356490555e-09  2.6801463069346020e-07
    16      9 -3.2692696159908276e-08  7.5768588688730111e-06
    16     10  2.6653616761802699e-04 -4.6944227496769335e-08
    16     11 -4.0230144352416247e-08 -2.8326053307821781e-07
    16     12 -1.1139600483398747e-06 -7.8789248063460304e-06
    16     13  2.4291125921733052e-04  1.0410661795249188e-04
    16     14  2.7853642986673088e-07 -7.0440270770833295e-08
    16     15 -7.7437089238870539e-06  1.8362977895195597e-06
    16     16  3.7620699689637056e+00  6.7492634569198386e-21
    16     17 -8.4280227304708148e-11  8.2783942692343062e-11
    16     18  2.9458539453614976e-09 -2.1792523260192222e-10
    16     19  2.6907325900184112e-04 -2.2637824317687460e-08
    16     20 -1.0930249281999851e-09 -2.6790854549903257e-07
    16     21 -3.5143946598831710e-08 -7.5788865079014182e-06
    16     22  2.4345621533936840e-04 -1.0442683775034949e-04
    16     23  2.7829886558298949e-07  7.0280730042505601e-08
    16     24 -7.7454612320858745e-06 -1.8337469172918170e-06
    16     25  2.6692466517061995e-04 -3.3234674095923909e-08
    16     26 -4.0136551084025036e-08  2.8327007162627659e-07
    16     27 -1.1119358953375130e-06  7.8839232561217217e-06
    17      1 -8.6881337755369358e-11 -8.9092879819083265e-11
    17      2  1.3165850011437142e-05 -4.6671898071513336e-05
    17      3  4.4376194765534285e-04 -1.5926776071297465e-03
    17      4 -8.3299110787179595e-11 -9.4333393336960165e-11
    17      5  4.7064851544889170e-05  1.4113491367356856e-05
    17      6  1.5945084504329092e-03  4.7815147722129049e-04
    17      7 -4.0322624916145983e-09  2.6419645492730054e-08
    17      8 -5.0185869110453820e-05 -7.5749221886379790e-06
    17      9 -1.6689414738557265e-03 -2.5180687723024464e-04
    17     10 -4.0888444934546698e-09  2.6722008993814392e-08
    17     11  5.3050968160174069e-05  2.6569899126256036e-07
    17     12  1.6993563991412105e-03  8.5053001418564055e-06
    17     13 -1.1323969181696460e-08  1.8213116947163709e-08
    17     14  5.6973468449880840e-06  5.5998847829029376e-05
    17     15 -1.4789918598388880e-04 -1.6887728815459719e-03
    17     16 -8.4280227304708148e-11 -8.2783942692343062e-11
    17     17  2.0007633873989721e+00 -2.2844230009189301e-22
    17     18  1.6796877276756823e-03 -1.2550103342263048e-09
    17     19  3.6944686618478791e-09 -2.6243015687772886e-08
    17     20 -5.0929440022908579e-05 -7.2567616954983529e-06
    17     21 -1.6984255927278752e-03 -2.4210300818156631e-04
    17     22 -5.5177802773698063e-09 -2.0322540846532597e-08
    17     23  2.2116260173005847e-05 -5.3388400552753175e-05
    17     24 -6.4570601605300735e-04  1.6227813465380051e-03
    17     25  3.6995168351684377e-09 -2.6368465712288313e-08
    17     26  5.1898947575676944e-05  1.5280227784562072e-05
    17     27  1.6681159929282522e-03  4.9113710274639798e-04
    18      1  2.1091637236320320e-09  8.8122599996801102e-11
    18      2  4.4408803805902369e-04 -1.5742524571223046e-03
    18      3  1.8342602424616664e-02 -6.5832073971992242e-02
    18      4  2.8393766092012402e-09  4.9273638448827022e-10
    18      5  1.5945084504329053e-03  4.7815147722129174e-04
    18      6  6.5964623530512759e-02  1.9781120730979512e-02
    18      7 -1.5360944094655690e-08  1.0366786309665247e-07
    18      8 -1.7204177774488739e-03 -2.5967716340009395e-04
    18      9 -6.9171220912940951e-02 -1.0436477334073178e-02
    18     10 -1.6542682528517810e-08  1.1163557922503945e-07
    18     11  1.8511414586078320e-03  9.2716920539599318e-06
    18     12  7.0594509934878882e-02  3.5337253418605776e-04
    18     13 -2.8600485423338960e-10  2.5097288041199234e-09
    18     14  2.0398338269297264e-04  2.0049509656158882e-03
    18     15 -6.1634038003936589e-03 -7.0376756528929899e-02
    18     16  2.9458539453614976e-09  2.1792523260192222e-10
    18     17  1.6796877276756823e-03  1.2550103342263048e-09
    18     18  4.8716750388432457e+00  4.3937177846389274e-19
    18     19  1.4143389769029092e-08 -9.6974685240401412e-08
    18     20 -1.7511770190844107e-03 -2.4951967384790344e-04
    18     21 -7.0460234211044123e-02 -1.0043846854737097e-02
    18     22 -1.5688567259897105e-09 -9.9399163311894718e-09
    18     23  7.9538307293330977e-04 -1.9200416032345675e-03
    18     24 -2.6956143601738054e-02  6.7745731878396762e-02
    18     25  1.4053561464669472e-08 -9.6652671500385398e-08
    18     26  1.8181114099237918e-03  5.3529533255846870e-04
    18     27  6.9391361836663140e-02  2.0430694831221771e-02
    19      1  2.6944034775979987e-04 -5.6655532024629550e-06
    19      2  2.6210404461597332e-08  3.4623329656516887e-09
    19      3  9.6668816466176346e-08  1.2393381614797938e-08
    19      4  2.6884333590732675e-04 -5.8198465428376195e-08
    19      5 -4.0322624916115220e-09  2.6419645492707287e-08
    19      6 -1.5360944094362054e-08  1.0366786309601051e-07
    19      7  2.6732474997769436e-04 -3.5382306362577314e-08
    19      8 -8.4515987128663534e-10  2.3922261789422810e-07
    19      9 -2.9355495055248686e-08  7.3789080648446725e-06
    19     10  2.6519836636518446e-04 -2.4395058716687633e-08
    19     11 -3.6059606639896122e-08 -2.5344457014143976e-07
    19     12 -1.0857982402419368e-06 -7.6619118098825417e-06
    19     13  2.4193206391184886e-04  1.0371105644612736e-04
    19     14  2.4710381159891269e-07 -6.2573224048571601e-08
    19     15 -7.5086594122286891e-06  1.7830504196167949e-06
    19     16  2.6907325900184112e-04  2.2637824317687460e-08
    19     17  3.6944686618478791e-09  2.6243015687772886e-08
    19     18  1.4143389769029092e-08  9.6974685240401412e-08
    19     19  3.5629614631394224e+00  7.8011346009932236e-21
    19     20 -1.1073683685852331e-09 -2.9342156039344414e-07
    19     21 -3.1320699749483378e-08 -7.6017532814097844e-06
    19     22  2.4318342372602438e-04 -1.0428556696841775e-04
    19     23  3.0460660802341485e-07  7.7039802241395235e-08
    19     24 -7.7776714125865662e-06 -1.8458767788901368e-06
    19     25  2.6605096357086778e-04 -1.0727239397007617e-08
    19     26 -4.3877816856459867e-08  3.0896859436449149e-07
    19     27 -1.1195147817834235e-06  7.9076679811442721e-06
    20      1  4.5784358303914657e-09  2.6839202046864232e-07
    20      2 -6.6754575488086111e-06  4.9737996646421867e-05
    20      3 -2.2493578340954400e-04  1.7178307247341172e-03
    20      4 -1.0095651356533467e-09  2.6801463069344553e-07
    20      5 -5.0185869110453834e-05 -7.5749221886379841e-06
    20      6 -1.7204177774488728e-03 -2.5967716340009243e-04
    20      7 -8.4515987128642658e-10  2.3922261789421185e-07
    20      8  5.2387106719990441e-05  4.3338181252876105e-07
    20      9  1.7614845865652868e-03  1.4471189632126466e-05
    20     10 -8.3341636128454896e-10  2.3747286801066131e-07
    20     11 -5.4208653129292017e-05  7.4472057295779174e-06
    20     12 -1.7540088248275177e-03  2.4097148307536029e-04
    20     13 -9.7011224374008271e-08  2.2393868359202737e-07
    20     14 -1.3949438622439073e-05 -5.6288644335834485e-05
    20     15  3.9973323024244391e-04  1.7158042475651360e-03
    20     16 -1.0930249281999851e-09  2.6790854549903257e-07
    20     17 -5.0929440022908579e-05  7.2567616954983529e-06
    20     18 -1.7511770190844107e-03  2.4951967384790344e-04
    20     19 -1.1073683685852331e-09  2.9342156039344414e-07
    20     20  1.5334038180358360e+00  1.1275367662916282e-21
    20     21  1.8174181306390385e-03  1.0612706921282146e-07
    20     22  1.1193844742003263e-07  2.6384037320915572e-07
    20     23 -1.5217161821159905e-05  5.9298632641419917e-05
    20     24  4.3960076038323750e-04 -1.8187023165293812e-03
    20     25 -1.0757901883771859e-09  2.9175919641974306e-07
    20     26 -5.6313449564053696e-05 -8.2115780429810734e-06
    20     27 -1.8330342774457379e-03 -2.6729831894109241e-04
    21      1  1.2631437861083447e-07  7.6029242912267827e-06
    21      2 -2.2105833646570160e-04  1.6477993028785700e-03
    21      3 -9.0329329320932468e-03  6.9015576700493270e-02
    21      4 -3.2692696159893969e-08  7.5768588688723810e-06
    21      5 -1.6689414738557272e-03 -2.5180687723024643e-04
    21      6 -6.9171220912941089e-02 -1.0436477334073182e-02
    21      7 -2.9355495055264684e-08  7.3789080648440110e-06
    21      8  1.7614845865652866e-03  1.4471189632127791e-05
    21      9  7.0944470599755102e-02  5.7870396101056742e-04
    21     10 -2.9161748038480276e-08  7.2491044224821362e-06
    21     11 -1.8534500754377127e-03  2.5473741204802780e-04
    21     12 -7.0795052390579399e-02  9.7302547103717690e-03
    21     13 -2.8998865974319152e-06  6.6849543552058706e-06
    21     14 -4.8881929218010036e-04 -1.9719909053719834e-03
    21     15  1.6185452377225257e-02  6.9455707456697657e-02
    21     16 -3.5143946598831710e-08  7.5788865079014182e-06
    21     17 -1.6984255927278752e-03  2.4210300818156631e-04
    21     18 -7.0460234211044123e-02  1.0043846854737097e-02
    21     19 -3.1320699749483378e-08  7.6017532814097844e-06
    21     20  1.8174181306390385e-03 -1.0612706921282146e-07
    21     21  4.3868461637597616e+00  5.9897497574785749e-19
    21     22  2.8511384403674545e-06  6.7280514818521402e-06
    21     23 -5.3678945607987479e-04  2.0922815726999587e-03
    21     24  1.7837146533507500e-02 -7.3814215468007663e-02
    21     25 -3.0545845620427587e-08  7.4751433240242639e-06
    21     26 -1.9379471903229841e-03 -2.8247545818863517e-04
    21     27 -7.4138314492463844e-02 -1.0806633613032917e-02
    22      1  2.4560057896772940e-04  9.9262828585245608e-05
    22      2  1.8217464044403637e-08  1.0796104974069782e-08
    22      3  5.3788277037310530e-09  2.0848593132137929e-09
    22      4  2.4291125921733052e-04  1.0410661795249187e-04
    22      5 -1.1323969181688125e-08  1.8213116947141736e-08
    22      6 -2.8600485377738002e-10  2.5097288034494497e-09
    22      7  2.4193206391184875e-04  1.0371105644612736e-04
    22      8 -9.7011224374013724e-08  2.2393868359204346e-07
    22      9 -2.8998865974321833e-06  6.6849543552065956e-06
    22     10  2.4084619691306218e-04  1.0325705610662102e-04
    22     11  6.7913808587996018e-08 -2.5129925087502544e-07
    22     12  1.9985937450271354e-06 -7.3773558958438147e-06
    22     13  1.8034262656335733e-04  1.8947843978256074e-04
    22     14  2.5573354907897067e-07  4.0556500789183300e-08
    22     15 -7.5228521025087404e-06 -1.3084906362934725e-06
    22     16  2.4345621533936840e-04  1.0442683775034949e-04
    22     17 -5.5177802773698063e-09  2.0322540846532597e-08
    22     18 -1.5688567259897105e-09  9.9399163311894718e-09
    22     19  2.4318342372602438e-04  1.0428556696841775e-04
    22     20  1.1193844742003263e-07 -2.6384037320915572e-07
    22     21  2.8511384403674545e-06 -6.7280514818521402e-06
    22     22  4.4172190501320960e+00 -7.1789356897042628e-22
    22     23  2.4134022592607630e-07  1.8452830885073472e-07
    22     24 -6.1702306335865723e-06 -4.5745681611894637e-06
    22     25  2.4298377759954633e-04  1.0418835919365697e-04
    22     26 -1.5802240069815826e-07  2.6003034426735834e-07
    22     27 -3.9858965020545325e-06  6.5660039127691509e-06
    23      1  2.7746531810297614e-07 -7.6364452074024452e-08
    23      2  5.5477013663721682e-05 -6.5646382066776083e-06
    23      3  2.0024141360599590e-03 -2.4347661515870095e-04
    23      4  2.7853642986671378e-07 -7.0440270770830370e-08
    23      5  5.6973468449880781e-06  5.5998847829029301e-05
    23      6  2.0398338269297391e-04  2.0049509656158873e-03
    23      7  2.4710381159889321e-07 -6.2573224048570251e-08
    23      8 -1.3949438622439057e-05 -5.6288644335834458e-05
    23      9 -4.8881929218010209e-04 -1.9719909053719838e-03
    23     10  2.4513256952444963e-07 -6.2083803401032396e-08
    23     11  2.2863441447865124e-05  5.5983374813241936e-05
    23     12  7.6818206814910665e-04  1.8809525269993725e-03
    23     13  2.5573354907895044e-07  4.0556500789178152e-08
    23     14 -5.6337621991616875e-05  3.0348915752395841e-05
    23     15  1.7814573692064694e-03 -9.2764352915033176e-04
    23     16  2.7829886558298949e-07 -7.0280730042505601e-08
    23     17  2.2116260173005847e-05  5.3388400552753175e-05
    23     18  7.9538307293330977e-04  1.9200416032345675e-03
    23     19  3.0460660802341485e-07 -7.7039802241395235e-08
    23     20 -1.5217161821159905e-05 -5.9298632641419917e-05
    23     21 -5.3678945607987479e-04 -2.0922815726999587e-03
    23     22  2.4134022592607630e-07 -1.8452830885073472e-07
    23     23  3.2238000928183310e+00  2.9638610293895544e-22
    23     24 -2.2787246383892288e-03  3.1987726997527381e-05
    23     25  3.0176526455346695e-07 -7.6341608805361524e-08
    23     26  6.9865971420258694e-06  6.5415625553278024e-05
    23     27  2.3655930866057768e-04  2.2149763549370329e-03
    24      1 -7.7303437449391281e-06  2.0049988498724573e-06
    24      2 -1.6690724498721980e-03  1.7378431411736644e-04
    24      3 -7.0268333501715227e-02  7.5447667641392923e-03
    24      4 -7.7437089238865186e-06  1.8362977895193267e-06
    24      5 -1.4789918598388780e-04 -1.6887728815459732e-03
    24      6 -6.1634038003936520e-03 -7.0376756528929857e-02
    24      7 -7.5086594122280843e-06  1.7830504196166052e-06
    24      8  3.9973323024244294e-04  1.7158042475651364e-03
    24      9  1.6185452377225261e-02  6.9455707456697727e-02
    24     10 -7.3767036489774080e-06  1.7514597669490723e-06
    24     11 -6.7961647010294991e-04 -1.7332213231753615e-03
    24     12 -2.6079385889799103e-02 -6.6509523476564164e-02
    24     13 -7.5228521025079967e-06 -1.3084906362933912e-06
    24     14  1.7814573692064694e-03 -9.2764352915033078e-04
    24     15 -6.3233405355413802e-02  3.1806868471014584e-02
    24     16 -7.7454612320858745e-06  1.8337469172918170e-06
    24     17 -6.4570601605300735e-04 -1.6227813465380051e-03
    24     18 -2.6956143601738054e-02 -6.7745731878396762e-02
    24     19 -7.7776714125865662e-06  1.8458767788901368e-06
    24     20  4.3960076038323750e-04  1.8187023165293812e-03
    24     21  1.7837146533507500e-02  7.3814215468007663e-02
    24     22 -6.1702306335865723e-06  4.5745681611894637e-06
    24     23 -2.2787246383892288e-03 -3.1987726997527381e-05
    24     24  5.9719853550560007e+00  1.0546110603264953e-18
    24     25 -7.6387331819495843e-06  1.8130080143587967e-06
    24     26 -1.8814716971914867e-04 -2.0312474935974506e-03
    24     27 -7.2388714871113036e-03 -7.8153695233340370e-02
    25      1  2.6712089448009907e-04 -5.6059899714425081e-06
    25      2  2.6460730892141880e-08  3.5050804394673833e-09
    25      3  1.0197573885173605e-07  1.3130245949495870e-08
    25      4  2.6653616761802753e-04 -4.6944227496813004e-08
    25      5 -4.0888444934581639e-09  2.6722008993795886e-08
    25      6 -1.6542682528495222e-08  1.1163557922452420e-07
    25      7  2.6519836636518457e-04 -2.4395058716743348e-08
    25      8 -8.3341636127507722e-10  2.3747286801067483e-07
    25      9 -2.9161748038315200e-08  7.2491044224826418e-06
    25     10  2.6344187064922443e-04 -1.3605524658454900e-08
    25     11 -3.5777992689951741e-08 -2.5142702488607367e-07
    25     12 -1.0661567243702658e-06 -7.5256122330213675e-06
    25     13  2.4084619691306229e-04  1.0325705610662108e-04
    25     14  2.4513256952446335e-07 -6.2083803401041025e-08
    25     15 -7.3767036489778467e-06  1.7514597669493844e-06
    25     16  2.6692466517061995e-04  3.3234674095923909e-08
    25     17  3.6995168351684377e-09  2.6368465712288313e-08
    25     18  1.4053561464669472e-08  9.6652671500385398e-08
    25     19  2.6605096357086778e-04  1.0727239397007617e-08
    25     20 -1.0757901883771859e-09 -2.9175919641974306e-07
    25     21 -3.0545845620427587e-08 -7.4751433240242639e-06
    25     22  2.4298377759954633e-04 -1.0418835919365697e-04
    25     23  3.0176526455346695e-07  7.6341608805361524e-08
    25     24 -7.6387331819495843e-06 -1.8130080143587967e-06
    25     25  4.1590718727113432e+00  4.8051701828609295e-21
    25     26 -4.3604282043942145e-08  3.0690741059526073e-07
    25     27 -1.1005231580964932e-06  7.7722258415751006e-06
    26      1 -4.6210317988980270e-08 -2.8288508440483423e-07
    26      2 -5.9814798714106640e-07 -5.2544765876638561e-05
    26      3 -2.6973724819096874e-05 -1.8476356358061348e-03
    26      4 -4.0230144352442836e-08 -2.8326053307817117e-07
    26      5  5.3050968160174056e-05  2.6569899126255962e-07
    26      6  1.8511414586078320e-03  9.2716920539592101e-06
    26      7 -3.6059606639927582e-08 -2.5344457014139058e-07
    26      8 -5.4208653129292037e-05  7.4472057295779174e-06
    26      9 -1.8534500754377103e-03  2.5473741204802862e-04
    26     10 -3.5777992689972454e-08 -2.5142702488603021e-07
    26     11  5.4862653250507016e-05 -1.5854678781397119e-05
    26     12  1.8025851684111466e-03 -5.2093328487151311e-04
    26     13  6.7913808587954619e-08 -2.5129925087499024e-07
    26     14  2.2863441447865111e-05  5.5983374813241936e-05
    26     15 -6.7961647010295132e-04 -1.7332213231753637e-03
    26     16 -4.0136551084025036e-08 -2.8327007162627659e-07
    26     17  5.1898947575676944e-05 -1.5280227784562072e-05
    26     18  1.8181114099237918e-03 -5.3529533255846870e-04
    26     19 -4.3877816856459867e-08 -3.0896859436449149e-07
    26     20 -5.6313449564053696e-05  8.2115780429810734e-06
    26     21 -1.9379471903229841e-03  2.8247545818863517e-04
    26     22 -1.5802240069815826e-07 -2.6003034426735834e-07
    26     23  6.9865971420258694e-06 -6.5415625553278024e-05
    26     24 -1.8814716971914867e-04  2.0312474935974506e-03
    26     25 -4.3604282043942145e-08 -3.0690741059526073e-07
    26     26  2.8448496755137507e+00 -5.7092206346902565e-22
    26     27  2.0074835338895463e-03  5.8095117688583319e-09
    27      1 -1.2833986530944346e-06 -7.8831436560575313e-06
    27      2 -1.9104136762861492e-05 -1.6777370067702563e-03
    27      3 -1.0281850668218556e-03 -7.0413792464865094e-02
    27      4 -1.1139600483398677e-06 -7.8789248063454917e-06
    27      5  1.6993563991412114e-03  8.5053001418581876e-06
    27      6  7.0594509934878813e-02  3.5337253418605820e-04
    27      7 -1.0857982402419899e-06 -7.6619118098819487e-06
    27      8 -1.7540088248275188e-03  2.4097148307535953e-04
    27      9 -7.0795052390579385e-02  9.7302547103717690e-03
    27     10 -1.0661567243701297e-06 -7.5256122330209956e-06
    27     11  1.8025851684111457e-03 -5.2093328487151159e-04
    27     12  6.8987613684029087e-02 -1.9937108251649658e-02
    27     13  1.9985937450269309e-06 -7.3773558958431506e-06
    27     14  7.6818206814910448e-04  1.8809525269993721e-03
    27     15 -2.6079385889799075e-02 -6.6509523476564275e-02
    27     16 -1.1119358953375130e-06 -7.8839232561217217e-06
    27     17  1.6681159929282522e-03 -4.9113710274639798e-04
    27     18  6.9391361836663140e-02 -2.0430694831221771e-02
    27     19 -1.1195147817834235e-06 -7.9076679811442721e-06
    27     20 -1.8330342774457379e-03  2.6729831894109241e-04
    27     21 -7.4138314492463844e-02  1.0806633613032917e-02
    27     22 -3.9858965020545325e-06 -6.5660039127691509e-06
    27     23  2.3655930866057768e-04 -2.2149763549370329e-03
    27     24 -7.2388714871113036e-03  7.8153695233340370e-02
    27     25 -1.1005231580964932e-06 -7.7722258415751006e-06
    27     26  2.0074835338895463e-03 -5.8095117688583319e-09
    27     27  5.6302451502507660e+00  3.7970404895064559e-19
