                27                 8
     1BSE eigenvalue    1.53335124      IP-eigenvalue:    1.53335004
  0.00000  0.00000  0.00000    -6.0785256    -2.3708546     0.0000016     9    11     -0.000000+i*     0.000000
  0.00000  0.00000  0.00000    -4.1241113    -2.3708546     0.0000000    10    11      0.000000+i*     0.000000
  0.00000  0.00000  0.00000    -4.1241113     0.4107230     0.0000000    10    12      0.000000+i*     0.000000
  0.33333  0.00000  0.00000    -4.5946561    -0.8328566     0.0000015     9    11     -0.000000+i*     0.000000
  0.33333  0.00000  0.00000    -2.8335705    -0.8328566     0.0000094    10    11     -0.000001+i*     0.000000
  0.33333  0.00000  0.00000    -2.8335705     1.9685811     0.0000561    10    12     -0.000006+i*     0.000000
  0.00000  0.33333  0.00000    -5.1496778    -1.5869842     0.0000017     9    11     -0.000000+i*     0.000000
  0.00000  0.33333  0.00000    -3.1203342    -1.5869842     6.3639610    10    11     -0.700524+i*    -0.096259
  0.00000  0.33333  0.00000    -3.1203342     1.1932086     0.0001273    10    12      0.000014+i*     0.000002
  0.33333  0.33333  0.00000    -4.2052738    -0.0464668     0.0000013     9    11     -0.000000+i*     0.000000
  0.33333  0.33333  0.00000    -2.8912559    -0.0464668     0.0000106    10    11     -0.000001+i*    -0.000000
  0.33333  0.33333  0.00000    -2.8912559     2.6619915     0.0001291    10    12     -0.000014+i*    -0.000004
 -0.33333  0.33333  0.00000    -4.4620760    -0.0451223     0.0000012     9    11      0.000000+i*     0.000000
 -0.33333  0.33333  0.00000    -3.2688503    -0.0451223     0.0000121    10    11     -0.000001+i*     0.000001
 -0.33333  0.33333  0.00000    -3.2688503     2.6226298     0.0001589    10    12      0.000006+i*    -0.000016
 -0.33333 -0.00000 -0.00000    -4.5946561    -0.8328566     0.0000015     9    11     -0.000000+i*     0.000000
 -0.33333 -0.00000 -0.00000    -2.8335705    -0.8328566     0.0000094    10    11      0.000001+i*     0.000000
 -0.33333 -0.00000 -0.00000    -2.8335705     1.9685811     0.0000561    10    12      0.000006+i*     0.000002
 -0.00000 -0.33333 -0.00000    -5.1496778    -1.5869842     0.0000017     9    11     -0.000000+i*     0.000000
 -0.00000 -0.33333 -0.00000    -3.1203342    -1.5869842     6.3639610    10    11      0.699704+i*     0.102050
 -0.00000 -0.33333 -0.00000    -3.1203342     1.1932086     0.0001273    10    12     -0.000014+i*    -0.000002
  0.33333 -0.33333 -0.00000    -4.4620760    -0.0451223     0.0000012     9    11     -0.000000+i*     0.000000
  0.33333 -0.33333 -0.00000    -3.2688503    -0.0451223     0.0000121    10    11      0.000000+i*     0.000001
  0.33333 -0.33333 -0.00000    -3.2688503     2.6226298     0.0001589    10    12     -0.000002+i*    -0.000018
 -0.33333 -0.33333 -0.00000    -4.2052738    -0.0464668     0.0000013     9    11     -0.000000+i*     0.000000
 -0.33333 -0.33333 -0.00000    -2.8912559    -0.0464668     0.0000106    10    11      0.000001+i*     0.000000
 -0.33333 -0.33333 -0.00000    -2.8912559     2.6619915     0.0001291    10    12      0.000014+i*     0.000000
     2BSE eigenvalue    1.53344220      IP-eigenvalue:    1.53335004
  0.00000  0.00000  0.00000    -6.0785256    -2.3708546     0.0000000     9    11      0.000000+i*     0.000000
  0.00000  0.00000  0.00000    -4.1241113    -2.3708546     0.0025272    10    11      0.000003+i*    -0.000281
  0.00000  0.00000  0.00000    -4.1241113     0.4107230     0.0061860    10    12      0.000010+i*    -0.000687
  0.33333  0.00000  0.00000    -4.5946561    -0.8328566     0.0000000     9    11      0.000000+i*    -0.000000
  0.33333  0.00000  0.00000    -2.8335705    -0.8328566     0.0012096    10    11     -0.000134+i*     0.000001
  0.33333  0.00000  0.00000    -2.8335705     1.9685811     0.0057506    10    12     -0.000639+i*     0.000003
  0.00000  0.33333  0.00000    -5.1496778    -1.5869842     0.0000002     9    11     -0.000000+i*     0.000000
  0.00000  0.33333  0.00000    -3.1203342    -1.5869842     6.3639494    10    11     -0.700525+i*    -0.096241
  0.00000  0.33333  0.00000    -3.1203342     1.1932086     0.0068938    10    12      0.000759+i*     0.000104
  0.33333  0.33333  0.00000    -4.2052738    -0.0464668     0.0000001     9    11     -0.000000+i*     0.000000
  0.33333  0.33333  0.00000    -2.8912559    -0.0464668     0.0004686    10    11     -0.000050+i*    -0.000014
  0.33333  0.33333  0.00000    -2.8912559     2.6619915     0.0048239    10    12     -0.000515+i*    -0.000149
 -0.33333  0.33333  0.00000    -4.4620760    -0.0451223     0.0000001     9    11      0.000000+i*     0.000000
 -0.33333  0.33333  0.00000    -3.2688503    -0.0451223     0.0003867    10    11     -0.000016+i*     0.000040
 -0.33333  0.33333  0.00000    -3.2688503     2.6226298     0.0044588    10    12      0.000181+i*    -0.000461
 -0.33333 -0.00000 -0.00000    -4.5946561    -0.8328566     0.0000000     9    11      0.000000+i*     0.000000
 -0.33333 -0.00000 -0.00000    -2.8335705    -0.8328566     0.0012096    10    11     -0.000129+i*    -0.000038
 -0.33333 -0.00000 -0.00000    -2.8335705     1.9685811     0.0057506    10    12     -0.000613+i*    -0.000180
 -0.00000 -0.33333 -0.00000    -5.1496778    -1.5869842     0.0000002     9    11      0.000000+i*    -0.000000
 -0.00000 -0.33333 -0.00000    -3.1203342    -1.5869842     6.3639494    10    11     -0.699705+i*    -0.102033
 -0.00000 -0.33333 -0.00000    -3.1203342     1.1932086     0.0068938    10    12      0.000758+i*     0.000110
  0.33333 -0.33333 -0.00000    -4.4620760    -0.0451223     0.0000001     9    11      0.000000+i*    -0.000000
  0.33333 -0.33333 -0.00000    -3.2688503    -0.0451223     0.0003867    10    11     -0.000005+i*    -0.000043
  0.33333 -0.33333 -0.00000    -3.2688503     2.6226298     0.0044588    10    12      0.000046+i*     0.000493
 -0.33333 -0.33333 -0.00000    -4.2052738    -0.0464668     0.0000001     9    11      0.000000+i*    -0.000000
 -0.33333 -0.33333 -0.00000    -2.8912559    -0.0464668     0.0004686    10    11     -0.000052+i*    -0.000000
 -0.33333 -0.33333 -0.00000    -2.8912559     2.6619915     0.0048239    10    12     -0.000536+i*     0.000000
     3BSE eigenvalue    1.75329778      IP-eigenvalue:    1.75325663
  0.00000  0.00000  0.00000    -6.0785256    -2.3708546     0.0000000     9    11     -0.000000+i*     0.000000
  0.00000  0.00000  0.00000    -4.1241113    -2.3708546     8.9999916    10    11      0.011386+i*    -0.999934
  0.00000  0.00000  0.00000    -4.1241113     0.4107230     0.0043671    10    12     -0.000007+i*     0.000485
  0.33333  0.00000  0.00000    -4.5946561    -0.8328566     0.0000000     9    11     -0.000000+i*     0.000000
  0.33333  0.00000  0.00000    -2.8335705    -0.8328566     0.0015252    10    11      0.000169+i*    -0.000001
  0.33333  0.00000  0.00000    -2.8335705     1.9685811     0.0040245    10    12      0.000447+i*    -0.000002
  0.00000  0.33333  0.00000    -5.1496778    -1.5869842     0.0000001     9    11      0.000000+i*    -0.000000
  0.00000  0.33333  0.00000    -3.1203342    -1.5869842     0.0017710    10    11      0.000195+i*     0.000027
  0.00000  0.33333  0.00000    -3.1203342     1.1932086     0.0048658    10    12     -0.000536+i*    -0.000074
  0.33333  0.33333  0.00000    -4.2052738    -0.0464668     0.0000001     9    11      0.000000+i*    -0.000000
  0.33333  0.33333  0.00000    -2.8912559    -0.0464668     0.0003724    10    11      0.000040+i*     0.000011
  0.33333  0.33333  0.00000    -2.8912559     2.6619915     0.0033047    10    12      0.000353+i*     0.000102
 -0.33333  0.33333  0.00000    -4.4620760    -0.0451223     0.0000001     9    11     -0.000000+i*    -0.000000
 -0.33333  0.33333  0.00000    -3.2688503    -0.0451223     0.0002924    10    11      0.000012+i*    -0.000030
 -0.33333  0.33333  0.00000    -3.2688503     2.6226298     0.0030314    10    12     -0.000123+i*     0.000314
 -0.33333 -0.00000 -0.00000    -4.5946561    -0.8328566     0.0000000     9    11     -0.000000+i*     0.000000
 -0.33333 -0.00000 -0.00000    -2.8335705    -0.8328566     0.0015252    10    11      0.000163+i*     0.000048
 -0.33333 -0.00000 -0.00000    -2.8335705     1.9685811     0.0040245    10    12      0.000429+i*     0.000126
 -0.00000 -0.33333 -0.00000    -5.1496778    -1.5869842     0.0000001     9    11     -0.000000+i*     0.000000
 -0.00000 -0.33333 -0.00000    -3.1203342    -1.5869842     0.0017710    10    11      0.000195+i*     0.000028
 -0.00000 -0.33333 -0.00000    -3.1203342     1.1932086     0.0048658    10    12     -0.000535+i*    -0.000078
  0.33333 -0.33333 -0.00000    -4.4620760    -0.0451223     0.0000001     9    11     -0.000000+i*     0.000000
  0.33333 -0.33333 -0.00000    -3.2688503    -0.0451223     0.0002924    10    11      0.000003+i*     0.000032
  0.33333 -0.33333 -0.00000    -3.2688503     2.6226298     0.0030314    10    12     -0.000031+i*    -0.000335
 -0.33333 -0.33333 -0.00000    -4.2052738    -0.0464668     0.0000001     9    11     -0.000000+i*     0.000000
 -0.33333 -0.33333 -0.00000    -2.8912559    -0.0464668     0.0003724    10    11      0.000041+i*     0.000000
 -0.33333 -0.33333 -0.00000    -2.8912559     2.6619915     0.0033047    10    12      0.000367+i*     0.000000
     4BSE eigenvalue    2.00071395      IP-eigenvalue:    2.00071389
  0.00000  0.00000  0.00000    -6.0785256    -2.3708546     0.0000000     9    11     -0.000000+i*     0.000000
  0.00000  0.00000  0.00000    -4.1241113    -2.3708546     0.0000000    10    11      0.000000+i*     0.000000
  0.00000  0.00000  0.00000    -4.1241113     0.4107230     0.0000000    10    12      0.000000+i*    -0.000000
  0.33333  0.00000  0.00000    -4.5946561    -0.8328566     0.0000000     9    11     -0.000000+i*     0.000000
  0.33333  0.00000  0.00000    -2.8335705    -0.8328566     6.3639610    10    11     -0.707098+i*     0.003543
  0.33333  0.00000  0.00000    -2.8335705     1.9685811     0.0000340    10    12      0.000004+i*    -0.000000
  0.00000  0.33333  0.00000    -5.1496778    -1.5869842     0.0000000     9    11     -0.000000+i*     0.000000
  0.00000  0.33333  0.00000    -3.1203342    -1.5869842     0.0000093    10    11      0.000001+i*     0.000000
  0.00000  0.33333  0.00000    -3.1203342     1.1932086     0.0000760    10    12     -0.000008+i*    -0.000001
  0.33333  0.33333  0.00000    -4.2052738    -0.0464668     0.0000000     9    11     -0.000000+i*     0.000000
  0.33333  0.33333  0.00000    -2.8912559    -0.0464668     0.0000079    10    11      0.000001+i*     0.000000
  0.33333  0.33333  0.00000    -2.8912559     2.6619915     0.0000705    10    12      0.000008+i*     0.000002
 -0.33333  0.33333  0.00000    -4.4620760    -0.0451223     0.0000000     9    11      0.000000+i*     0.000000
 -0.33333  0.33333  0.00000    -3.2688503    -0.0451223     0.0000078    10    11      0.000000+i*    -0.000001
 -0.33333  0.33333  0.00000    -3.2688503     2.6226298     0.0000834    10    12     -0.000003+i*     0.000009
 -0.33333 -0.00000 -0.00000    -4.5946561    -0.8328566     0.0000000     9    11     -0.000000+i*     0.000000
 -0.33333 -0.00000 -0.00000    -2.8335705    -0.8328566     6.3639611    10    11      0.678318+i*     0.199711
 -0.33333 -0.00000 -0.00000    -2.8335705     1.9685811     0.0000340    10    12     -0.000004+i*    -0.000001
 -0.00000 -0.33333 -0.00000    -5.1496778    -1.5869842     0.0000000     9    11     -0.000000+i*     0.000000
 -0.00000 -0.33333 -0.00000    -3.1203342    -1.5869842     0.0000093    10    11     -0.000001+i*    -0.000000
 -0.00000 -0.33333 -0.00000    -3.1203342     1.1932086     0.0000760    10    12      0.000008+i*     0.000001
  0.33333 -0.33333 -0.00000    -4.4620760    -0.0451223     0.0000000     9    11     -0.000000+i*     0.000000
  0.33333 -0.33333 -0.00000    -3.2688503    -0.0451223     0.0000078    10    11     -0.000000+i*    -0.000001
  0.33333 -0.33333 -0.00000    -3.2688503     2.6226298     0.0000834    10    12      0.000001+i*     0.000009
 -0.33333 -0.33333 -0.00000    -4.2052738    -0.0464668     0.0000000     9    11     -0.000000+i*     0.000000
 -0.33333 -0.33333 -0.00000    -2.8912559    -0.0464668     0.0000079    10    11     -0.000001+i*     0.000000
 -0.33333 -0.33333 -0.00000    -2.8912559     2.6619915     0.0000705    10    12     -0.000008+i*     0.000000
     5BSE eigenvalue    2.00079797      IP-eigenvalue:    2.00071389
  0.00000  0.00000  0.00000    -6.0785256    -2.3708546     0.0000000     9    11     -0.000000+i*    -0.000000
  0.00000  0.00000  0.00000    -4.1241113    -2.3708546     0.0021324    10    11      0.000003+i*    -0.000237
  0.00000  0.00000  0.00000    -4.1241113     0.4107230     0.0068267    10    12     -0.000011+i*     0.000758
  0.33333  0.00000  0.00000    -4.5946561    -0.8328566     0.0000000     9    11     -0.000000+i*    -0.000000
  0.33333  0.00000  0.00000    -2.8335705    -0.8328566     6.3639475    10    11     -0.707096+i*     0.003539
  0.33333  0.00000  0.00000    -2.8335705     1.9685811     0.0062424    10    12      0.000694+i*    -0.000003
  0.00000  0.33333  0.00000    -5.1496778    -1.5869842     0.0000002     9    11      0.000000+i*    -0.000000
  0.00000  0.33333  0.00000    -3.1203342    -1.5869842     0.0011856    10    11      0.000131+i*     0.000018
  0.00000  0.33333  0.00000    -3.1203342     1.1932086     0.0076873    10    12     -0.000846+i*    -0.000116
  0.33333  0.33333  0.00000    -4.2052738    -0.0464668     0.0000002     9    11      0.000000+i*    -0.000000
  0.33333  0.33333  0.00000    -2.8912559    -0.0464668     0.0006860    10    11      0.000073+i*     0.000021
  0.33333  0.33333  0.00000    -2.8912559     2.6619915     0.0050509    10    12      0.000539+i*     0.000156
 -0.33333  0.33333  0.00000    -4.4620760    -0.0451223     0.0000001     9    11     -0.000000+i*    -0.000000
 -0.33333  0.33333  0.00000    -3.2688503    -0.0451223     0.0005015    10    11      0.000021+i*    -0.000052
 -0.33333  0.33333  0.00000    -3.2688503     2.6226298     0.0046112    10    12     -0.000187+i*     0.000477
 -0.33333 -0.00000 -0.00000    -4.5946561    -0.8328566     0.0000000     9    11     -0.000000+i*    -0.000000
 -0.33333 -0.00000 -0.00000    -2.8335705    -0.8328566     6.3639474    10    11     -0.678316+i*    -0.199714
 -0.33333 -0.00000 -0.00000    -2.8335705     1.9685811     0.0062424    10    12      0.000665+i*     0.000196
 -0.00000 -0.33333 -0.00000    -5.1496778    -1.5869842     0.0000002     9    11     -0.000000+i*     0.000000
 -0.00000 -0.33333 -0.00000    -3.1203342    -1.5869842     0.0011856    10    11      0.000130+i*     0.000019
 -0.00000 -0.33333 -0.00000    -3.1203342     1.1932086     0.0076873    10    12     -0.000845+i*    -0.000123
  0.33333 -0.33333 -0.00000    -4.4620760    -0.0451223     0.0000001     9    11     -0.000000+i*     0.000000
  0.33333 -0.33333 -0.00000    -3.2688503    -0.0451223     0.0005015    10    11      0.000006+i*     0.000055
  0.33333 -0.33333 -0.00000    -3.2688503     2.6226298     0.0046112    10    12     -0.000047+i*    -0.000510
 -0.33333 -0.33333 -0.00000    -4.2052738    -0.0464668     0.0000002     9    11     -0.000000+i*     0.000000
 -0.33333 -0.33333 -0.00000    -2.8912559    -0.0464668     0.0006860    10    11      0.000076+i*     0.000000
 -0.33333 -0.33333 -0.00000    -2.8912559     2.6619915     0.0050509    10    12      0.000561+i*     0.000000
     6BSE eigenvalue    2.84479282      IP-eigenvalue:    2.84478904
  0.00000  0.00000  0.00000    -6.0785256    -2.3708546     0.0000042     9    11      0.000000+i*    -0.000000
  0.00000  0.00000  0.00000    -4.1241113    -2.3708546     0.0000000    10    11      0.000000+i*     0.000000
  0.00000  0.00000  0.00000    -4.1241113     0.4107230     0.0000000    10    12      0.000000+i*    -0.000000
  0.33333  0.00000  0.00000    -4.5946561    -0.8328566     0.0000039     9    11      0.000000+i*    -0.000000
  0.33333  0.00000  0.00000    -2.8335705    -0.8328566     0.0000079    10    11     -0.000001+i*     0.000000
  0.33333  0.00000  0.00000    -2.8335705     1.9685811     0.0001424    10    12      0.000016+i*    -0.000000
  0.00000  0.33333  0.00000    -5.1496778    -1.5869842     0.0000050     9    11      0.000000+i*    -0.000001
  0.00000  0.33333  0.00000    -3.1203342    -1.5869842     0.0000106    10    11      0.000001+i*     0.000000
  0.00000  0.33333  0.00000    -3.1203342     1.1932086     0.0003767    10    12     -0.000041+i*    -0.000006
  0.33333  0.33333  0.00000    -4.2052738    -0.0464668     0.0000027     9    11      0.000000+i*    -0.000000
  0.33333  0.33333  0.00000    -2.8912559    -0.0464668     6.3639604    10    11     -0.679310+i*    -0.196309
  0.33333  0.33333  0.00000    -2.8912559     2.6619915     0.0003060    10    12      0.000033+i*     0.000009
 -0.33333  0.33333  0.00000    -4.4620760    -0.0451223     0.0000023     9    11     -0.000000+i*    -0.000000
 -0.33333  0.33333  0.00000    -3.2688503    -0.0451223     0.0000887    10    11      0.000004+i*    -0.000009
 -0.33333  0.33333  0.00000    -3.2688503     2.6226298     0.0003697    10    12     -0.000015+i*     0.000038
 -0.33333 -0.00000 -0.00000    -4.5946561    -0.8328566     0.0000039     9    11      0.000000+i*    -0.000000
 -0.33333 -0.00000 -0.00000    -2.8335705    -0.8328566     0.0000079    10    11      0.000001+i*     0.000000
 -0.33333 -0.00000 -0.00000    -2.8335705     1.9685811     0.0001424    10    12     -0.000015+i*    -0.000004
 -0.00000 -0.33333 -0.00000    -5.1496778    -1.5869842     0.0000050     9    11      0.000000+i*    -0.000001
 -0.00000 -0.33333 -0.00000    -3.1203342    -1.5869842     0.0000106    10    11     -0.000001+i*    -0.000000
 -0.00000 -0.33333 -0.00000    -3.1203342     1.1932086     0.0003767    10    12      0.000041+i*     0.000006
  0.33333 -0.33333 -0.00000    -4.4620760    -0.0451223     0.0000023     9    11      0.000000+i*    -0.000000
  0.33333 -0.33333 -0.00000    -3.2688503    -0.0451223     0.0000887    10    11     -0.000001+i*    -0.000010
  0.33333 -0.33333 -0.00000    -3.2688503     2.6226298     0.0003697    10    12      0.000004+i*     0.000041
 -0.33333 -0.33333 -0.00000    -4.2052738    -0.0464668     0.0000027     9    11      0.000000+i*    -0.000000
 -0.33333 -0.33333 -0.00000    -2.8912559    -0.0464668     6.3639616    10    11      0.707107+i*    -0.000004
 -0.33333 -0.33333 -0.00000    -2.8912559     2.6619915     0.0003060    10    12     -0.000034+i*     0.000000
     7BSE eigenvalue    2.84488239      IP-eigenvalue:    2.84478904
  0.00000  0.00000  0.00000    -6.0785256    -2.3708546     0.0000000     9    11      0.000000+i*     0.000000
  0.00000  0.00000  0.00000    -4.1241113    -2.3708546     0.0004902    10    11     -0.000001+i*     0.000054
  0.00000  0.00000  0.00000    -4.1241113     0.4107230     0.0106018    10    12      0.000017+i*    -0.001178
  0.33333  0.00000  0.00000    -4.5946561    -0.8328566     0.0000000     9    11      0.000000+i*     0.000000
  0.33333  0.00000  0.00000    -2.8335705    -0.8328566     0.0006456    10    11      0.000072+i*    -0.000000
  0.33333  0.00000  0.00000    -2.8335705     1.9685811     0.0092796    10    12     -0.001031+i*     0.000005
  0.00000  0.33333  0.00000    -5.1496778    -1.5869842     0.0000005     9    11     -0.000000+i*     0.000000
  0.00000  0.33333  0.00000    -3.1203342    -1.5869842     0.0004319    10    11     -0.000048+i*    -0.000007
  0.00000  0.33333  0.00000    -3.1203342     1.1932086     0.0126406    10    12      0.001391+i*     0.000191
  0.33333  0.33333  0.00000    -4.2052738    -0.0464668     0.0000003     9    11     -0.000000+i*     0.000000
  0.33333  0.33333  0.00000    -2.8912559    -0.0464668     6.3639308    10    11      0.679306+i*     0.196314
  0.33333  0.33333  0.00000    -2.8912559     2.6619915     0.0069510    10    12     -0.000742+i*    -0.000214
 -0.33333  0.33333  0.00000    -4.4620760    -0.0451223     0.0000002     9    11      0.000000+i*     0.000000
 -0.33333  0.33333  0.00000    -3.2688503    -0.0451223     0.0016758    10    11     -0.000070+i*     0.000172
 -0.33333  0.33333  0.00000    -3.2688503     2.6226298     0.0062048    10    12      0.000252+i*    -0.000642
 -0.33333 -0.00000 -0.00000    -4.5946561    -0.8328566     0.0000000     9    11      0.000000+i*     0.000000
 -0.33333 -0.00000 -0.00000    -2.8335705    -0.8328566     0.0006456    10    11      0.000069+i*     0.000020
 -0.33333 -0.00000 -0.00000    -2.8335705     1.9685811     0.0092796    10    12     -0.000989+i*    -0.000291
 -0.00000 -0.33333 -0.00000    -5.1496778    -1.5869842     0.0000005     9    11      0.000000+i*    -0.000000
 -0.00000 -0.33333 -0.00000    -3.1203342    -1.5869842     0.0004319    10    11     -0.000047+i*    -0.000007
 -0.00000 -0.33333 -0.00000    -3.1203342     1.1932086     0.0126406    10    12      0.001390+i*     0.000203
  0.33333 -0.33333 -0.00000    -4.4620760    -0.0451223     0.0000002     9    11      0.000000+i*    -0.000000
  0.33333 -0.33333 -0.00000    -3.2688503    -0.0451223     0.0016758    10    11     -0.000020+i*    -0.000185
  0.33333 -0.33333 -0.00000    -3.2688503     2.6226298     0.0062048    10    12      0.000064+i*     0.000686
 -0.33333 -0.33333 -0.00000    -4.2052738    -0.0464668     0.0000003     9    11      0.000000+i*    -0.000000
 -0.33333 -0.33333 -0.00000    -2.8912559    -0.0464668     6.3639296    10    11      0.707103+i*     0.000002
 -0.33333 -0.33333 -0.00000    -2.8912559     2.6619915     0.0069510    10    12     -0.000772+i*     0.000000
     8BSE eigenvalue    3.22373573      IP-eigenvalue:    3.22372795
  0.00000  0.00000  0.00000    -6.0785256    -2.3708546     0.0000075     9    11      0.000000+i*    -0.000001
  0.00000  0.00000  0.00000    -4.1241113    -2.3708546     0.0000000    10    11      0.000000+i*    -0.000000
  0.00000  0.00000  0.00000    -4.1241113     0.4107230     0.0000000    10    12     -0.000000+i*    -0.000000
  0.33333  0.00000  0.00000    -4.5946561    -0.8328566     0.0000067     9    11      0.000000+i*    -0.000001
  0.33333  0.00000  0.00000    -2.8335705    -0.8328566     0.0000077    10    11     -0.000001+i*     0.000000
  0.33333  0.00000  0.00000    -2.8335705     1.9685811     0.0002517    10    12      0.000028+i*    -0.000000
  0.00000  0.33333  0.00000    -5.1496778    -1.5869842     0.0000106     9    11      0.000000+i*    -0.000001
  0.00000  0.33333  0.00000    -3.1203342    -1.5869842     0.0000121    10    11      0.000001+i*     0.000000
  0.00000  0.33333  0.00000    -3.1203342     1.1932086     0.0007433    10    12     -0.000082+i*    -0.000011
  0.33333  0.33333  0.00000    -4.2052738    -0.0464668     0.0000038     9    11      0.000000+i*    -0.000000
  0.33333  0.33333  0.00000    -2.8912559    -0.0464668     0.0000886    10    11     -0.000009+i*    -0.000003
  0.33333  0.33333  0.00000    -2.8912559     2.6619915     0.0005305    10    12      0.000057+i*     0.000016
 -0.33333  0.33333  0.00000    -4.4620760    -0.0451223     0.0000030     9    11     -0.000000+i*    -0.000000
 -0.33333  0.33333  0.00000    -3.2688503    -0.0451223     6.3639608    10    11     -0.267348+i*     0.654618
 -0.33333  0.33333  0.00000    -3.2688503     2.6226298     0.0006399    10    12     -0.000026+i*     0.000066
 -0.33333 -0.00000 -0.00000    -4.5946561    -0.8328566     0.0000067     9    11      0.000000+i*    -0.000001
 -0.33333 -0.00000 -0.00000    -2.8335705    -0.8328566     0.0000077    10    11      0.000001+i*     0.000000
 -0.33333 -0.00000 -0.00000    -2.8335705     1.9685811     0.0002517    10    12     -0.000027+i*    -0.000008
 -0.00000 -0.33333 -0.00000    -5.1496778    -1.5869842     0.0000106     9    11      0.000000+i*    -0.000001
 -0.00000 -0.33333 -0.00000    -3.1203342    -1.5869842     0.0000121    10    11     -0.000001+i*    -0.000000
 -0.00000 -0.33333 -0.00000    -3.1203342     1.1932086     0.0007433    10    12      0.000082+i*     0.000012
  0.33333 -0.33333 -0.00000    -4.4620760    -0.0451223     0.0000030     9    11      0.000000+i*    -0.000000
  0.33333 -0.33333 -0.00000    -3.2688503    -0.0451223     6.3639611    10    11      0.075091+i*     0.703108
  0.33333 -0.33333 -0.00000    -3.2688503     2.6226298     0.0006399    10    12      0.000007+i*     0.000071
 -0.33333 -0.33333 -0.00000    -4.2052738    -0.0464668     0.0000038     9    11      0.000000+i*    -0.000000
 -0.33333 -0.33333 -0.00000    -2.8912559    -0.0464668     0.0000886    10    11      0.000010+i*     0.000000
 -0.33333 -0.33333 -0.00000    -2.8912559     2.6619915     0.0005305    10    12     -0.000059+i*     0.000000
