                27                 8
     1BSE eigenvalue    0.59755255      IP-eigenvalue:    1.53335004
  0.00000  0.00000  0.00000    -6.0785256    -2.3708546     0.0000001     9    11     -0.000000+i*    -0.000000
  0.00000  0.00000  0.00000    -4.1241113    -2.3708546     0.6339188    10    11      0.000788+i*    -0.070431
  0.00000  0.00000  0.00000    -4.1241113     0.4107230     0.6073433    10    12      0.000972+i*    -0.067476
  0.33333  0.00000  0.00000    -4.5946561    -0.8328566     0.0000617     9    11     -0.000001+i*     0.000007
  0.33333  0.00000  0.00000    -2.8335705    -0.8328566     0.0445161    10    11     -0.004946+i*     0.000026
  0.33333  0.00000  0.00000    -2.8335705     1.9685811     0.1372985    10    12     -0.015255+i*     0.000082
  0.00000  0.33333  0.00000    -5.1496778    -1.5869842     0.0000293     9    11      0.000000+i*    -0.000003
  0.00000  0.33333  0.00000    -3.1203342    -1.5869842     6.1829708    10    11      0.680622+i*     0.093371
  0.00000  0.33333  0.00000    -3.1203342     1.1932086     1.3641786    10    12      0.150168+i*     0.020609
  0.33333  0.33333  0.00000    -4.2052738    -0.0464668     0.0000366     9    11     -0.000000+i*     0.000004
  0.33333  0.33333  0.00000    -2.8912559    -0.0464668     0.0120390    10    11     -0.001285+i*    -0.000371
  0.33333  0.33333  0.00000    -2.8912559     2.6619915     0.0351053    10    12     -0.003748+i*    -0.001081
 -0.33333  0.33333  0.00000    -4.4620760    -0.0451223     0.0000158     9    11      0.000000+i*     0.000002
 -0.33333  0.33333  0.00000    -3.2688503    -0.0451223     0.0109246    10    11     -0.000459+i*     0.001124
 -0.33333  0.33333  0.00000    -3.2688503     2.6226298     0.0468980    10    12      0.001902+i*    -0.004851
 -0.33333 -0.00000 -0.00000    -4.5946561    -0.8328566     0.0000617     9    11      0.000001+i*    -0.000007
 -0.33333 -0.00000 -0.00000    -2.8335705    -0.8328566     0.0445161    10    11     -0.004745+i*    -0.001396
 -0.33333 -0.00000 -0.00000    -2.8335705     1.9685811     0.1372985    10    12     -0.014635+i*    -0.004308
 -0.00000 -0.33333 -0.00000    -5.1496778    -1.5869842     0.0000293     9    11     -0.000000+i*     0.000003
 -0.00000 -0.33333 -0.00000    -3.1203342    -1.5869842     6.1829709    10    11      0.679828+i*     0.098990
 -0.00000 -0.33333 -0.00000    -3.1203342     1.1932086     1.3641786    10    12      0.149995+i*     0.021832
  0.33333 -0.33333 -0.00000    -4.4620760    -0.0451223     0.0000158     9    11      0.000001+i*    -0.000002
  0.33333 -0.33333 -0.00000    -3.2688503    -0.0451223     0.0109246    10    11     -0.000129+i*    -0.001207
  0.33333 -0.33333 -0.00000    -3.2688503     2.6226298     0.0468980    10    12      0.000482+i*     0.005189
 -0.33333 -0.33333 -0.00000    -4.2052738    -0.0464668     0.0000366     9    11      0.000001+i*    -0.000004
 -0.33333 -0.33333 -0.00000    -2.8912559    -0.0464668     0.0120390    10    11     -0.001338+i*     0.000000
 -0.33333 -0.33333 -0.00000    -2.8912559     2.6619915     0.0351053    10    12     -0.003901+i*     0.000000
     2BSE eigenvalue    0.60214728      IP-eigenvalue:    1.53335004
  0.00000  0.00000  0.00000    -6.0785256    -2.3708546     0.0003188     9    11     -0.000006+i*     0.000035
  0.00000  0.00000  0.00000    -4.1241113    -2.3708546     0.0000014    10    11     -0.000000+i*    -0.000000
  0.00000  0.00000  0.00000    -4.1241113     0.4107230     0.0000014    10    12      0.000000+i*     0.000000
  0.33333  0.00000  0.00000    -4.5946561    -0.8328566     0.0000066     9    11      0.000000+i*     0.000001
  0.33333  0.00000  0.00000    -2.8335705    -0.8328566     0.0017930    10    11      0.000199+i*    -0.000001
  0.33333  0.00000  0.00000    -2.8335705     1.9685811     0.0079653    10    12      0.000885+i*    -0.000006
  0.00000  0.33333  0.00000    -5.1496778    -1.5869842     0.0002221     9    11     -0.000003+i*     0.000024
  0.00000  0.33333  0.00000    -3.1203342    -1.5869842     6.2574680    10    11     -0.688797+i*    -0.094686
  0.00000  0.33333  0.00000    -3.1203342     1.1932086     1.1562678    10    12     -0.127276+i*    -0.017504
  0.33333  0.33333  0.00000    -4.2052738    -0.0464668     0.0000413     9    11     -0.000000+i*     0.000005
  0.33333  0.33333  0.00000    -2.8912559    -0.0464668     0.0149263    10    11      0.001593+i*     0.000461
  0.33333  0.33333  0.00000    -2.8912559     2.6619915     0.0723185    10    12      0.007719+i*     0.002232
 -0.33333  0.33333  0.00000    -4.4620760    -0.0451223     0.0000320     9    11      0.000001+i*     0.000003
 -0.33333  0.33333  0.00000    -3.2688503    -0.0451223     0.0092076    10    11      0.000387+i*    -0.000947
 -0.33333  0.33333  0.00000    -3.2688503     2.6226298     0.0391838    10    12     -0.001590+i*     0.004053
 -0.33333 -0.00000 -0.00000    -4.5946561    -0.8328566     0.0000066     9    11     -0.000000+i*     0.000001
 -0.33333 -0.00000 -0.00000    -2.8335705    -0.8328566     0.0017930    10    11     -0.000191+i*    -0.000057
 -0.33333 -0.00000 -0.00000    -2.8335705     1.9685811     0.0079653    10    12     -0.000848+i*    -0.000252
 -0.00000 -0.33333 -0.00000    -5.1496778    -1.5869842     0.0002221     9    11     -0.000003+i*     0.000024
 -0.00000 -0.33333 -0.00000    -3.1203342    -1.5869842     6.2574679    10    11      0.687991+i*     0.100373
 -0.00000 -0.33333 -0.00000    -3.1203342     1.1932086     1.1562678    10    12      0.127129+i*     0.018540
  0.33333 -0.33333 -0.00000    -4.4620760    -0.0451223     0.0000320     9    11     -0.000002+i*     0.000003
  0.33333 -0.33333 -0.00000    -3.2688503    -0.0451223     0.0092076    10    11     -0.000109+i*    -0.001017
  0.33333 -0.33333 -0.00000    -3.2688503     2.6226298     0.0391838    10    12      0.000401+i*     0.004335
 -0.33333 -0.33333 -0.00000    -4.2052738    -0.0464668     0.0000413     9    11     -0.000001+i*     0.000005
 -0.33333 -0.33333 -0.00000    -2.8912559    -0.0464668     0.0149263    10    11     -0.001658+i*     0.000000
 -0.33333 -0.33333 -0.00000    -2.8912559     2.6619915     0.0723185    10    12     -0.008035+i*     0.000000
     3BSE eigenvalue    0.81773713      IP-eigenvalue:    1.75325663
  0.00000  0.00000  0.00000    -6.0785256    -2.3708546     0.0000002     9    11      0.000000+i*     0.000000
  0.00000  0.00000  0.00000    -4.1241113    -2.3708546     8.5129549    10    11     -0.010750+i*     0.945823
  0.00000  0.00000  0.00000    -4.1241113     0.4107230     2.1675758    10    12     -0.003511+i*     0.240816
  0.33333  0.00000  0.00000    -4.5946561    -0.8328566     0.0000180     9    11      0.000000+i*    -0.000002
  0.33333  0.00000  0.00000    -2.8335705    -0.8328566     0.1643948    10    11      0.018266+i*    -0.000093
  0.33333  0.00000  0.00000    -2.8335705     1.9685811     0.3122146    10    12      0.034690+i*    -0.000176
  0.00000  0.33333  0.00000    -5.1496778    -1.5869842     0.0003042     9    11      0.000005+i*    -0.000033
  0.00000  0.33333  0.00000    -3.1203342    -1.5869842     0.7893695    10    11      0.086892+i*     0.011936
  0.00000  0.33333  0.00000    -3.1203342     1.1932086     1.0760873    10    12     -0.118452+i*    -0.016279
  0.33333  0.33333  0.00000    -4.2052738    -0.0464668     0.0000657     9    11      0.000001+i*    -0.000007
  0.33333  0.33333  0.00000    -2.8912559    -0.0464668     0.0122643    10    11      0.001309+i*     0.000378
  0.33333  0.33333  0.00000    -2.8912559     2.6619915     0.0696296    10    12      0.007433+i*     0.002148
 -0.33333  0.33333  0.00000    -4.4620760    -0.0451223     0.0000170     9    11      0.000001+i*     0.000002
 -0.33333  0.33333  0.00000    -3.2688503    -0.0451223     0.0099849    10    11      0.000420+i*    -0.001027
 -0.33333  0.33333  0.00000    -3.2688503     2.6226298     0.0702624    10    12     -0.002851+i*     0.007268
 -0.33333 -0.00000 -0.00000    -4.5946561    -0.8328566     0.0000180     9    11     -0.000000+i*     0.000002
 -0.33333 -0.00000 -0.00000    -2.8335705    -0.8328566     0.1643948    10    11      0.017522+i*     0.005159
 -0.33333 -0.00000 -0.00000    -2.8335705     1.9685811     0.3122146    10    12      0.033278+i*     0.009799
 -0.00000 -0.33333 -0.00000    -5.1496778    -1.5869842     0.0003042     9    11     -0.000005+i*     0.000033
 -0.00000 -0.33333 -0.00000    -3.1203342    -1.5869842     0.7893695    10    11      0.086790+i*     0.012653
 -0.00000 -0.33333 -0.00000    -3.1203342     1.1932086     1.0760873    10    12     -0.118316+i*    -0.017242
  0.33333 -0.33333 -0.00000    -4.4620760    -0.0451223     0.0000170     9    11      0.000001+i*    -0.000001
  0.33333 -0.33333 -0.00000    -3.2688503    -0.0451223     0.0099849    10    11      0.000118+i*     0.001103
  0.33333 -0.33333 -0.00000    -3.2688503     2.6226298     0.0702624    10    12     -0.000722+i*    -0.007773
 -0.33333 -0.33333 -0.00000    -4.2052738    -0.0464668     0.0000657     9    11     -0.000001+i*     0.000007
 -0.33333 -0.33333 -0.00000    -2.8912559    -0.0464668     0.0122643    10    11      0.001363+i*     0.000000
 -0.33333 -0.33333 -0.00000    -2.8912559     2.6619915     0.0696296    10    12      0.007737+i*     0.000000
     4BSE eigenvalue    0.95004147      IP-eigenvalue:    2.00071389
  0.00000  0.00000  0.00000    -6.0785256    -2.3708546     0.0000006     9    11      0.000000+i*     0.000000
  0.00000  0.00000  0.00000    -4.1241113    -2.3708546     2.5690923    10    11      0.003229+i*    -0.285436
  0.00000  0.00000  0.00000    -4.1241113     0.4107230     3.5309878    10    12     -0.005699+i*     0.392291
  0.33333  0.00000  0.00000    -4.5946561    -0.8328566     0.0001136     9    11      0.000002+i*    -0.000012
  0.33333  0.00000  0.00000    -2.8335705    -0.8328566     0.6410523    10    11      0.071227+i*    -0.000371
  0.33333  0.00000  0.00000    -2.8335705     1.9685811     0.9668241    10    12      0.107423+i*    -0.000557
  0.00000  0.33333  0.00000    -5.1496778    -1.5869842     0.0003246     9    11      0.000005+i*    -0.000036
  0.00000  0.33333  0.00000    -3.1203342    -1.5869842     1.2381501    10    11      0.136293+i*     0.018716
  0.00000  0.33333  0.00000    -3.1203342     1.1932086     5.2911472    10    12     -0.582435+i*    -0.080016
  0.33333  0.33333  0.00000    -4.2052738    -0.0464668     0.0001786     9    11      0.000002+i*    -0.000020
  0.33333  0.33333  0.00000    -2.8912559    -0.0464668     0.0286337    10    11      0.003057+i*     0.000882
  0.33333  0.33333  0.00000    -2.8912559     2.6619915     0.1923383    10    12      0.020532+i*     0.005930
 -0.33333  0.33333  0.00000    -4.4620760    -0.0451223     0.0000827     9    11     -0.000002+i*    -0.000009
 -0.33333  0.33333  0.00000    -3.2688503    -0.0451223     0.0270298    10    11      0.001136+i*    -0.002780
 -0.33333  0.33333  0.00000    -3.2688503     2.6226298     0.2290177    10    12     -0.009290+i*     0.023690
 -0.33333 -0.00000 -0.00000    -4.5946561    -0.8328566     0.0001136     9    11     -0.000001+i*     0.000013
 -0.33333 -0.00000 -0.00000    -2.8335705    -0.8328566     0.6410524    10    11      0.068327+i*     0.020121
 -0.33333 -0.00000 -0.00000    -2.8335705     1.9685811     0.9668241    10    12      0.103050+i*     0.030344
 -0.00000 -0.33333 -0.00000    -5.1496778    -1.5869842     0.0003246     9    11     -0.000005+i*     0.000036
 -0.00000 -0.33333 -0.00000    -3.1203342    -1.5869842     1.2381501    10    11      0.136134+i*     0.019839
 -0.00000 -0.33333 -0.00000    -3.1203342     1.1932086     5.2911472    10    12     -0.581765+i*    -0.084746
  0.33333 -0.33333 -0.00000    -4.4620760    -0.0451223     0.0000827     9    11     -0.000004+i*     0.000008
  0.33333 -0.33333 -0.00000    -3.2688503    -0.0451223     0.0270298    10    11      0.000320+i*     0.002986
  0.33333 -0.33333 -0.00000    -3.2688503     2.6226298     0.2290177    10    12     -0.002352+i*    -0.025337
 -0.33333 -0.33333 -0.00000    -4.2052738    -0.0464668     0.0001786     9    11     -0.000004+i*     0.000020
 -0.33333 -0.33333 -0.00000    -2.8912559    -0.0464668     0.0286337    10    11      0.003182+i*     0.000001
 -0.33333 -0.33333 -0.00000    -2.8912559     2.6619915     0.1923383    10    12      0.021371+i*     0.000000
     5BSE eigenvalue    1.03878110      IP-eigenvalue:    2.00071389
  0.00000  0.00000  0.00000    -6.0785256    -2.3708546     0.0002512     9    11      0.000004+i*    -0.000028
  0.00000  0.00000  0.00000    -4.1241113    -2.3708546     0.0000045    10    11     -0.000001+i*    -0.000000
  0.00000  0.00000  0.00000    -4.1241113     0.4107230     0.0000309    10    12      0.000003+i*     0.000000
  0.33333  0.00000  0.00000    -4.5946561    -0.8328566     0.0000793     9    11      0.000001+i*    -0.000009
  0.33333  0.00000  0.00000    -2.8335705    -0.8328566     0.2933821    10    11     -0.032597+i*     0.000200
  0.33333  0.00000  0.00000    -2.8335705     1.9685811     0.1503914    10    12     -0.016710+i*     0.000101
  0.00000  0.33333  0.00000    -5.1496778    -1.5869842     0.0004209     9    11      0.000006+i*    -0.000046
  0.00000  0.33333  0.00000    -3.1203342    -1.5869842     1.1579258    10    11     -0.127460+i*    -0.017517
  0.00000  0.33333  0.00000    -3.1203342     1.1932086     6.2271703    10    12      0.685459+i*     0.094245
  0.33333  0.33333  0.00000    -4.2052738    -0.0464668     0.0002018     9    11      0.000002+i*    -0.000022
  0.33333  0.33333  0.00000    -2.8912559    -0.0464668     0.0628976    10    11     -0.006714+i*    -0.001941
  0.33333  0.33333  0.00000    -2.8912559     2.6619915     0.4687321    10    12     -0.050033+i*    -0.014462
 -0.33333  0.33333  0.00000    -4.4620760    -0.0451223     0.0001521     9    11     -0.000004+i*    -0.000016
 -0.33333  0.33333  0.00000    -3.2688503    -0.0451223     0.0210980    10    11     -0.000886+i*     0.002170
 -0.33333  0.33333  0.00000    -3.2688503     2.6226298     0.2208062    10    12      0.008957+i*    -0.022841
 -0.33333 -0.00000 -0.00000    -4.5946561    -0.8328566     0.0000793     9    11      0.000002+i*    -0.000009
 -0.33333 -0.00000 -0.00000    -2.8335705    -0.8328566     0.2933821    10    11      0.031260+i*     0.009244
 -0.33333 -0.00000 -0.00000    -2.8335705     1.9685811     0.1503914    10    12      0.016025+i*     0.004737
 -0.00000 -0.33333 -0.00000    -5.1496778    -1.5869842     0.0004209     9    11      0.000007+i*    -0.000046
 -0.00000 -0.33333 -0.00000    -3.1203342    -1.5869842     1.1579258    10    11      0.127312+i*     0.018565
 -0.00000 -0.33333 -0.00000    -3.1203342     1.1932086     6.2271703    10    12     -0.684672+i*    -0.099801
  0.33333 -0.33333 -0.00000    -4.4620760    -0.0451223     0.0001521     9    11      0.000009+i*    -0.000014
  0.33333 -0.33333 -0.00000    -3.2688503    -0.0451223     0.0210980    10    11      0.000249+i*     0.002331
  0.33333 -0.33333 -0.00000    -3.2688503     2.6226298     0.2208062    10    12     -0.002262+i*    -0.024430
 -0.33333 -0.33333 -0.00000    -4.2052738    -0.0464668     0.0002018     9    11      0.000004+i*    -0.000022
 -0.33333 -0.33333 -0.00000    -2.8912559    -0.0464668     0.0628976    10    11      0.006989+i*    -0.000000
 -0.33333 -0.33333 -0.00000    -2.8912559     2.6619915     0.4687321    10    12      0.052081+i*     0.000000
     6BSE eigenvalue    1.06893031      IP-eigenvalue:    2.84478904
  0.00000  0.00000  0.00000    -6.0785256    -2.3708546     0.0000040     9    11      0.000000+i*    -0.000000
  0.00000  0.00000  0.00000    -4.1241113    -2.3708546     0.0000330    10    11     -0.000004+i*    -0.000000
  0.00000  0.00000  0.00000    -4.1241113     0.4107230     0.0000719    10    12      0.000008+i*     0.000000
  0.33333  0.00000  0.00000    -4.5946561    -0.8328566     0.0000029     9    11      0.000000+i*    -0.000000
  0.33333  0.00000  0.00000    -2.8335705    -0.8328566     6.2375832    10    11      0.693055+i*    -0.003632
  0.33333  0.00000  0.00000    -2.8335705     1.9685811     1.2010793    10    12      0.133451+i*    -0.000699
  0.00000  0.33333  0.00000    -5.1496778    -1.5869842     0.0000643     9    11     -0.000000+i*     0.000007
  0.00000  0.33333  0.00000    -3.1203342    -1.5869842     0.0547756    10    11     -0.006030+i*    -0.000828
  0.00000  0.33333  0.00000    -3.1203342     1.1932086     0.3199582    10    12      0.035220+i*     0.004836
  0.33333  0.33333  0.00000    -4.2052738    -0.0464668     0.0001542     9    11      0.000002+i*    -0.000017
  0.33333  0.33333  0.00000    -2.8912559    -0.0464668     0.0757678    10    11      0.008088+i*     0.002335
  0.33333  0.33333  0.00000    -2.8912559     2.6619915     0.1462002    10    12      0.015607+i*     0.004505
 -0.33333  0.33333  0.00000    -4.4620760    -0.0451223     0.0001102     9    11      0.000003+i*     0.000012
 -0.33333  0.33333  0.00000    -3.2688503    -0.0451223     0.0502179    10    11     -0.002109+i*     0.005166
 -0.33333  0.33333  0.00000    -3.2688503     2.6226298     0.1222830    10    12      0.004959+i*    -0.012650
 -0.33333 -0.00000 -0.00000    -4.5946561    -0.8328566     0.0000029     9    11      0.000000+i*    -0.000000
 -0.33333 -0.00000 -0.00000    -2.8335705    -0.8328566     6.2375832    10    11     -0.664859+i*    -0.195708
 -0.33333 -0.00000 -0.00000    -2.8335705     1.9685811     1.2010793    10    12     -0.128022+i*    -0.037685
 -0.00000 -0.33333 -0.00000    -5.1496778    -1.5869842     0.0000643     9    11     -0.000002+i*     0.000007
 -0.00000 -0.33333 -0.00000    -3.1203342    -1.5869842     0.0547756    10    11      0.006023+i*     0.000877
 -0.00000 -0.33333 -0.00000    -3.1203342     1.1932086     0.3199582    10    12     -0.035180+i*    -0.005122
  0.33333 -0.33333 -0.00000    -4.4620760    -0.0451223     0.0001102     9    11     -0.000006+i*     0.000010
  0.33333 -0.33333 -0.00000    -3.2688503    -0.0451223     0.0502179    10    11      0.000594+i*     0.005548
  0.33333 -0.33333 -0.00000    -3.2688503     2.6226298     0.1222830    10    12     -0.001256+i*    -0.013529
 -0.33333 -0.33333 -0.00000    -4.2052738    -0.0464668     0.0001542     9    11      0.000002+i*    -0.000017
 -0.33333 -0.33333 -0.00000    -2.8912559    -0.0464668     0.0757678    10    11     -0.008419+i*     0.000000
 -0.33333 -0.33333 -0.00000    -2.8912559     2.6619915     0.1462002    10    12     -0.016244+i*     0.000000
     7BSE eigenvalue    1.07222341      IP-eigenvalue:    2.84478904
  0.00000  0.00000  0.00000    -6.0785256    -2.3708546     0.0000002     9    11     -0.000000+i*    -0.000000
  0.00000  0.00000  0.00000    -4.1241113    -2.3708546     0.0240837    10    11     -0.000029+i*     0.002676
  0.00000  0.00000  0.00000    -4.1241113     0.4107230     0.2042895    10    12     -0.000319+i*     0.022697
  0.33333  0.00000  0.00000    -4.5946561    -0.8328566     0.0000214     9    11      0.000000+i*    -0.000002
  0.33333  0.00000  0.00000    -2.8335705    -0.8328566     6.2291634    10    11     -0.692118+i*     0.003895
  0.33333  0.00000  0.00000    -2.8335705     1.9685811     0.9696578    10    12     -0.107738+i*     0.000607
  0.00000  0.33333  0.00000    -5.1496778    -1.5869842     0.0000688     9    11      0.000001+i*    -0.000008
  0.00000  0.33333  0.00000    -3.1203342    -1.5869842     0.1301266    10    11      0.014324+i*     0.001967
  0.00000  0.33333  0.00000    -3.1203342     1.1932086     0.8427969    10    12     -0.092773+i*    -0.012740
  0.33333  0.33333  0.00000    -4.2052738    -0.0464668     0.0001098     9    11     -0.000002+i*     0.000012
  0.33333  0.33333  0.00000    -2.8912559    -0.0464668     0.0625199    10    11     -0.006675+i*    -0.001924
  0.33333  0.33333  0.00000    -2.8912559     2.6619915     0.0475485    10    12     -0.005077+i*    -0.001461
 -0.33333  0.33333  0.00000    -4.4620760    -0.0451223     0.0001128     9    11      0.000003+i*     0.000012
 -0.33333  0.33333  0.00000    -3.2688503    -0.0451223     0.0407078    10    11     -0.001708+i*     0.004188
 -0.33333  0.33333  0.00000    -3.2688503     2.6226298     0.0326153    10    12      0.001320+i*    -0.003375
 -0.33333 -0.00000 -0.00000    -4.5946561    -0.8328566     0.0000214     9    11     -0.000000+i*     0.000002
 -0.33333 -0.00000 -0.00000    -2.8335705    -0.8328566     6.2291634    10    11     -0.664036+i*    -0.195190
 -0.33333 -0.00000 -0.00000    -2.8335705     1.9685811     0.9696578    10    12     -0.103367+i*    -0.030385
 -0.00000 -0.33333 -0.00000    -5.1496778    -1.5869842     0.0000688     9    11     -0.000002+i*     0.000007
 -0.00000 -0.33333 -0.00000    -3.1203342    -1.5869842     0.1301266    10    11      0.014309+i*     0.002072
 -0.00000 -0.33333 -0.00000    -3.1203342     1.1932086     0.8427969    10    12     -0.092678+i*    -0.013420
  0.33333 -0.33333 -0.00000    -4.4620760    -0.0451223     0.0001128     9    11      0.000007+i*    -0.000011
  0.33333 -0.33333 -0.00000    -3.2688503    -0.0451223     0.0407078    10    11     -0.000483+i*    -0.004497
  0.33333 -0.33333 -0.00000    -3.2688503     2.6226298     0.0326153    10    12      0.000335+i*     0.003608
 -0.33333 -0.33333 -0.00000    -4.2052738    -0.0464668     0.0001098     9    11      0.000002+i*    -0.000012
 -0.33333 -0.33333 -0.00000    -2.8912559    -0.0464668     0.0625199    10    11     -0.006947+i*     0.000003
 -0.33333 -0.33333 -0.00000    -2.8912559     2.6619915     0.0475485    10    12     -0.005283+i*     0.000000
     8BSE eigenvalue    1.30876853      IP-eigenvalue:    3.22372795
  0.00000  0.00000  0.00000    -6.0785256    -2.3708546     0.0000004     9    11      0.000000+i*     0.000000
  0.00000  0.00000  0.00000    -4.1241113    -2.3708546     1.2138893    10    11      0.001559+i*    -0.134868
  0.00000  0.00000  0.00000    -4.1241113     0.4107230     7.5954732    10    12     -0.012468+i*     0.843849
  0.33333  0.00000  0.00000    -4.5946561    -0.8328566     0.0000863     9    11     -0.000002+i*     0.000009
  0.33333  0.00000  0.00000    -2.8335705    -0.8328566     0.4949829    10    11     -0.054997+i*     0.000260
  0.33333  0.00000  0.00000    -2.8335705     1.9685811     1.3390770    10    12      0.148785+i*    -0.000705
  0.00000  0.33333  0.00000    -5.1496778    -1.5869842     0.0000536     9    11     -0.000001+i*     0.000006
  0.00000  0.33333  0.00000    -3.1203342    -1.5869842     0.3125080    10    11     -0.034399+i*    -0.004733
  0.00000  0.33333  0.00000    -3.1203342     1.1932086     2.9534441    10    12      0.325095+i*     0.044746
  0.33333  0.33333  0.00000    -4.2052738    -0.0464668     0.0000133     9    11      0.000001+i*    -0.000001
  0.33333  0.33333  0.00000    -2.8912559    -0.0464668     0.0329666    10    11      0.003518+i*     0.001019
  0.33333  0.33333  0.00000    -2.8912559     2.6619915     0.2134018    10    12      0.022777+i*     0.006591
 -0.33333  0.33333  0.00000    -4.4620760    -0.0451223     0.0000888     9    11      0.000004+i*     0.000009
 -0.33333  0.33333  0.00000    -3.2688503    -0.0451223     0.0114836    10    11      0.000484+i*    -0.001181
 -0.33333  0.33333  0.00000    -3.2688503     2.6226298     0.1106441    10    12     -0.004494+i*     0.011443
 -0.33333 -0.00000 -0.00000    -4.5946561    -0.8328566     0.0000863     9    11      0.000001+i*    -0.000010
 -0.33333 -0.00000 -0.00000    -2.8335705    -0.8328566     0.4949829    10    11     -0.052758+i*    -0.015537
 -0.33333 -0.00000 -0.00000    -2.8335705     1.9685811     1.3390770    10    12      0.142725+i*     0.042034
 -0.00000 -0.33333 -0.00000    -5.1496778    -1.5869842     0.0000536     9    11      0.000001+i*    -0.000006
 -0.00000 -0.33333 -0.00000    -3.1203342    -1.5869842     0.3125080    10    11     -0.034359+i*    -0.005016
 -0.00000 -0.33333 -0.00000    -3.1203342     1.1932086     2.9534441    10    12      0.324722+i*     0.047383
  0.33333 -0.33333 -0.00000    -4.4620760    -0.0451223     0.0000888     9    11      0.000006+i*    -0.000008
  0.33333 -0.33333 -0.00000    -3.2688503    -0.0451223     0.0114836    10    11      0.000136+i*     0.001269
  0.33333 -0.33333 -0.00000    -3.2688503     2.6226298     0.1106441    10    12     -0.001136+i*    -0.012241
 -0.33333 -0.33333 -0.00000    -4.2052738    -0.0464668     0.0000133     9    11      0.000000+i*     0.000001
 -0.33333 -0.33333 -0.00000    -2.8912559    -0.0464668     0.0329666    10    11      0.003663+i*    -0.000001
 -0.33333 -0.33333 -0.00000    -2.8912559     2.6619915     0.2134018    10    12      0.023711+i*     0.000000
