# AMAT exchange matrix
# mode qext_both
# implementation full_grid_only
# response_basis TODO
# shape 28 28
# q_ext 0.000000000000 0.333333333333 0.000000000000
# vasp_storage 0
# i j real imag
     1      1  3.5724767346338040e+00 -8.4240367765565593e-11
     1      2 -7.2940873313091790e-06 -1.1032058851722977e-06
     1      3  3.0575861911618132e-05  4.6286878205701342e-06
     1      4  8.8697695283128310e-04  1.5177066663158321e-03
     1      5 -6.4570085460735475e-06  2.6020349676619623e-06
     1      6  3.1008786679010269e-05 -1.2493492400921729e-05
     1      7  8.3371017673588933e-07 -1.3828089188738732e-06
     1      8  9.6815122425301464e-05  5.8948792118760963e-05
     1      9 -1.0932583308523863e-04 -6.6574447403595159e-05
     1     10  4.1477553381811406e-05 -1.9460346356429811e-05
     1     11 -5.6496599277439959e-06 -8.6360231832931318e-06
     1     12 -1.8876255305890106e-04 -2.7988416277194598e-04
     1     13  5.9632390333547264e-05 -1.9051152805166096e-06
     1     14 -3.0693572776152766e-05  2.5093572128029396e-05
     1     15 -5.3210270479648019e-04  4.3543126639066475e-04
     1     16 -1.3941807944164828e-03  1.0800497366865523e-03
     1     17 -3.9935765549057006e-06 -3.8403246830495745e-06
     1     18 -2.8256300095505044e-05 -2.7950007145577527e-05
     1     19  4.7714107835008400e-03  6.6900320593248049e-03
     1     20 -3.2243690539678786e-05  2.3201941508741210e-05
     1     21  9.2493148339218385e-04  1.2880747589361767e-03
     1     22 -5.8974605256199972e-05  4.2722173295203940e-05
     1     23 -2.2313757277410184e-04  4.0244890425268913e-04
     1     24 -1.2870092501229299e-05  6.4686078834506894e-06
     1     25  2.3565194538866555e-05 -7.6109228961590883e-06
     1     26  2.4188751606203646e-04  4.1406217881515196e-04
     1     27 -2.0333483095517698e-06  8.3128412258910272e-07
     1     28  6.0088782151270147e-05 -2.4562152458408091e-05
     2      1 -7.2940873313091790e-06  1.1032058851722977e-06
     2      2  1.6205672972816365e+00 -7.6150098571688363e-11
     2      3 -7.8674962455272363e-02  4.5081408981606161e-06
     2      4  5.0475124144042091e-06  6.2531248568957702e-06
     2      5 -1.4401271782905727e-03  8.5018963650181111e-04
     2      6 -1.4708014052424482e-03  8.6830472654344723e-04
     2      7  5.3772072446615960e-05 -1.2989620188922710e-04
     2      8 -5.5315472168089856e-06 -2.3171193916780515e-06
     2      9 -2.5888556335988176e-05 -1.0846673333893415e-05
     2     10  3.2113943706076597e-05 -2.1451900230647011e-05
     2     11  5.9562664027795811e-06  6.6616651765823538e-06
     2     12 -1.0849991406490400e-04 -1.1797424744980409e-04
     2     13 -1.4726112021514644e-05  2.7209449222435065e-06
     2     14 -2.9105451000176251e-06  3.2740222060391471e-06
     2     15 -8.7299431629450666e-05  9.3984597729454528e-05
     2     16 -6.3691057391350216e-06  6.6817339617341418e-06
     2     17 -1.3687341729906224e-03 -9.6813993172138670e-04
     2     18  1.3576432057972739e-03  9.8917736700805973e-04
     2     19  3.3721602612400550e-05  3.4792151361291903e-05
     2     20  5.5392248988586842e-03 -5.4141170646798947e-03
     2     21  2.8035905610438323e-04  2.8740430047279687e-04
     2     22  2.1958360243121344e-03 -2.1600855264967802e-03
     2     23 -7.3128667734204836e-07 -4.1746828242982216e-07
     2     24 -4.0098540470687914e-04  2.5285818723901093e-04
     2     25 -5.9189446434133809e-04  3.7247448574088764e-04
     2     26  7.1671490966396790e-06  8.8821089487835994e-06
     2     27 -4.2264899109493542e-04  2.5237729727058730e-04
     2     28 -6.1545634847792470e-04  3.6750730264329578e-04
     3      1  3.0575861911618132e-05 -4.6286878205701342e-06
     3      2 -7.8674962455272363e-02 -4.5081408981606161e-06
     3      3  2.0258012470202491e+00  2.1208534947115256e-12
     3      4 -1.4203396164971653e-05 -1.7594242557418227e-05
     3      5 -1.5430110180498096e-03  9.1080734847609783e-04
     3      6 -4.6297657643116268e-02  2.7328820466055125e-02
     3      7  1.5394331002551088e-04 -3.7181648513790085e-04
     3      8  3.7652331992946153e-05  1.5774505690652013e-05
     3      9 -6.5678954307938950e-05 -2.7578852419047514e-05
     3     10  1.6616369774570346e-04 -1.1098223801857139e-04
     3     11  6.8745865989636019e-05  7.6899382503571104e-05
     3     12 -9.7847787054447435e-04 -1.0641295333311093e-03
     3     13 -2.4299993210050711e-04  4.5265884019563282e-05
     3     14 -4.0912553404601594e-05  4.2496085966863193e-05
     3     15 -7.9594132422707519e-04  7.7220518339053495e-04
     3     16  2.6778871103249954e-06 -2.8103357807517779e-06
     3     17 -1.5540936358866093e-03 -1.0993821943726166e-03
     3     18  4.2855831651977531e-02  3.1228404661727330e-02
     3     19 -2.1554659365883402e-06 -2.2239422166657669e-06
     3     20  2.1197112519670538e-03 -2.0715988774067605e-03
     3     21  1.3692618329728195e-03  1.4038568396176022e-03
     3     22  6.9875891323962908e-02 -6.8730423648381514e-02
     3     23  1.5408588809816336e-05 -4.9587668069474956e-05
     3     24 -5.7899009332313615e-04  3.6433763170964451e-04
     3     25 -1.5691913740456840e-02  9.8806673808712071e-03
     3     26 -7.4761339941114727e-06 -9.2677642727074830e-06
     3     27 -6.0105390556888598e-04  3.5886306363924373e-04
     3     28 -1.6569443939365928e-02  9.8928687284377710e-03
     4      1  8.8697695283128310e-04 -1.5177066663158321e-03
     4      2  5.0475124144042091e-06 -6.2531248568957702e-06
     4      3 -1.4203396164971653e-05  1.7594242557418227e-05
     4      4  3.6289671496888025e+00 -8.4172372773640770e-11
     4      5  1.1065583214731958e-06 -7.5418093657453089e-06
     4      6 -3.6422673456898015e-06  2.4785801258193838e-05
     4      7  2.7472486145013850e-05  5.0560555704754494e-05
     4      8  3.5585886341569210e-05 -1.9194762289143943e-05
     4      9  6.3958156706323780e-04 -3.4533356397952391e-04
     4     10 -2.0394699689184489e-07  2.2588160301180351e-06
     4     11  1.1560831070378048e-04 -5.8358587151889846e-06
     4     12  9.3200158133725124e-05 -6.0151557523062304e-06
     4     13 -2.7351152277832182e-05  5.0633431593064694e-05
     4     14 -4.5447739981687036e-06 -2.8740140552284166e-05
     4     15 -7.9976858529789152e-05 -5.0577395346941285e-04
     4     16  9.1584625686145235e-06  6.9928393305578696e-05
     4     17  5.8933120398345732e-06 -1.6696365072593052e-06
     4     18  3.0617199718053349e-05 -8.2087385347114087e-06
     4     19 -4.8185757256078587e-04  4.3802281874702119e-05
     4     20  2.9047422309330550e-07  3.0534045772024801e-06
     4     21  7.8953872692319536e-04 -7.4330706238361197e-05
     4     22 -5.1337635588599494e-06 -5.2205123731224145e-05
     4     23 -4.0220310280828109e-03 -6.7798852538149814e-03
     4     24 -4.4074082244766226e-06  3.7609719879357505e-05
     4     25 -8.1326966814975592e-06  6.9362514768130985e-05
     4     26  1.2078266061401394e-04  2.9022118998225352e-08
     4     27  1.1568943666773538e-06 -8.0963223857205668e-06
     4     28 -4.3123271393404027e-06  2.8001662411371159e-05
     5      1 -6.4570085460735475e-06 -2.6020349676619623e-06
     5      2 -1.4401271782905727e-03 -8.5018963650181111e-04
     5      3 -1.5430110180498096e-03 -9.1080734847609783e-04
     5      4  1.1065583214731958e-06  7.5418093657453089e-06
     5      5  1.8701724366304426e+00 -7.5837311738274670e-11
     5      6 -8.1683679764202127e-02  3.1477419733881380e-07
     5      7 -1.1731368651559144e-05  8.8078398255978491e-06
     5      8 -2.5394508509136667e-06 -3.3001483510573938e-06
     5      9 -7.3867417630771182e-05 -1.0210934152459751e-04
     5     10  1.4521677144509052e-04 -8.0856589212931487e-06
     5     11  1.7936034571147831e-06  9.0212106485948100e-06
     5     12 -9.7136623592695134e-06 -4.5497457690433345e-05
     5     13 -4.5807739002267516e-06 -1.6693832820656200e-06
     5     14 -8.1827427212906745e-06  2.5551645420764600e-06
     5     15 -2.1773777457729818e-04  6.7988567113978540e-05
     5     16 -8.5083644003563444e-06  2.4102277511180055e-06
     5     17 -4.6393334677383308e-06 -1.0336643470670077e-05
     5     18 -1.2834370428974225e-04 -2.9705327237529753e-04
     5     19  2.5682973480168790e-06  1.0657579682723875e-05
     5     20  4.8197456161350817e-04 -1.1829345911931852e-04
     5     21  8.9880381040265069e-05  3.6777677971790835e-04
     5     22  7.3694825190802761e-04 -1.8338784378331573e-04
     5     23 -3.7144639452189755e-05  3.0113464652369845e-05
     5     24 -7.3825199574201732e-03  2.1518135630275152e-04
     5     25 -2.9876712480462965e-03  8.7083437718518406e-05
     5     26  9.3297839342129955e-07  6.3375141355720149e-06
     5     27  3.4217486490116496e-05 -1.9735026683210472e-07
     5     28  1.1167424472221291e-03 -6.2477891660769585e-06
     6      1  3.1008786679010269e-05  1.2493492400921729e-05
     6      2 -1.4708014052424482e-03 -8.6830472654344723e-04
     6      3 -4.6297657643116268e-02 -2.7328820466055125e-02
     6      4 -3.6422673456898015e-06 -2.4785801258193838e-05
     6      5 -8.1683679764202127e-02 -3.1477419733881380e-07
     6      6  2.2047626038359796e+00  1.2395524105772630e-12
     6      7 -1.5179798226174160e-04  1.1451789409509000e-04
     6      8 -3.1626146505031310e-05 -4.5289928979062302e-05
     6      9 -5.9751012713615554e-04 -9.2141760419996816e-04
     6     10  4.5433801356805758e-04 -2.5295456398676675e-05
     6     11  3.4916645669261540e-07  1.7689147449243241e-06
     6     12 -4.9253889611950916e-05 -2.3102825997639768e-04
     6     13 -5.1355303570937423e-05 -1.8716540984026553e-05
     6     14 -1.5125862755369535e-04  4.7230741699496119e-05
     6     15 -2.0020161384399233e-03  6.2504434263340695e-04
     6     16  5.5735032412214740e-06 -1.5802110432249983e-06
     6     17  1.4653189746239876e-04  3.2648762166048110e-04
     6     18 -5.8428284316614102e-03 -1.3523337137951371e-02
     6     19 -3.9109445004059390e-06 -1.6229523414981696e-05
     6     20  6.8353359263873090e-04 -1.6776058517018036e-04
     6     21  4.2721142264100210e-04  1.7481737766471426e-03
     6     22  1.9255268238829292e-02 -4.7915209570046852e-03
     6     23  1.3576668484442617e-08 -9.1873628996726545e-09
     6     24 -2.7583617987846248e-03  8.0387881016549998e-05
     6     25 -9.0213024315433377e-02  2.6291080434479733e-03
     6     26 -6.5577262605754698e-06 -4.1150523630348626e-05
     6     27  1.0242145945950733e-03 -5.7750639877247924e-06
     6     28  4.2443816366182802e-02 -2.2127450107154876e-04
     7      1  8.3371017673588933e-07  1.3828089188738732e-06
     7      2  5.3772072446615960e-05  1.2989620188922710e-04
     7      3  1.5394331002551088e-04  3.7181648513790085e-04
     7      4  2.7472486145013850e-05 -5.0560555704754494e-05
     7      5 -1.1731368651559144e-05 -8.8078398255978491e-06
     7      6 -1.5179798226174160e-04 -1.1451789409509000e-04
     7      7  2.6438840886709039e+00 -8.4083949697140951e-11
     7      8 -5.7792601037588101e-08  1.3938605498043019e-05
     7      9 -2.3984110923657235e-08  6.4955760165649358e-06
     7     10 -1.4207389552295671e-03 -9.5001092816906607e-04
     7     11 -9.7218762198111267e-06  2.0189775525047609e-05
     7     12 -1.5720405013422145e-05  3.3863751864238387e-05
     7     13 -9.1122304762985000e-04 -1.4020119169178395e-03
     7     14 -2.4451738479267687e-05 -8.7141563678626685e-06
     7     15  2.6219932302851000e-05  9.3406268443300764e-06
     7     16  2.8897640910130412e-05  1.1174089030756492e-05
     7     17 -8.4153986852766479e-06  3.7085291025073027e-05
     7     18  4.3712599222790268e-05 -1.8083681788471287e-04
     7     19 -3.3571253409835913e-04  7.7551818860660559e-04
     7     20 -3.7775138751674282e-03 -1.6164480353937187e-03
     7     21  2.5825372930715222e-04 -6.0187103112271370e-04
     7     22 -1.4417716264217596e-03 -6.1147669552160701e-04
     7     23 -3.5169178269393078e-05  1.2753125710245879e-06
     7     24  2.2569145928284052e-04  1.5972149149627303e-04
     7     25  3.9629456622709022e-04  2.8045654183172342e-04
     7     26 -1.2969480802675958e-05  2.4969404293165397e-05
     7     27  2.2306878858684764e-04  1.6621844539445213e-04
     7     28  3.9694475411605458e-04  2.9456132159552846e-04
     8      1  9.6815122425301464e-05 -5.8948792118760963e-05
     8      2 -5.5315472168089856e-06  2.3171193916780515e-06
     8      3  3.7652331992946153e-05 -1.5774505690652013e-05
     8      4  3.5585886341569210e-05  1.9194762289143943e-05
     8      5 -2.5394508509136667e-06  3.3001483510573938e-06
     8      6 -3.1626146505031310e-05  4.5289928979062302e-05
     8      7 -5.7792601037588101e-08 -1.3938605498043019e-05
     8      8  6.1645451778394955e-01 -7.5170881871961556e-11
     8      9 -7.7896079476078295e-02 -4.4627347694610577e-06
     8     10 -1.9401354050574482e-05  2.9280151530361884e-05
     8     11  1.4989127878219997e-03  7.1401401518837303e-04
     8     12 -8.5454823719014839e-04 -3.9244489623520284e-04
     8     13 -2.6169164415733489e-05  1.7165355118608990e-05
     8     14 -5.3966602283588537e-04  1.5346274847300202e-03
     8     15 -3.0537435057503181e-04  8.6837582556109931e-04
     8     16  5.1872786279676462e-06 -1.3584956814379962e-05
     8     17 -7.7642573065879004e-06 -1.7275629595319938e-06
     8     18  8.4099909643611299e-05  1.9954744598502084e-05
     8     19 -3.7516591657981873e-03 -1.6053843375946116e-03
     8     20  6.5937590827908302e-05 -1.5590827806558847e-04
     8     21 -1.3000620638921601e-03 -5.5137496746346024e-04
     8     22  5.7366874761419285e-05 -1.3686553972684309e-04
     8     23 -1.0287774553981806e-05 -2.5427198781741292e-04
     8     24 -1.6299032365543325e-05  2.3237963530187424e-05
     8     25 -9.4322526350321749e-05  1.3447801183087398e-04
     8     26 -2.2155836246707064e-04 -1.1979612917263563e-04
     8     27 -2.4411772404316865e-05  3.3159257357636808e-05
     8     28 -1.4959006489706844e-04  2.0115861413158505e-04
     9      1 -1.0932583308523863e-04  6.6574447403595159e-05
     9      2 -2.5888556335988176e-05  1.0846673333893415e-05
     9      3 -6.5678954307938950e-05  2.7578852419047514e-05
     9      4  6.3958156706323780e-04  3.4533356397952391e-04
     9      5 -7.3867417630771182e-05  1.0210934152459751e-04
     9      6 -5.9751012713615554e-04  9.2141760419996816e-04
     9      7 -2.3984110923657235e-08 -6.4955760165649358e-06
     9      8 -7.7896079476078295e-02  4.4627347694610577e-06
     9      9  1.0491588025884457e+00 -2.5034100603156762e-13
     9     10 -4.0887008683825702e-05  6.1717814998532358e-05
     9     11  9.6346227647276341e-04  4.5888303830434097e-04
     9     12 -2.4254723009152396e-02 -1.1137196079042195e-02
     9     13 -2.6387530643342343e-05  1.7314712691497977e-05
     9     14 -3.2172474422632028e-04  9.1504579073293602e-04
     9     15 -8.4627199783783615e-03  2.4069230798386101e-02
     9     16 -1.1673476773886326e-04  3.0576095661053094e-04
     9     17 -1.4894996970715279e-04 -3.3130959329953891e-05
     9     18  1.3281573923692870e-03  3.1499986326427950e-04
     9     19 -8.6886901151034517e-04 -3.7174140183413203e-04
     9     20  8.2788963837908961e-05 -1.9577699169763112e-04
     9     21 -4.4279370148870796e-02 -1.8776569885660357e-02
     9     22  7.4941156584358408e-04 -1.7884415098192541e-03
     9     23  7.1078977141573746e-06  1.7539990878717907e-04
     9     24 -1.2578244479860605e-04  1.7935378793374081e-04
     9     25 -1.1637752138775102e-03  1.6595429243217003e-03
     9     26  9.3505870651751019e-05  5.1373169581803465e-05
     9     27 -1.8837457054031017e-04  2.5380121001789907e-04
     9     28 -1.7800739612416573e-03  2.3567468725474829e-03
    10      1  4.1477553381811406e-05  1.9460346356429811e-05
    10      2  3.2113943706076597e-05  2.1451900230647011e-05
    10      3  1.6616369774570346e-04  1.1098223801857139e-04
    10      4 -2.0394699689184489e-07 -2.2588160301180351e-06
    10      5  1.4521677144509052e-04  8.0856589212931487e-06
    10      6  4.5433801356805758e-04  2.5295456398676675e-05
    10      7 -1.4207389552295671e-03  9.5001092816906607e-04
    10      8 -1.9401354050574482e-05 -2.9280151530361884e-05
    10      9 -4.0887008683825702e-05 -6.1717814998532358e-05
    10     10  3.2410728655221011e+00 -8.3823417372882644e-11
    10     11 -2.1667255810383942e-06 -1.5297378789505878e-05
    10     12 -5.8651742887633326e-06 -3.7629713334838980e-05
    10     13  9.7448849381483963e-05  4.1784638666225061e-05
    10     14 -3.2664298186069286e-05  8.2375503362307300e-06
    10     15 -4.5953343604610265e-05  1.1586149119059215e-05
    10     16  4.9655847104780695e-05 -1.0451485525894529e-05
    10     17 -5.9555888410634816e-06 -1.5318844044334325e-05
    10     18  1.1085571126983121e-04  3.0086540808276407e-04
    10     19  5.2151377015659693e-06  2.5349722725977342e-05
    10     20 -2.7938277415168173e-04  5.2171418604942666e-05
    10     21 -1.0696247573274010e-04 -5.6670901759890810e-04
    10     22 -5.3894028128452010e-04  1.0350562998411500e-04
    10     23 -5.9024393070118404e-04  4.2641933156720721e-04
    10     24  3.9118426008546191e-03  1.0362193336086546e-04
    10     25  1.6735706053227417e-03  4.4332528942316625e-05
    10     26 -5.6791160586097824e-06 -6.2914194137604255e-05
    10     27  4.4344028398365849e-06  2.2467560791569140e-07
    10     28  3.1589319923113729e-05  1.5997791538483971e-06
    11      1 -5.6496599277439959e-06  8.6360231832931318e-06
    11      2  5.9562664027795811e-06 -6.6616651765823538e-06
    11      3  6.8745865989636019e-05 -7.6899382503571104e-05
    11      4  1.1560831070378048e-04  5.8358587151889846e-06
    11      5  1.7936034571147831e-06 -9.0212106485948100e-06
    11      6  3.4916645669261540e-07 -1.7689147449243241e-06
    11      7 -9.7218762198111267e-06 -2.0189775525047609e-05
    11      8  1.4989127878219997e-03 -7.1401401518837303e-04
    11      9  9.6346227647276341e-04 -4.5888303830434097e-04
    11     10 -2.1667255810383942e-06  1.5297378789505878e-05
    11     11  1.9285829757915780e+00 -7.4430091728298682e-11
    11     12  8.6127221455950004e-02 -1.2090397064767968e-03
    11     13  1.3606624569279065e-05 -2.2408487288465386e-05
    11     14  1.9665722554757003e-06  1.8413179421237333e-05
    11     15  1.3077904668187779e-04  1.2245297077417576e-03
    11     16 -3.3059104784646358e-06 -4.0887733362955565e-05
    11     17  8.9422841742829703e-06 -1.9337207723064249e-06
    11     18 -1.7175680385175926e-04  3.5375886089067354e-05
    11     19  2.5273180547547719e-04 -1.0065232969458176e-05
    11     20  1.9190763799298481e-06  4.2086052608833492e-05
    11     21  4.0255954685456801e-04 -1.8308872951209967e-05
    11     22  1.0777853233535229e-05  2.4633286169250347e-04
    11     23  1.8414097671971240e-03  3.4943334348051833e-03
    11     24  3.0285148624820498e-05 -1.7955321683110469e-04
    11     25  2.6828206107704428e-05 -1.5906418645045912e-04
    11     26 -2.4995959211848633e-05 -1.2662217134489412e-06
    11     27  1.9028842085505679e-06 -9.8282953699016768e-06
    11     28  3.4948871750846265e-05 -1.8051952833949056e-04
    12      1 -1.8876255305890106e-04  2.7988416277194598e-04
    12      2 -1.0849991406490400e-04  1.1797424744980409e-04
    12      3 -9.7847787054447435e-04  1.0641295333311093e-03
    12      4  9.3200158133725124e-05  6.0151557523062304e-06
    12      5 -9.7136623592695134e-06  4.5497457690433345e-05
    12      6 -4.9253889611950916e-05  2.3102825997639768e-04
    12      7 -1.5720405013422145e-05 -3.3863751864238387e-05
    12      8 -8.5454823719014839e-04  3.9244489623520284e-04
    12      9 -2.4254723009152396e-02  1.1137196079042195e-02
    12     10 -5.8651742887633326e-06  3.7629713334838980e-05
    12     11  8.6127221455950004e-02  1.2090397064767968e-03
    12     12  2.2494129544306691e+00 -8.1561707510445179e-13
    12     13  6.5223855600550495e-07 -1.0349302071747959e-06
    12     14 -1.0399782847007202e-04 -1.1227605825551072e-03
    12     15 -3.9412957662673864e-03 -4.2551780408099822e-02
    12     16  5.5492073193437602e-05  8.3971384036171898e-04
    12     17 -2.2536986813812731e-04  4.6891090022623350e-05
    12     18  2.0816643615585483e-03 -3.7182125324334344e-04
    12     19  6.9464973412461148e-05 -1.0544797934102980e-06
    12     20 -8.8771342142087554e-06 -3.1838351115566461e-04
    12     21 -1.3312670789350846e-02  4.0230541554009012e-04
    12     22 -6.6951461948446783e-05 -2.9042557818990526e-03
    12     23 -3.6678947421766878e-04 -7.2037722552688148e-04
    12     24 -3.8134829619612840e-05  2.0822016093239741e-04
    12     25 -3.4250570175675752e-04  1.8706084050270199e-03
    12     26  5.3518366187319921e-04  3.4648480826557421e-05
    12     27 -5.0920376651465720e-05  2.4455742115107474e-04
    12     28 -4.6654417422794007e-04  2.2409796937835754e-03
    13      1  5.9632390333547264e-05  1.9051152805166096e-06
    13      2 -1.4726112021514644e-05 -2.7209449222435065e-06
    13      3 -2.4299993210050711e-04 -4.5265884019563282e-05
    13      4 -2.7351152277832182e-05 -5.0633431593064694e-05
    13      5 -4.5807739002267516e-06  1.6693832820656200e-06
    13      6 -5.1355303570937423e-05  1.8716540984026553e-05
    13      7 -9.1122304762985000e-04  1.4020119169178395e-03
    13      8 -2.6169164415733489e-05 -1.7165355118608990e-05
    13      9 -2.6387530643342343e-05 -1.7314712691497977e-05
    13     10  9.7448849381483963e-05 -4.1784638666225061e-05
    13     11  1.3606624569279065e-05  2.2408487288465386e-05
    13     12  6.5223855600550495e-07  1.0349302071747959e-06
    13     13  3.4974973365310111e+00 -8.3480679192945736e-11
    13     14  9.1689461220541549e-06 -7.0018666988263975e-06
    13     15 -5.1847336151245369e-06  3.9542488921269907e-06
    13     16 -5.6864668274883134e-06  4.1075218593919618e-06
    13     17  9.7632522941972877e-05  1.0042056286459985e-04
    13     18 -2.5092267849104475e-04 -2.6544631715364305e-04
    13     19  1.8289003451929173e-05  2.7556829929574657e-05
    13     20 -2.3624555967231210e-04  1.5822325541890099e-04
    13     21 -3.5074075660766182e-04 -5.2481537082514824e-04
    13     22 -3.8159484061562091e-04  2.5734758285920860e-04
    13     23  3.3628124080146701e-05 -5.6124983760048006e-05
    13     24 -1.6747836508824944e-05  6.6475907809848000e-06
    13     25 -3.3080144949790876e-04  1.3117836398878366e-04
    13     26  3.4591893154166370e-04  6.4064039795615148e-04
    13     27  3.7280430790706475e-03 -1.3797126310270491e-03
    13     28  1.4416767191402914e-03 -5.3354821355486304e-04
    14      1 -3.0693572776152766e-05 -2.5093572128029396e-05
    14      2 -2.9105451000176251e-06 -3.2740222060391471e-06
    14      3 -4.0912553404601594e-05 -4.2496085966863193e-05
    14      4 -4.5447739981687036e-06  2.8740140552284166e-05
    14      5 -8.1827427212906745e-06 -2.5551645420764600e-06
    14      6 -1.5125862755369535e-04 -4.7230741699496119e-05
    14      7 -2.4451738479267687e-05  8.7141563678626685e-06
    14      8 -5.3966602283588537e-04 -1.5346274847300202e-03
    14      9 -3.2172474422632028e-04 -9.1504579073293602e-04
    14     10 -3.2664298186069286e-05 -8.2375503362307300e-06
    14     11  1.9665722554757003e-06 -1.8413179421237333e-05
    14     12 -1.0399782847007202e-04  1.1227605825551072e-03
    14     13  9.1689461220541549e-06  7.0018666988263975e-06
    14     14  2.3054271968596081e+00 -7.3765684921472531e-11
    14     15 -8.0913034073408191e-02 -3.1123850411361210e-07
    14     16  1.1340206780597824e-04  3.0181471151366051e-06
    14     17 -9.0862227328557957e-07 -7.5859703365436061e-06
    14     18 -2.3071715766204278e-06 -2.1834545586493221e-05
    14     19  1.6539777059292995e-05 -2.4954454050901871e-04
    14     20  2.8785204972476099e-05  1.7862261024834542e-06
    14     21  2.2637343764636271e-05 -3.5901322032334088e-04
    14     22  1.6073765250728219e-04  9.4572445237165176e-06
    14     23 -4.2977795305981545e-05  1.7081184307510468e-05
    14     24 -1.0067672925224548e-05 -2.8419422600813620e-06
    14     25 -2.2141849901982839e-04 -6.3052173534447248e-05
    14     26  6.0682846025156550e-04 -3.8329925770864267e-03
    14     27 -1.7376039048128445e-04 -5.3299164111163365e-05
    14     28 -1.4794273085911683e-04 -4.5382729047589023e-05
    15      1 -5.3210270479648019e-04 -4.3543126639066475e-04
    15      2 -8.7299431629450666e-05 -9.3984597729454528e-05
    15      3 -7.9594132422707519e-04 -7.7220518339053495e-04
    15      4 -7.9976858529789152e-05  5.0577395346941285e-04
    15      5 -2.1773777457729818e-04 -6.7988567113978540e-05
    15      6 -2.0020161384399233e-03 -6.2504434263340695e-04
    15      7  2.6219932302851000e-05 -9.3406268443300764e-06
    15      8 -3.0537435057503181e-04 -8.6837582556109931e-04
    15      9 -8.4627199783783615e-03 -2.4069230798386101e-02
    15     10 -4.5953343604610265e-05 -1.1586149119059215e-05
    15     11  1.3077904668187779e-04 -1.2245297077417576e-03
    15     12 -3.9412957662673864e-03  4.2551780408099822e-02
    15     13 -5.1847336151245369e-06 -3.9542488921269907e-06
    15     14 -8.0913034073408191e-02  3.1123850411361210e-07
    15     15  2.6668945200232526e+00 -7.4874592707955598e-13
    15     16 -7.7289105085857901e-05 -2.0571071220787194e-06
    15     17 -6.3789266806876809e-06 -5.3235438398842498e-05
    15     18  1.8237178292000557e-05  1.7218123484691084e-04
    15     19 -4.5895803749753748e-06  6.9251901254775201e-05
    15     20  2.3145939438072387e-04  1.4362414889494051e-05
    15     21  8.1306927668472692e-04 -1.2895916494988847e-02
    15     22  2.0521787451464875e-03  1.2064716892517348e-04
    15     23 -8.4355856867007403e-04  3.3521062831891969e-04
    15     24 -2.8268366074503523e-04 -8.0172696696996756e-05
    15     25 -2.6862731268603350e-03 -7.8788841701557630e-04
    15     26  1.3834443962812526e-04 -8.7386599029840289e-04
    15     27 -2.1395295364867915e-04 -6.5629469494575031e-05
    15     28 -1.8667187647458605e-03 -5.7250730749661659e-04
    16      1 -1.3941807944164828e-03 -1.0800497366865523e-03
    16      2 -6.3691057391350216e-06 -6.6817339617341418e-06
    16      3  2.6778871103249954e-06  2.8103357807517779e-06
    16      4  9.1584625686145235e-06 -6.9928393305578696e-05
    16      5 -8.5083644003563444e-06 -2.4102277511180055e-06
    16      6  5.5735032412214740e-06  1.5802110432249983e-06
    16      7  2.8897640910130412e-05 -1.1174089030756492e-05
    16      8  5.1872786279676462e-06  1.3584956814379962e-05
    16      9 -1.1673476773886326e-04 -3.0576095661053094e-04
    16     10  4.9655847104780695e-05  1.0451485525894529e-05
    16     11 -3.3059104784646358e-06  4.0887733362955565e-05
    16     12  5.5492073193437602e-05 -8.3971384036171898e-04
    16     13 -5.6864668274883134e-06 -4.1075218593919618e-06
    16     14  1.1340206780597824e-04 -3.0181471151366051e-06
    16     15 -7.7289105085857901e-05  2.0571071220787194e-06
    16     16  3.6299060267823178e+00 -8.4153079565317114e-11
    16     17 -1.0564141242432612e-06 -7.1857140203970121e-06
    16     18 -1.7927593069727532e-06 -1.3529854130018963e-05
    16     19 -1.8936580335476899e-05  4.8046525777755518e-04
    16     20  1.7038450781185419e-05 -1.5219823180661962e-07
    16     21  2.8193033591547579e-05 -7.9723143566632140e-04
    16     22  6.0617586500725897e-06 -2.0354354916734036e-06
    16     23  7.2375898623550664e-05 -3.1044507781878803e-05
    16     24 -7.9441809567458532e-06 -2.0023338527594585e-06
    16     25  2.9797965649292143e-05  7.5114028963207800e-06
    16     26 -1.0632443068727506e-03  8.1071092285313773e-03
    16     27  3.7016036854893370e-05  1.0285519826208351e-05
    16     28  4.4221206019973361e-05  1.2288506562703652e-05
    17      1 -3.9935765549057006e-06  3.8403246830495745e-06
    17      2 -1.3687341729906224e-03  9.6813993172138670e-04
    17      3 -1.5540936358866093e-03  1.0993821943726166e-03
    17      4  5.8933120398345732e-06  1.6696365072593052e-06
    17      5 -4.6393334677383308e-06  1.0336643470670077e-05
    17      6  1.4653189746239876e-04 -3.2648762166048110e-04
    17      7 -8.4153986852766479e-06 -3.7085291025073027e-05
    17      8 -7.7642573065879004e-06  1.7275629595319938e-06
    17      9 -1.4894996970715279e-04  3.3130959329953891e-05
    17     10 -5.9555888410634816e-06  1.5318844044334325e-05
    17     11  8.9422841742829703e-06  1.9337207723064249e-06
    17     12 -2.2536986813812731e-04 -4.6891090022623350e-05
    17     13  9.7632522941972877e-05 -1.0042056286459985e-04
    17     14 -9.0862227328557957e-07  7.5859703365436061e-06
    17     15 -6.3789266806876809e-06  5.3235438398842498e-05
    17     16 -1.0564141242432612e-06  7.1857140203970121e-06
    17     17  1.8711101519613007e+00 -7.5825568045171750e-11
    17     18  8.6991579024666893e-02  1.2211730301960862e-03
    17     19 -2.9671344908798321e-06  2.3821001473011724e-07
    17     20  8.9934597745621971e-05 -4.9109578033922291e-04
    17     21  2.8281101887058874e-04  5.4443997292932637e-05
    17     22  1.5012444330292780e-04 -8.2996301007196439e-04
    17     23  1.5179993762950525e-06  5.7208179003532759e-06
    17     24  8.7438029315369744e-07 -2.1108541216836063e-06
    17     25  2.2260219648877438e-04 -5.3735950172779511e-04
    17     26  4.5633735407265671e-05  1.2936341008871983e-05
    17     27 -3.1422857058548874e-03  7.0961558088873077e-03
    17     28 -1.3724053077820190e-03  3.0992756951335834e-03
    18      1 -2.8256300095505044e-05  2.7950007145577527e-05
    18      2  1.3576432057972739e-03 -9.8917736700805973e-04
    18      3  4.2855831651977531e-02 -3.1228404661727330e-02
    18      4  3.0617199718053349e-05  8.2087385347114087e-06
    18      5 -1.2834370428974225e-04  2.9705327237529753e-04
    18      6 -5.8428284316614102e-03  1.3523337137951371e-02
    18      7  4.3712599222790268e-05  1.8083681788471287e-04
    18      8  8.4099909643611299e-05 -1.9954744598502084e-05
    18      9  1.3281573923692870e-03 -3.1499986326427950e-04
    18     10  1.1085571126983121e-04 -3.0086540808276407e-04
    18     11 -1.7175680385175926e-04 -3.5375886089067354e-05
    18     12  2.0816643615585483e-03  3.7182125324334344e-04
    18     13 -2.5092267849104475e-04  2.6544631715364305e-04
    18     14 -2.3071715766204278e-06  2.1834545586493221e-05
    18     15  1.8237178292000557e-05 -1.7218123484691084e-04
    18     16 -1.7927593069727532e-06  1.3529854130018963e-05
    18     17  8.6991579024666893e-02 -1.2211730301960862e-03
    18     18  2.1645624523701361e+00  1.3487814281459812e-12
    18     19  6.5781257527859415e-05  9.4319043812609895e-06
    18     20 -1.2214526738731150e-04  7.2015450935989473e-04
    18     21 -1.2797974978629668e-03 -2.9092756726840230e-04
    18     22 -3.3934850585261023e-03  2.0453967536822885e-02
    18     23  7.3481051681701394e-06  2.6209236806112862e-05
    18     24 -1.7796775539123791e-04  4.4726710542839404e-04
    18     25 -8.3169711297842140e-03  2.0902073500670623e-02
    18     26  9.3633312134617442e-06  2.5139982429541726e-06
    18     27  1.1286224656135546e-03 -2.6485539046757337e-03
    18     28  3.7448397785403077e-02 -8.7880634910247959e-02
    19      1  4.7714107835008400e-03 -6.6900320593248049e-03
    19      2  3.3721602612400550e-05 -3.4792151361291903e-05
    19      3 -2.1554659365883402e-06  2.2239422166657669e-06
    19      4 -4.8185757256078587e-04 -4.3802281874702119e-05
    19      5  2.5682973480168790e-06 -1.0657579682723875e-05
    19      6 -3.9109445004059390e-06  1.6229523414981696e-05
    19      7 -3.3571253409835913e-04 -7.7551818860660559e-04
    19      8 -3.7516591657981873e-03  1.6053843375946116e-03
    19      9 -8.6886901151034517e-04  3.7174140183413203e-04
    19     10  5.2151377015659693e-06 -2.5349722725977342e-05
    19     11  2.5273180547547719e-04  1.0065232969458176e-05
    19     12  6.9464973412461148e-05  1.0544797934102980e-06
    19     13  1.8289003451929173e-05 -2.7556829929574657e-05
    19     14  1.6539777059292995e-05  2.4954454050901871e-04
    19     15 -4.5895803749753748e-06 -6.9251901254775201e-05
    19     16 -1.8936580335476899e-05 -4.8046525777755518e-04
    19     17 -2.9671344908798321e-06 -2.3821001473011724e-07
    19     18  6.5781257527859415e-05 -9.4319043812609895e-06
    19     19  1.8601403421317171e+00 -8.4092140659803716e-11
    19     20 -1.5446932414410907e-07 -3.6936396443704423e-05
    19     21 -7.4779733154217182e-02  2.4038965781729752e-04
    19     22 -3.4011310585514131e-07 -4.5916376881332856e-05
    19     23 -7.2848382928539018e-04 -1.5284233947708600e-03
    19     24  1.0456126457944360e-06 -4.9698511875105513e-06
    19     25 -1.0645346784775904e-05  5.0603544413455035e-05
    19     26 -1.7241396411088762e-03 -1.5703710681528370e-04
    19     27  1.2347925549543847e-06 -5.2389247139626065e-06
    19     28 -1.1121104738128344e-05  4.7183242059150954e-05
    20      1 -3.2243690539678786e-05 -2.3201941508741210e-05
    20      2  5.5392248988586842e-03  5.4141170646798947e-03
    20      3  2.1197112519670538e-03  2.0715988774067605e-03
    20      4  2.9047422309330550e-07 -3.0534045772024801e-06
    20      5  4.8197456161350817e-04  1.1829345911931852e-04
    20      6  6.8353359263873090e-04  1.6776058517018036e-04
    20      7 -3.7775138751674282e-03  1.6164480353937187e-03
    20      8  6.5937590827908302e-05  1.5590827806558847e-04
    20      9  8.2788963837908961e-05  1.9577699169763112e-04
    20     10 -2.7938277415168173e-04 -5.2171418604942666e-05
    20     11  1.9190763799298481e-06 -4.2086052608833492e-05
    20     12 -8.8771342142087554e-06  3.1838351115566461e-04
    20     13 -2.3624555967231210e-04 -1.5822325541890099e-04
    20     14  2.8785204972476099e-05 -1.7862261024834542e-06
    20     15  2.3145939438072387e-04 -1.4362414889494051e-05
    20     16  1.7038450781185419e-05  1.5219823180661962e-07
    20     17  8.9934597745621971e-05  4.9109578033922291e-04
    20     18 -1.2214526738731150e-04 -7.2015450935989473e-04
    20     19 -1.5446932414410907e-07  3.6936396443704423e-05
    20     20 -1.6729384199350084e-01 -7.5175224069362728e-11
    20     21  3.6749974223846587e-07 -3.7546491552093288e-04
    20     22 -7.6450058523553924e-02  2.4575811205107729e-04
    20     23  5.3223906660950395e-06 -2.5093570982750982e-06
    20     24  1.6097968194336051e-03  3.4570601122129336e-04
    20     25  1.4799375526256856e-03  3.1781926810033593e-04
    20     26  5.3713075134597671e-07 -5.6356302926491187e-06
    20     27  1.6310884783105591e-03  3.9167450148001708e-04
    20     28  1.5321048756524172e-03  3.6790547035908070e-04
    21      1  9.2493148339218385e-04 -1.2880747589361767e-03
    21      2  2.8035905610438323e-04 -2.8740430047279687e-04
    21      3  1.3692618329728195e-03 -1.4038568396176022e-03
    21      4  7.8953872692319536e-04  7.4330706238361197e-05
    21      5  8.9880381040265069e-05 -3.6777677971790835e-04
    21      6  4.2721142264100210e-04 -1.7481737766471426e-03
    21      7  2.5825372930715222e-04  6.0187103112271370e-04
    21      8 -1.3000620638921601e-03  5.5137496746346024e-04
    21      9 -4.4279370148870796e-02  1.8776569885660357e-02
    21     10 -1.0696247573274010e-04  5.6670901759890810e-04
    21     11  4.0255954685456801e-04  1.8308872951209967e-05
    21     12 -1.3312670789350846e-02 -4.0230541554009012e-04
    21     13 -3.5074075660766182e-04  5.2481537082514824e-04
    21     14  2.2637343764636271e-05  3.5901322032334088e-04
    21     15  8.1306927668472692e-04  1.2895916494988847e-02
    21     16  2.8193033591547579e-05  7.9723143566632140e-04
    21     17  2.8281101887058874e-04 -5.4443997292932637e-05
    21     18 -1.2797974978629668e-03  2.9092756726840230e-04
    21     19 -7.4779733154217182e-02 -2.4038965781729752e-04
    21     20  3.6749974223846587e-07  3.7546491552093288e-04
    21     21  2.3271151912662296e+00  3.9575079034652325e-11
    21     22  6.7923481124557963e-06  1.6129129049341745e-03
    21     23 -7.3533945646605620e-05 -1.5556368660146411e-04
    21     24  7.5376558282318369e-05 -3.5268800733565729e-04
    21     25  3.0701546246575325e-04 -1.4365888487951285e-03
    21     26 -1.7737491808295246e-04 -1.6733250605964044e-05
    21     27  8.6233933977454823e-05 -3.6067906018280653e-04
    21     28  3.6477254029419000e-04 -1.5257547759490893e-03
    22      1 -5.8974605256199972e-05 -4.2722173295203940e-05
    22      2  2.1958360243121344e-03  2.1600855264967802e-03
    22      3  6.9875891323962908e-02  6.8730423648381514e-02
    22      4 -5.1337635588599494e-06  5.2205123731224145e-05
    22      5  7.3694825190802761e-04  1.8338784378331573e-04
    22      6  1.9255268238829292e-02  4.7915209570046852e-03
    22      7 -1.4417716264217596e-03  6.1147669552160701e-04
    22      8  5.7366874761419285e-05  1.3686553972684309e-04
    22      9  7.4941156584358408e-04  1.7884415098192541e-03
    22     10 -5.3894028128452010e-04 -1.0350562998411500e-04
    22     11  1.0777853233535229e-05 -2.4633286169250347e-04
    22     12 -6.6951461948446783e-05  2.9042557818990526e-03
    22     13 -3.8159484061562091e-04 -2.5734758285920860e-04
    22     14  1.6073765250728219e-04 -9.4572445237165176e-06
    22     15  2.0521787451464875e-03 -1.2064716892517348e-04
    22     16  6.0617586500725897e-06  2.0354354916734036e-06
    22     17  1.5012444330292780e-04  8.2996301007196439e-04
    22     18 -3.3934850585261023e-03 -2.0453967536822885e-02
    22     19 -3.4011310585514131e-07  4.5916376881332856e-05
    22     20 -7.6450058523553924e-02 -2.4575811205107729e-04
    22     21  6.7923481124557963e-06 -1.6129129049341745e-03
    22     22  2.4529672287897775e-01 -3.0385137529759524e-13
    22     23 -3.5999963870491904e-05  1.6830282899785303e-05
    22     24  1.4930462260655893e-03  3.2565852256128932e-04
    22     25  4.5851521709928351e-02  1.0000993647958327e-02
    22     26 -4.2119618733928917e-06  4.2721456797838711e-05
    22     27  1.5449300142107126e-03  3.7624089414925444e-04
    22     28  4.8030244378979042e-02  1.1696952604794536e-02
    23      1 -2.2313757277410184e-04 -4.0244890425268913e-04
    23      2 -7.3128667734204836e-07  4.1746828242982216e-07
    23      3  1.5408588809816336e-05  4.9587668069474956e-05
    23      4 -4.0220310280828109e-03  6.7798852538149814e-03
    23      5 -3.7144639452189755e-05 -3.0113464652369845e-05
    23      6  1.3576668484442617e-08  9.1873628996726545e-09
    23      7 -3.5169178269393078e-05 -1.2753125710245879e-06
    23      8 -1.0287774553981806e-05  2.5427198781741292e-04
    23      9  7.1078977141573746e-06 -1.7539990878717907e-04
    23     10 -5.9024393070118404e-04 -4.2641933156720721e-04
    23     11  1.8414097671971240e-03 -3.4943334348051833e-03
    23     12 -3.6678947421766878e-04  7.2037722552688148e-04
    23     13  3.3628124080146701e-05  5.6124983760048006e-05
    23     14 -4.2977795305981545e-05 -1.7081184307510468e-05
    23     15 -8.4355856867007403e-04 -3.3521062831891969e-04
    23     16  7.2375898623550664e-05  3.1044507781878803e-05
    23     17  1.5179993762950525e-06 -5.7208179003532759e-06
    23     18  7.3481051681701394e-06 -2.6209236806112862e-05
    23     19 -7.2848382928539018e-04  1.5284233947708600e-03
    23     20  5.3223906660950395e-06  2.5093570982750982e-06
    23     21 -7.3533945646605620e-05  1.5556368660146411e-04
    23     22 -3.5999963870491904e-05 -1.6830282899785303e-05
    23     23  2.7114061415754032e+00 -8.3496469000853282e-11
    23     24  2.7599723096441019e-05  2.1074406292996058e-05
    23     25  3.7853301332317529e-05  2.8900434554678396e-05
    23     26  3.3613494098499330e-05 -5.6639297302083523e-05
    23     27 -5.4233271488742770e-06 -4.3519932676673487e-06
    23     28  3.3540753248376082e-05  2.6913100338417172e-05
    24      1 -1.2870092501229299e-05 -6.4686078834506894e-06
    24      2 -4.0098540470687914e-04 -2.5285818723901093e-04
    24      3 -5.7899009332313615e-04 -3.6433763170964451e-04
    24      4 -4.4074082244766226e-06 -3.7609719879357505e-05
    24      5 -7.3825199574201732e-03 -2.1518135630275152e-04
    24      6 -2.7583617987846248e-03 -8.0387881016549998e-05
    24      7  2.2569145928284052e-04 -1.5972149149627303e-04
    24      8 -1.6299032365543325e-05 -2.3237963530187424e-05
    24      9 -1.2578244479860605e-04 -1.7935378793374081e-04
    24     10  3.9118426008546191e-03 -1.0362193336086546e-04
    24     11  3.0285148624820498e-05  1.7955321683110469e-04
    24     12 -3.8134829619612840e-05 -2.0822016093239741e-04
    24     13 -1.6747836508824944e-05 -6.6475907809848000e-06
    24     14 -1.0067672925224548e-05  2.8419422600813620e-06
    24     15 -2.8268366074503523e-04  8.0172696696996756e-05
    24     16 -7.9441809567458532e-06  2.0023338527594585e-06
    24     17  8.7438029315369744e-07  2.1108541216836063e-06
    24     18 -1.7796775539123791e-04 -4.4726710542839404e-04
    24     19  1.0456126457944360e-06  4.9698511875105513e-06
    24     20  1.6097968194336051e-03 -3.4570601122129336e-04
    24     21  7.5376558282318369e-05  3.5268800733565729e-04
    24     22  1.4930462260655893e-03 -3.2565852256128932e-04
    24     23  2.7599723096441019e-05 -2.1074406292996058e-05
    24     24  1.5193443910621371e+00 -7.3774369328382408e-11
    24     25 -7.6916175408986917e-02 -1.5792973913030475e-08
    24     26  7.7371701293834806e-07  6.6108182431832036e-06
    24     27 -9.7242256993841008e-06 -2.3466087976900943e-07
    24     28  4.2416568327882729e-04  1.0237217343624084e-05
    25      1  2.3565194538866555e-05  7.6109228961590883e-06
    25      2 -5.9189446434133809e-04 -3.7247448574088764e-04
    25      3 -1.5691913740456840e-02 -9.8806673808712071e-03
    25      4 -8.1326966814975592e-06 -6.9362514768130985e-05
    25      5 -2.9876712480462965e-03 -8.7083437718518406e-05
    25      6 -9.0213024315433377e-02 -2.6291080434479733e-03
    25      7  3.9629456622709022e-04 -2.8045654183172342e-04
    25      8 -9.4322526350321749e-05 -1.3447801183087398e-04
    25      9 -1.1637752138775102e-03 -1.6595429243217003e-03
    25     10  1.6735706053227417e-03 -4.4332528942316625e-05
    25     11  2.6828206107704428e-05  1.5906418645045912e-04
    25     12 -3.4250570175675752e-04 -1.8706084050270199e-03
    25     13 -3.3080144949790876e-04 -1.3117836398878366e-04
    25     14 -2.2141849901982839e-04  6.3052173534447248e-05
    25     15 -2.6862731268603350e-03  7.8788841701557630e-04
    25     16  2.9797965649292143e-05 -7.5114028963207800e-06
    25     17  2.2260219648877438e-04  5.3735950172779511e-04
    25     18 -8.3169711297842140e-03 -2.0902073500670623e-02
    25     19 -1.0645346784775904e-05 -5.0603544413455035e-05
    25     20  1.4799375526256856e-03 -3.1781926810033593e-04
    25     21  3.0701546246575325e-04  1.4365888487951285e-03
    25     22  4.5851521709928351e-02 -1.0000993647958327e-02
    25     23  3.7853301332317529e-05 -2.8900434554678396e-05
    25     24 -7.6916175408986917e-02  1.5792973913030475e-08
    25     25  1.9545178541311241e+00 -8.6681575778536325e-13
    25     26 -5.7064854572675536e-06 -4.8769072202997745e-05
    25     27  4.2501323988731673e-04  1.0258525200574839e-05
    25     28  2.0944846268274087e-02  5.0548536873028021e-04
    26      1  2.4188751606203646e-04 -4.1406217881515196e-04
    26      2  7.1671490966396790e-06 -8.8821089487835994e-06
    26      3 -7.4761339941114727e-06  9.2677642727074830e-06
    26      4  1.2078266061401394e-04 -2.9022118998225352e-08
    26      5  9.3297839342129955e-07 -6.3375141355720149e-06
    26      6 -6.5577262605754698e-06  4.1150523630348626e-05
    26      7 -1.2969480802675958e-05 -2.4969404293165397e-05
    26      8 -2.2155836246707064e-04  1.1979612917263563e-04
    26      9  9.3505870651751019e-05 -5.1373169581803465e-05
    26     10 -5.6791160586097824e-06  6.2914194137604255e-05
    26     11 -2.4995959211848633e-05  1.2662217134489412e-06
    26     12  5.3518366187319921e-04 -3.4648480826557421e-05
    26     13  3.4591893154166370e-04 -6.4064039795615148e-04
    26     14  6.0682846025156550e-04  3.8329925770864267e-03
    26     15  1.3834443962812526e-04  8.7386599029840289e-04
    26     16 -1.0632443068727506e-03 -8.1071092285313773e-03
    26     17  4.5633735407265671e-05 -1.2936341008871983e-05
    26     18  9.3633312134617442e-06 -2.5139982429541726e-06
    26     19 -1.7241396411088762e-03  1.5703710681528370e-04
    26     20  5.3713075134597671e-07  5.6356302926491187e-06
    26     21 -1.7737491808295246e-04  1.6733250605964044e-05
    26     22 -4.2119618733928917e-06 -4.2721456797838711e-05
    26     23  3.3613494098499330e-05  5.6639297302083523e-05
    26     24  7.7371701293834806e-07 -6.6108182431832036e-06
    26     25 -5.7064854572675536e-06  4.8769072202997745e-05
    26     26  2.4540287722931540e+00 -8.3858549730581263e-11
    26     27 -5.3774843774047320e-06  3.7977570831794077e-05
    26     28 -6.5648234069675274e-06  4.6381033219724960e-05
    27      1 -2.0333483095517698e-06 -8.3128412258910272e-07
    27      2 -4.2264899109493542e-04 -2.5237729727058730e-04
    27      3 -6.0105390556888598e-04 -3.5886306363924373e-04
    27      4  1.1568943666773538e-06  8.0963223857205668e-06
    27      5  3.4217486490116496e-05  1.9735026683210472e-07
    27      6  1.0242145945950733e-03  5.7750639877247924e-06
    27      7  2.2306878858684764e-04 -1.6621844539445213e-04
    27      8 -2.4411772404316865e-05 -3.3159257357636808e-05
    27      9 -1.8837457054031017e-04 -2.5380121001789907e-04
    27     10  4.4344028398365849e-06 -2.2467560791569140e-07
    27     11  1.9028842085505679e-06  9.8282953699016768e-06
    27     12 -5.0920376651465720e-05 -2.4455742115107474e-04
    27     13  3.7280430790706475e-03  1.3797126310270491e-03
    27     14 -1.7376039048128445e-04  5.3299164111163365e-05
    27     15 -2.1395295364867915e-04  6.5629469494575031e-05
    27     16  3.7016036854893370e-05 -1.0285519826208351e-05
    27     17 -3.1422857058548874e-03 -7.0961558088873077e-03
    27     18  1.1286224656135546e-03  2.6485539046757337e-03
    27     19  1.2347925549543847e-06  5.2389247139626065e-06
    27     20  1.6310884783105591e-03 -3.9167450148001708e-04
    27     21  8.6233933977454823e-05  3.6067906018280653e-04
    27     22  1.5449300142107126e-03 -3.7624089414925444e-04
    27     23 -5.4233271488742770e-06  4.3519932676673487e-06
    27     24 -9.7242256993841008e-06  2.3466087976900943e-07
    27     25  4.2501323988731673e-04 -1.0258525200574839e-05
    27     26 -5.3774843774047320e-06 -3.7977570831794077e-05
    27     27  1.1415583273253946e+00 -7.4450667853031224e-11
    27     28 -7.6923242138173614e-02  1.4937933277875094e-08
    28      1  6.0088782151270147e-05  2.4562152458408091e-05
    28      2 -6.1545634847792470e-04 -3.6750730264329578e-04
    28      3 -1.6569443939365928e-02 -9.8928687284377710e-03
    28      4 -4.3123271393404027e-06 -2.8001662411371159e-05
    28      5  1.1167424472221291e-03  6.2477891660769585e-06
    28      6  4.2443816366182802e-02  2.2127450107154876e-04
    28      7  3.9694475411605458e-04 -2.9456132159552846e-04
    28      8 -1.4959006489706844e-04 -2.0115861413158505e-04
    28      9 -1.7800739612416573e-03 -2.3567468725474829e-03
    28     10  3.1589319923113729e-05 -1.5997791538483971e-06
    28     11  3.4948871750846265e-05  1.8051952833949056e-04
    28     12 -4.6654417422794007e-04 -2.2409796937835754e-03
    28     13  1.4416767191402914e-03  5.3354821355486304e-04
    28     14 -1.4794273085911683e-04  4.5382729047589023e-05
    28     15 -1.8667187647458605e-03  5.7250730749661659e-04
    28     16  4.4221206019973361e-05 -1.2288506562703652e-05
    28     17 -1.3724053077820190e-03 -3.0992756951335834e-03
    28     18  3.7448397785403077e-02  8.7880634910247959e-02
    28     19 -1.1121104738128344e-05 -4.7183242059150954e-05
    28     20  1.5321048756524172e-03 -3.6790547035908070e-04
    28     21  3.6477254029419000e-04  1.5257547759490893e-03
    28     22  4.8030244378979042e-02 -1.1696952604794536e-02
    28     23  3.3540753248376082e-05 -2.6913100338417172e-05
    28     24  4.2416568327882729e-04 -1.0237217343624084e-05
    28     25  2.0944846268274087e-02 -5.0548536873028021e-04
    28     26 -6.5648234069675274e-06 -4.6381033219724960e-05
    28     27 -7.6923242138173614e-02 -1.4937933277875094e-08
    28     28  1.5760035196749502e+00 -1.0458290466567109e-12
